"Nom de la Station","KUGLUKTUK A"
"Province","NUNAVUT"
"Latitude","67,82"
"Longitude","-115,14"
"Altitude","22,60"
"Identification Climat","2300902"
"Identification OMM","71938"
"Identification TC","YCO"
"Toutes les heures sont exprimées en heure normale locale (HNL). Pour convertir l'heure locale en heure avancée de l'Est (HAE), ajoutez 1 heure s'il y a lieu."

"Légende"
"M","Données Manquantes"
"E","Valeur Estimée"
"ND","Non Disponible"
"**","Données fournies par un partenaire, non assujetties à un révision par les Archives climatiques nationales du Canada"

"Date/Heure","Année","Mois","Jour","Heure","Qualité des Données","Temp (°C)","Temp Indicateur","Point de rosée (°C)","Point de rosée Indicateur","Hum. rel (%)","Hum. rel. Indicateur","Dir. du vent (10s deg)","Dir. du vent Indicateur","Vit. du vent (km/h)","Vit. du vent Indicateur","Visibilité (km)","Visibilité Indicateur","Pression à la station (kPa)","Pression à la station Indicateur","Hmdx","Hmdx Indicateur","Refroid. éolien","Refroid. éolien Indicateur","Temps"
"2008-10-01 00:00","2008","10","01","00:00"," ","-1,00","","-2,40","","90,00","","10,00","","20,00","","24,10","","102,06","","","","-7,00","","Généralement dégagé"
"2008-10-01 01:00","2008","10","01","01:00"," ","-1,00","","-2,40","","90,00","","11,00","","15,00","","24,10","","102,03","","","","-6,00","","Nuageux"
"2008-10-01 02:00","2008","10","01","02:00"," ","-1,00","","-2,40","","90,00","","11,00","","19,00","","24,10","","101,96","","","","-6,00","","Nuageux"
"2008-10-01 03:00","2008","10","01","03:00"," ","-0,50","","-2,40","","87,00","","11,00","","20,00","","24,10","","101,91","","","","-6,00","","Généralement dégagé"
"2008-10-01 04:00","2008","10","01","04:00"," ","-0,30","","-1,30","","93,00","","10,00","","20,00","","24,10","","101,83","","","","-6,00","","Généralement nuageux"
"2008-10-01 05:00","2008","10","01","05:00"," ","-0,30","","-2,70","","84,00","","10,00","","22,00","","24,10","","101,79","","","","-6,00","","Généralement dégagé"
"2008-10-01 06:00","2008","10","01","06:00"," ","-0,30","","-2,40","","86,00","","9,00","","19,00","","24,10","","101,67","","","","-5,00","","Généralement nuageux"
"2008-10-01 07:00","2008","10","01","07:00"," ","-0,20","","-2,30","","86,00","","11,00","","19,00","","24,10","","101,56","","","","-5,00","","Généralement nuageux"
"2008-10-01 08:00","2008","10","01","08:00"," ","0,40","","-2,40","","81,00","","12,00","","24,00","","24,10","","101,40","","","","","","Nuageux"
"2008-10-01 09:00","2008","10","01","09:00"," ","0,70","","-1,70","","84,00","","10,00","","20,00","","24,10","","101,32","","","","","","Nuageux"
"2008-10-01 10:00","2008","10","01","10:00"," ","1,00","","-1,30","","85,00","","12,00","","24,00","","6,40","","101,22","","","","","","Neige"
"2008-10-01 11:00","2008","10","01","11:00"," ","1,10","","-0,60","","88,00","","13,00","","26,00","","12,90","","101,03","","","","","","Pluie,Neige"
"2008-10-01 12:00","2008","10","01","12:00"," ","1,40","","0,70","","95,00","","9,00","","11,00","","19,30","","100,92","","","","","","Pluie"
"2008-10-01 13:00","2008","10","01","13:00"," ","2,40","","1,20","","92,00","","14,00","","24,00","","19,30","","100,79","","","","","","Pluie"
"2008-10-01 14:00","2008","10","01","14:00"," ","2,40","","-0,50","","81,00","","13,00","","24,00","","24,10","","100,60","","","","","","Pluie"
"2008-10-01 15:00","2008","10","01","15:00"," ","3,10","","-0,50","","77,00","","11,00","","15,00","","19,30","","100,55","","","","","","Pluie"
"2008-10-01 16:00","2008","10","01","16:00"," ","2,40","","1,20","","92,00","","13,00","","11,00","","24,10","","100,47","","","","","","Pluie"
"2008-10-01 17:00","2008","10","01","17:00"," ","2,80","","0,90","","87,00","","14,00","","17,00","","19,30","","100,40","","","","","","Pluie"
"2008-10-01 18:00","2008","10","01","18:00"," ","3,10","","0,80","","85,00","","18,00","","15,00","","24,10","","100,31","","","","","","Pluie"
"2008-10-01 19:00","2008","10","01","19:00"," ","3,20","","0,60","","83,00","","20,00","","13,00","","24,10","","100,25","","","","","","Nuageux"
"2008-10-01 20:00","2008","10","01","20:00"," ","3,00","","0,90","","86,00","","20,00","","22,00","","24,10","","100,24","","","","","","Nuageux"
"2008-10-01 21:00","2008","10","01","21:00"," ","3,40","","1,30","","86,00","","24,00","","13,00","","24,10","","100,22","","","","","","Nuageux"
"2008-10-01 22:00","2008","10","01","22:00"," ","3,70","","1,40","","85,00","","21,00","","19,00","","24,10","","100,22","","","","","","Nuageux"
"2008-10-01 23:00","2008","10","01","23:00"," ","3,80","","1,80","","87,00","","22,00","","19,00","","24,10","","100,27","","","","","","Nuageux"
"2008-10-02 00:00","2008","10","02","00:00"," ","3,90","","1,90","","87,00","","24,00","","20,00","","24,10","","100,33","","","","","","Nuageux"
"2008-10-02 01:00","2008","10","02","01:00"," ","3,00","","1,90","","92,00","","24,00","","20,00","","24,10","","100,39","","","","","","Nuageux"
"2008-10-02 02:00","2008","10","02","02:00"," ","2,90","","1,30","","89,00","","25,00","","19,00","","24,10","","100,46","","","","","","Nuageux"
"2008-10-02 03:00","2008","10","02","03:00"," ","2,50","","1,10","","90,00","","25,00","","19,00","","24,10","","100,57","","","","","","Nuageux"
"2008-10-02 04:00","2008","10","02","04:00"," ","2,30","","0,40","","87,00","","26,00","","20,00","","24,10","","100,63","","","","","","Généralement dégagé"
"2008-10-02 05:00","2008","10","02","05:00"," ","1,20","","-2,20","","78,00","","27,00","","19,00","","24,10","","100,71","","","","","","Généralement dégagé"
"2008-10-02 06:00","2008","10","02","06:00"," ","0,30","","-0,40","","95,00","","27,00","","20,00","","24,10","","100,82","","","","","","Généralement dégagé"
"2008-10-02 07:00","2008","10","02","07:00"," ","-0,40","","-1,20","","94,00","","27,00","","19,00","","24,10","","100,88","","","","-6,00","","Généralement dégagé"
"2008-10-02 08:00","2008","10","02","08:00"," ","-0,50","","-2,10","","89,00","","26,00","","24,00","","24,10","","100,99","","","","-6,00","","Généralement dégagé"
"2008-10-02 09:00","2008","10","02","09:00"," ","-0,40","","-2,00","","89,00","","24,00","","9,00","","24,10","","101,08","","","","-4,00","","Généralement nuageux"
"2008-10-02 10:00","2008","10","02","10:00"," ","-0,10","","-1,90","","88,00","","25,00","","13,00","","24,10","","101,10","","","","-4,00","","Généralement nuageux"
"2008-10-02 11:00","2008","10","02","11:00"," ","1,30","","-2,00","","79,00","","0,00","","0,00","","24,10","","101,15","","","","","","Généralement nuageux"
"2008-10-02 12:00","2008","10","02","12:00"," ","1,00","","-2,70","","76,00","","0,00","","0,00","","24,10","","101,16","","","","","","Généralement nuageux"
"2008-10-02 13:00","2008","10","02","13:00"," ","1,50","","-2,90","","72,00","","0,00","","0,00","","24,10","","101,19","","","","","","Généralement nuageux"
"2008-10-02 14:00","2008","10","02","14:00"," ","1,50","","-2,90","","72,00","","11,00","","9,00","","24,10","","101,21","","","","","","Généralement nuageux"
"2008-10-02 15:00","2008","10","02","15:00"," ","1,30","","-2,90","","74,00","","7,00","","9,00","","24,10","","101,17","","","","","","Généralement nuageux"
"2008-10-02 16:00","2008","10","02","16:00"," ","1,10","","-2,30","","78,00","","5,00","","13,00","","24,10","","101,13","","","","","","Généralement nuageux"
"2008-10-02 17:00","2008","10","02","17:00"," ","1,10","","-1,40","","83,00","","7,00","","9,00","","24,10","","101,17","","","","","","Nuageux"
"2008-10-02 18:00","2008","10","02","18:00"," ","1,20","","-0,50","","88,00","","9,00","","19,00","","24,10","","101,14","","","","","","Pluie"
"2008-10-02 19:00","2008","10","02","19:00"," ","1,30","","0,30","","93,00","","8,00","","19,00","","24,10","","101,15","","","","","","Pluie"
"2008-10-02 20:00","2008","10","02","20:00"," ","1,30","","0,60","","95,00","","8,00","","20,00","","24,10","","101,07","","","","","","Bruine"
"2008-10-02 21:00","2008","10","02","21:00"," ","1,40","","0,90","","96,00","","10,00","","22,00","","19,30","","101,01","","","","","","Bruine"
"2008-10-02 22:00","2008","10","02","22:00"," ","1,60","","1,10","","96,00","","9,00","","33,00","","19,30","","100,91","","","","","","Bruine"
"2008-10-02 23:00","2008","10","02","23:00"," ","1,80","","-0,10","","87,00","","9,00","","19,00","","19,30","","100,83","","","","","","Bruine"
"2008-10-03 00:00","2008","10","03","00:00"," ","2,00","","1,10","","94,00","","9,00","","24,00","","19,30","","100,76","","","","","","Bruine"
"2008-10-03 01:00","2008","10","03","01:00"," ","2,20","","1,30","","94,00","","7,00","","26,00","","19,30","","100,69","","","","","","Bruine"
"2008-10-03 02:00","2008","10","03","02:00"," ","2,50","","1,60","","94,00","","8,00","","22,00","","12,90","","100,61","","","","","","Pluie"
"2008-10-03 03:00","2008","10","03","03:00"," ","3,40","","2,00","","91,00","","11,00","","15,00","","19,30","","100,53","","","","","","Pluie"
"2008-10-03 04:00","2008","10","03","04:00"," ","4,40","","1,70","","83,00","","11,00","","20,00","","19,30","","100,49","","","","","","Pluie"
"2008-10-03 05:00","2008","10","03","05:00"," ","4,00","","2,20","","88,00","","11,00","","22,00","","16,10","","100,39","","","","","","Pluie"
"2008-10-03 06:00","2008","10","03","06:00"," ","5,00","","2,10","","81,00","","10,00","","22,00","","24,10","","100,29","","","","","","Pluie"
"2008-10-03 07:00","2008","10","03","07:00"," ","5,10","","2,20","","82,00","","12,00","","24,00","","24,10","","100,23","","","","","","Pluie"
"2008-10-03 08:00","2008","10","03","08:00"," ","5,40","","2,10","","79,00","","9,00","","20,00","","24,10","","100,16","","","","","","Nuageux"
"2008-10-03 09:00","2008","10","03","09:00"," ","5,30","","2,20","","80,00","","1,00","","7,00","","24,10","","100,05","","","","","","Généralement nuageux"
"2008-10-03 10:00","2008","10","03","10:00"," ","5,90","","1,90","","75,00","","0,00","","0,00","","24,10","","99,98","","","","","","Généralement nuageux"
"2008-10-03 11:00","2008","10","03","11:00"," ","6,10","","2,40","","77,00","","9,00","","22,00","","24,10","","99,85","","","","","","Généralement nuageux"
"2008-10-03 12:00","2008","10","03","12:00"," ","7,40","","1,70","","67,00","","10,00","","19,00","","24,10","","99,76","","","","","","Généralement nuageux"
"2008-10-03 13:00","2008","10","03","13:00"," ","8,30","","1,80","","64,00","","9,00","","19,00","","24,10","","99,65","","","","","","Nuageux"
"2008-10-03 14:00","2008","10","03","14:00"," ","8,90","","1,50","","60,00","","14,00","","19,00","","24,10","","99,53","","","","","","Nuageux"
"2008-10-03 15:00","2008","10","03","15:00"," ","9,30","","2,30","","62,00","","18,00","","19,00","","24,10","","99,49","","","","","","Nuageux"
"2008-10-03 16:00","2008","10","03","16:00"," ","9,40","","2,70","","63,00","","16,00","","11,00","","24,10","","99,44","","","","","","Nuageux"
"2008-10-03 17:00","2008","10","03","17:00"," ","8,50","","3,30","","70,00","","18,00","","19,00","","24,10","","99,32","","","","","","Nuageux"
"2008-10-03 18:00","2008","10","03","18:00"," ","8,50","","3,30","","70,00","","14,00","","19,00","","24,10","","99,23","","","","","","Nuageux"
"2008-10-03 19:00","2008","10","03","19:00"," ","8,00","","3,40","","73,00","","17,00","","28,00","","24,10","","99,23","","","","","","Généralement nuageux"
"2008-10-03 20:00","2008","10","03","20:00"," ","7,50","","3,50","","76,00","","12,00","","6,00","","24,10","","99,22","","","","","","Généralement nuageux"
"2008-10-03 21:00","2008","10","03","21:00"," ","8,20","","4,10","","75,00","","19,00","","19,00","","24,10","","99,21","","","","","","Généralement nuageux"
"2008-10-03 22:00","2008","10","03","22:00"," ","7,50","","4,40","","81,00","","19,00","","19,00","","24,10","","99,20","","","","","","Généralement nuageux"
"2008-10-03 23:00","2008","10","03","23:00"," ","7,60","","4,30","","80,00","","0,00","","0,00","","24,10","","99,16","","","","","","Généralement nuageux"
"2008-10-04 00:00","2008","10","04","00:00"," ","8,00","","4,50","","79,00","","20,00","","22,00","","24,10","","99,11","","","","","","Généralement nuageux"
"2008-10-04 01:00","2008","10","04","01:00"," ","8,30","","5,10","","80,00","","20,00","","9,00","","24,10","","99,10","","","","","","Orages,Pluie"
"2008-10-04 02:00","2008","10","04","02:00"," ","8,30","","6,10","","86,00","","21,00","","11,00","","9,70","","99,08","","","","","","Pluie,Brouillard"
"2008-10-04 03:00","2008","10","04","03:00"," ","9,00","","5,40","","78,00","","19,00","","28,00","","24,10","","99,14","","","","","","Pluie"
"2008-10-04 04:00","2008","10","04","04:00"," ","7,50","","5,10","","85,00","","21,00","","26,00","","24,10","","99,15","","","","","","Généralement nuageux"
"2008-10-04 05:00","2008","10","04","05:00"," ","7,50","","5,10","","85,00","","21,00","","24,00","","24,10","","99,18","","","","","","Généralement dégagé"
"2008-10-04 06:00","2008","10","04","06:00"," ","7,30","","5,30","","87,00","","20,00","","17,00","","24,10","","99,21","","","","","","Généralement dégagé"
"2008-10-04 07:00","2008","10","04","07:00"," ","7,70","","5,70","","87,00","","22,00","","24,00","","24,10","","99,26","","","","","","Généralement nuageux"
"2008-10-04 08:00","2008","10","04","08:00"," ","8,30","","6,50","","88,00","","22,00","","19,00","","24,10","","99,32","","","","","","Généralement nuageux"
"2008-10-04 09:00","2008","10","04","09:00"," ","8,80","","6,70","","87,00","","2,00","","6,00","","24,10","","99,40","","","","","","Nuageux"
"2008-10-04 10:00","2008","10","04","10:00"," ","8,00","","6,80","","92,00","","0,00","","0,00","","24,10","","99,49","","","","","","Nuageux"
"2008-10-04 11:00","2008","10","04","11:00"," ","8,30","","6,70","","90,00","","26,00","","9,00","","24,10","","99,61","","","","","","Nuageux"
"2008-10-04 12:00","2008","10","04","12:00"," ","8,30","","6,70","","90,00","","27,00","","13,00","","24,10","","99,71","","","","","","Nuageux"
"2008-10-04 13:00","2008","10","04","13:00"," ","6,50","","5,30","","92,00","","33,00","","11,00","","24,10","","99,79","","","","","","Nuageux"
"2008-10-04 14:00","2008","10","04","14:00"," ","6,00","","4,50","","90,00","","4,00","","11,00","","24,10","","99,90","","","","","","Bruine"
"2008-10-04 15:00","2008","10","04","15:00"," ","5,00","","4,80","","99,00","","3,00","","7,00","","6,40","","100,00","","","","","","Bruine,Brouillard"
"2008-10-04 16:00","2008","10","04","16:00"," ","5,90","","5,50","","97,00","","12,00","","6,00","","6,40","","100,10","","","","","","Bruine,Brouillard"
"2008-10-04 17:00","2008","10","04","17:00"," ","4,70","","4,50","","99,00","","0,00","","0,00","","3,20","","100,19","","","","","","Bruine,Brouillard"
"2008-10-04 18:00","2008","10","04","18:00"," ","3,90","","3,70","","99,00","","3,00","","9,00","","3,20","","100,28","","","","","","Bruine,Brouillard"
"2008-10-04 19:00","2008","10","04","19:00"," ","3,20","","3,20","","100,00","","2,00","","17,00","","4,80","","100,36","","","","","","Bruine,Brouillard"
"2008-10-04 20:00","2008","10","04","20:00"," ","2,80","","2,60","","99,00","","3,00","","13,00","","3,20","","100,43","","","","","","Bruine,Brouillard"
"2008-10-04 21:00","2008","10","04","21:00"," ","2,30","","1,80","","96,00","","3,00","","9,00","","3,20","","100,47","","","","","","Bruine,Brouillard"
"2008-10-04 22:00","2008","10","04","22:00"," ","2,20","","1,30","","94,00","","2,00","","11,00","","3,20","","100,56","","","","","","Bruine,Brouillard"
"2008-10-04 23:00","2008","10","04","23:00"," ","1,90","","1,40","","96,00","","3,00","","11,00","","3,20","","100,60","","","","","","Bruine,Brouillard"
"2008-10-05 00:00","2008","10","05","00:00"," ","1,70","","1,50","","99,00","","3,00","","13,00","","3,20","","100,68","","","","","","Bruine,Brouillard"
"2008-10-05 01:00","2008","10","05","01:00"," ","1,50","","1,30","","99,00","","4,00","","11,00","","3,20","","100,75","","","","","","Bruine,Brouillard"
"2008-10-05 02:00","2008","10","05","02:00"," ","1,20","","1,00","","99,00","","3,00","","19,00","","2,40","","100,77","","","","","","Bruine,Brouillard"
"2008-10-05 03:00","2008","10","05","03:00"," ","1,10","","0,60","","96,00","","4,00","","19,00","","4,80","","100,79","","","","","","Bruine,Brouillard"
"2008-10-05 04:00","2008","10","05","04:00"," ","0,90","","0,70","","99,00","","6,00","","13,00","","4,80","","100,80","","","","","","Bruine,Brouillard"
"2008-10-05 05:00","2008","10","05","05:00"," ","0,80","","0,60","","99,00","","5,00","","17,00","","6,40","","100,77","","","","","","Bruine,Brouillard"
"2008-10-05 06:00","2008","10","05","06:00"," ","0,70","","0,50","","99,00","","5,00","","17,00","","8,00","","100,75","","","","","","Bruine,Brouillard"
"2008-10-05 07:00","2008","10","05","07:00"," ","0,70","","0,50","","99,00","","5,00","","13,00","","6,40","","100,72","","","","","","Bruine,Brouillard"
"2008-10-05 08:00","2008","10","05","08:00"," ","0,70","","0,50","","99,00","","6,00","","17,00","","6,40","","100,69","","","","","","Bruine,Brouillard"
"2008-10-05 09:00","2008","10","05","09:00"," ","1,00","","1,00","","100,00","","5,00","","11,00","","4,80","","100,68","","","","","","Bruine,Brouillard"
"2008-10-05 10:00","2008","10","05","10:00"," ","1,10","","1,10","","100,00","","6,00","","13,00","","6,40","","100,63","","","","","","Bruine,Brouillard"
"2008-10-05 11:00","2008","10","05","11:00"," ","1,70","","1,70","","100,00","","6,00","","15,00","","4,80","","100,55","","","","","","Bruine,Brouillard"
"2008-10-05 12:00","2008","10","05","12:00"," ","2,00","","2,00","","100,00","","7,00","","28,00","","6,40","","100,46","","","","","","Brouillard"
"2008-10-05 13:00","2008","10","05","13:00"," ","2,50","","2,30","","99,00","","8,00","","19,00","","16,10","","100,37","","","","","","Nuageux"
"2008-10-05 14:00","2008","10","05","14:00"," ","3,40","","2,50","","94,00","","9,00","","22,00","","24,10","","100,28","","","","","","Nuageux"
"2008-10-05 15:00","2008","10","05","15:00"," ","3,00","","2,10","","94,00","","5,00","","19,00","","24,10","","100,17","","","","","","Nuageux"
"2008-10-05 16:00","2008","10","05","16:00"," ","2,80","","2,10","","95,00","","10,00","","30,00","","24,10","","100,05","","","","","","Nuageux"
"2008-10-05 17:00","2008","10","05","17:00"," ","2,80","","2,10","","95,00","","8,00","","35,00","","19,30","","99,91","","","","","","Nuageux"
"2008-10-05 18:00","2008","10","05","18:00"," ","2,70","","2,20","","97,00","","8,00","","28,00","","19,30","","99,83","","","","","","Nuageux"
"2008-10-05 19:00","2008","10","05","19:00"," ","2,80","","2,10","","95,00","","9,00","","26,00","","19,30","","99,69","","","","","","Nuageux"
"2008-10-05 20:00","2008","10","05","20:00"," ","2,80","","1,90","","94,00","","8,00","","28,00","","19,30","","99,58","","","","","","Pluie"
"2008-10-05 21:00","2008","10","05","21:00"," ","3,20","","2,80","","97,00","","9,00","","30,00","","24,10","","99,46","","","","","","Nuageux"
"2008-10-05 22:00","2008","10","05","22:00"," ","3,40","","2,70","","95,00","","9,00","","28,00","","24,10","","99,38","","","","","","Nuageux"
"2008-10-05 23:00","2008","10","05","23:00"," ","3,90","","3,00","","94,00","","9,00","","19,00","","24,10","","99,32","","","","","","Nuageux"
"2008-10-06 00:00","2008","10","06","00:00"," ","4,20","","3,30","","94,00","","8,00","","24,00","","24,10","","99,22","","","","","","Nuageux"
"2008-10-06 01:00","2008","10","06","01:00"," ","5,00","","4,20","","95,00","","9,00","","19,00","","9,70","","99,15","","","","","","Pluie,Brouillard"
"2008-10-06 02:00","2008","10","06","02:00"," ","4,70","","3,00","","89,00","","10,00","","20,00","","16,10","","99,07","","","","","","Pluie"
"2008-10-06 03:00","2008","10","06","03:00"," ","5,70","","4,90","","95,00","","9,00","","7,00","","24,10","","99,06","","","","","","Pluie"
"2008-10-06 04:00","2008","10","06","04:00"," ","7,30","","5,90","","91,00","","9,00","","7,00","","24,10","","99,00","","","","","","Nuageux"
"2008-10-06 05:00","2008","10","06","05:00"," ","8,10","","6,70","","91,00","","13,00","","9,00","","24,10","","98,96","","","","","","Nuageux"
"2008-10-06 06:00","2008","10","06","06:00"," ","8,60","","7,70","","94,00","","18,00","","15,00","","24,10","","98,92","","","","","","Nuageux"
"2008-10-06 07:00","2008","10","06","07:00"," ","9,00","","7,30","","89,00","","18,00","","9,00","","24,10","","98,93","","","","","","Pluie"
"2008-10-06 08:00","2008","10","06","08:00"," ","9,90","","8,60","","92,00","","23,00","","9,00","","24,10","","98,95","","","","","","Pluie"
"2008-10-06 09:00","2008","10","06","09:00"," ","9,70","","8,00","","89,00","","22,00","","9,00","","24,10","","98,94","","","","","","Nuageux"
"2008-10-06 10:00","2008","10","06","10:00"," ","9,50","","8,20","","92,00","","25,00","","11,00","","24,10","","98,94","","","","","","Nuageux"
"2008-10-06 11:00","2008","10","06","11:00"," ","8,30","","6,50","","88,00","","25,00","","24,00","","24,10","","98,94","","","","","","Nuageux"
"2008-10-06 12:00","2008","10","06","12:00"," ","7,60","","6,00","","90,00","","25,00","","20,00","","24,10","","98,93","","","","","","Bruine"
"2008-10-06 13:00","2008","10","06","13:00"," ","6,20","","4,10","","86,00","","25,00","","20,00","","24,10","","98,90","","","","","","Bruine"
"2008-10-06 14:00","2008","10","06","14:00"," ","5,50","","4,50","","93,00","","27,00","","20,00","","19,30","","98,88","","","","","","Pluie"
"2008-10-06 15:00","2008","10","06","15:00"," ","4,80","","3,70","","93,00","","27,00","","19,00","","9,70","","98,92","","","","","","Pluie,Brouillard"
"2008-10-06 16:00","2008","10","06","16:00"," ","3,70","","3,50","","99,00","","27,00","","19,00","","19,30","","98,91","","","","","","Pluie"
"2008-10-06 17:00","2008","10","06","17:00"," ","2,60","","2,10","","96,00","","26,00","","19,00","","19,30","","98,94","","","","","","Pluie"
"2008-10-06 18:00","2008","10","06","18:00"," ","1,00","","0,50","","96,00","","26,00","","19,00","","9,70","","98,98","","","","","","Pluie,Granules de glace ou grésil"
"2008-10-06 19:00","2008","10","06","19:00"," ","1,00","","0,50","","96,00","","26,00","","19,00","","9,70","","99,03","","","","","","Neige"
"2008-10-06 20:00","2008","10","06","20:00"," ","0,40","","0,40","","100,00","","26,00","","19,00","","3,20","","99,11","","","","","","Neige"
"2008-10-06 21:00","2008","10","06","21:00"," ","0,40","","0,20","","99,00","","26,00","","19,00","","3,20","","99,15","","","","","","Neige"
"2008-10-06 22:00","2008","10","06","22:00"," ","0,40","","-0,60","","93,00","","26,00","","19,00","","6,40","","99,20","","","","","","Neige"
"2008-10-06 23:00","2008","10","06","23:00"," ","0,00","","-0,70","","95,00","","26,00","","19,00","","9,70","","99,27","","","","-5,00","","Neige"
"2008-10-07 00:00","2008","10","07","00:00"," ","-0,50","","-1,80","","91,00","","26,00","","19,00","","9,70","","99,35","","","","-6,00","","Neige"
"2008-10-07 01:00","2008","10","07","01:00"," ","-0,60","","-2,20","","89,00","","27,00","","19,00","","9,70","","99,42","","","","-6,00","","Neige"
"2008-10-07 02:00","2008","10","07","02:00"," ","-1,00","","-2,40","","90,00","","26,00","","28,00","","9,70","","99,49","","","","-8,00","","Neige"
"2008-10-07 03:00","2008","10","07","03:00"," ","-1,30","","-2,50","","92,00","","27,00","","28,00","","16,10","","99,57","","","","-8,00","","Neige"
"2008-10-07 04:00","2008","10","07","04:00"," ","-1,30","","-3,10","","88,00","","26,00","","28,00","","24,10","","99,66","","","","-8,00","","Généralement dégagé"
"2008-10-07 05:00","2008","10","07","05:00"," ","-1,50","","-3,00","","89,00","","26,00","","26,00","","24,10","","99,76","","","","-8,00","","Généralement dégagé"
"2008-10-07 06:00","2008","10","07","06:00"," ","-1,70","","-3,60","","87,00","","25,00","","41,00","","24,10","","99,84","","","","-10,00","","Généralement dégagé"
"2008-10-07 07:00","2008","10","07","07:00"," ","-2,00","","-5,10","","79,00","","25,00","","28,00","","24,10","","99,93","","","","-9,00","","Généralement dégagé"
"2008-10-07 08:00","2008","10","07","08:00"," ","-2,30","","-5,20","","80,00","","26,00","","22,00","","24,10","","100,05","","","","-8,00","","Dégagé"
"2008-10-07 09:00","2008","10","07","09:00"," ","-1,90","","-4,70","","81,00","","25,00","","37,00","","24,10","","100,12","","","","-10,00","","Généralement dégagé"
"2008-10-07 10:00","2008","10","07","10:00"," ","-1,50","","-4,80","","78,00","","26,00","","32,00","","24,10","","100,22","","","","-9,00","","Généralement dégagé"
"2008-10-07 11:00","2008","10","07","11:00"," ","-1,60","","-4,60","","80,00","","27,00","","32,00","","24,10","","100,27","","","","-9,00","","Généralement dégagé"
"2008-10-07 12:00","2008","10","07","12:00"," ","-1,20","","-5,30","","74,00","","25,00","","30,00","","24,10","","100,35","","","","-8,00","","Généralement dégagé"
"2008-10-07 13:00","2008","10","07","13:00"," ","-1,20","","-3,20","","86,00","","25,00","","28,00","","24,10","","100,42","","","","-8,00","","Généralement dégagé"
"2008-10-07 14:00","2008","10","07","14:00"," ","-1,50","","-4,50","","80,00","","26,00","","28,00","","24,10","","100,52","","","","-8,00","","Généralement dégagé"
"2008-10-07 15:00","2008","10","07","15:00"," ","-0,90","","-4,30","","78,00","","26,00","","22,00","","24,10","","100,57","","","","-7,00","","Généralement nuageux"
"2008-10-07 16:00","2008","10","07","16:00"," ","-0,50","","-1,80","","91,00","","27,00","","19,00","","24,10","","100,62","","","","-6,00","","Généralement dégagé"
"2008-10-07 17:00","2008","10","07","17:00"," ","-1,10","","-3,70","","82,00","","24,00","","19,00","","24,10","","100,67","","","","-6,00","","Généralement dégagé"
"2008-10-07 18:00","2008","10","07","18:00"," ","-2,20","","-4,70","","83,00","","21,00","","19,00","","24,10","","100,72","","","","-8,00","","Dégagé"
"2008-10-07 19:00","2008","10","07","19:00"," ","-2,80","","-5,50","","82,00","","21,00","","15,00","","24,10","","100,75","","","","-8,00","","Dégagé"
"2008-10-07 20:00","2008","10","07","20:00"," ","-2,40","","-5,00","","82,00","","21,00","","19,00","","24,10","","100,76","","","","-8,00","","Généralement dégagé"
"2008-10-07 21:00","2008","10","07","21:00"," ","-1,70","","-3,60","","87,00","","21,00","","28,00","","24,10","","100,79","","","","-8,00","","Généralement dégagé"
"2008-10-07 22:00","2008","10","07","22:00"," ","-1,80","","-4,00","","85,00","","21,00","","19,00","","24,10","","100,79","","","","-7,00","","Dégagé"
"2008-10-07 23:00","2008","10","07","23:00"," ","-1,40","","-4,00","","82,00","","21,00","","19,00","","24,10","","100,79","","","","-7,00","","Généralement dégagé"
"2008-10-08 00:00","2008","10","08","00:00"," ","-1,50","","-4,20","","82,00","","21,00","","19,00","","24,10","","100,85","","","","-7,00","","Généralement dégagé"
"2008-10-08 01:00","2008","10","08","01:00"," ","-1,00","","-3,30","","84,00","","22,00","","33,00","","24,10","","100,85","","","","-8,00","","Généralement dégagé"
"2008-10-08 02:00","2008","10","08","02:00"," ","-1,30","","-4,50","","79,00","","20,00","","19,00","","24,10","","100,88","","","","-7,00","","Généralement dégagé"
"2008-10-08 03:00","2008","10","08","03:00"," ","-1,60","","-4,60","","80,00","","21,00","","19,00","","24,10","","100,89","","","","-7,00","","Dégagé"
"2008-10-08 04:00","2008","10","08","04:00"," ","-2,10","","-5,50","","77,00","","26,00","","17,00","","24,10","","100,95","","","","-7,00","","Dégagé"
"2008-10-08 05:00","2008","10","08","05:00"," ","-2,00","","-8,50","","61,00","","24,00","","19,00","","24,10","","101,04","","","","-8,00","","Généralement dégagé"
"2008-10-08 06:00","2008","10","08","06:00"," ","-1,00","","-3,80","","81,00","","22,00","","19,00","","24,10","","101,08","","","","-6,00","","Généralement nuageux"
"2008-10-08 07:00","2008","10","08","07:00"," ","-1,00","","-3,80","","81,00","","21,00","","19,00","","24,10","","101,08","","","","-6,00","","Généralement nuageux"
"2008-10-08 08:00","2008","10","08","08:00"," ","-1,00","","-3,30","","84,00","","22,00","","22,00","","24,10","","101,16","","","","-7,00","","Généralement dégagé"
"2008-10-08 09:00","2008","10","08","09:00"," ","0,20","","-2,30","","83,00","","22,00","","19,00","","24,10","","101,22","","","","","","Généralement nuageux"
"2008-10-08 10:00","2008","10","08","10:00"," ","0,70","","-1,10","","88,00","","24,00","","15,00","","24,10","","101,27","","","","","","Nuageux"
"2008-10-08 11:00","2008","10","08","11:00"," ","1,20","","-1,30","","83,00","","24,00","","19,00","","24,10","","101,30","","","","","","Nuageux"
"2008-10-08 12:00","2008","10","08","12:00"," ","1,70","","-1,30","","80,00","","28,00","","15,00","","24,10","","101,35","","","","","","Nuageux"
"2008-10-08 13:00","2008","10","08","13:00"," ","1,90","","0,50","","90,00","","27,00","","19,00","","24,10","","101,39","","","","","","Nuageux"
"2008-10-08 14:00","2008","10","08","14:00"," ","1,60","","-2,00","","77,00","","27,00","","20,00","","24,10","","101,45","","","","","","Généralement nuageux"
"2008-10-08 15:00","2008","10","08","15:00"," ","1,00","","-2,70","","76,00","","28,00","","19,00","","24,10","","101,53","","","","","","Généralement nuageux"
"2008-10-08 16:00","2008","10","08","16:00"," ","0,50","","-0,70","","92,00","","28,00","","19,00","","24,10","","101,58","","","","","","Généralement dégagé"
"2008-10-08 17:00","2008","10","08","17:00"," ","-0,20","","-3,40","","79,00","","28,00","","19,00","","24,10","","101,65","","","","-5,00","","Généralement dégagé"
"2008-10-08 18:00","2008","10","08","18:00"," ","-1,50","","-4,50","","80,00","","27,00","","15,00","","24,10","","101,71","","","","-6,00","","Dégagé"
"2008-10-08 19:00","2008","10","08","19:00"," ","-2,10","","-3,50","","90,00","","26,00","","19,00","","24,10","","101,74","","","","-8,00","","Dégagé"
"2008-10-08 20:00","2008","10","08","20:00"," ","-3,50","","-7,70","","73,00","","26,00","","20,00","","24,10","","101,80","","","","-10,00","","Généralement dégagé"
"2008-10-08 21:00","2008","10","08","21:00"," ","-4,00","","-5,70","","88,00","","26,00","","19,00","","24,10","","101,85","","","","-10,00","","Généralement dégagé"
"2008-10-08 22:00","2008","10","08","22:00"," ","-4,80","","-6,30","","89,00","","25,00","","19,00","","24,10","","101,91","","","","-11,00","","Généralement dégagé"
"2008-10-08 23:00","2008","10","08","23:00"," ","-5,10","","-7,30","","85,00","","25,00","","19,00","","24,10","","101,96","","","","-12,00","","Généralement dégagé"
"2008-10-09 00:00","2008","10","09","00:00"," ","-5,20","","-7,50","","84,00","","26,00","","28,00","","24,10","","101,98","","","","-13,00","","Généralement dégagé"
"2008-10-09 01:00","2008","10","09","01:00"," ","-5,50","","-7,80","","84,00","","25,00","","28,00","","24,10","","102,02","","","","-13,00","","Généralement dégagé"
"2008-10-09 02:00","2008","10","09","02:00"," ","-5,70","","-8,10","","83,00","","26,00","","19,00","","24,10","","102,09","","","","-12,00","","Dégagé"
"2008-10-09 03:00","2008","10","09","03:00"," ","-5,50","","-8,20","","81,00","","26,00","","19,00","","24,10","","102,14","","","","-12,00","","Dégagé"
"2008-10-09 04:00","2008","10","09","04:00"," ","-6,10","","-8,50","","83,00","","26,00","","19,00","","24,10","","102,18","","","","-13,00","","Dégagé"
"2008-10-09 05:00","2008","10","09","05:00"," ","-6,20","","-8,70","","82,00","","25,00","","19,00","","24,10","","102,22","","","","-13,00","","Dégagé"
"2008-10-09 06:00","2008","10","09","06:00"," ","-6,50","","-8,30","","87,00","","26,00","","19,00","","24,10","","102,24","","","","-13,00","","Généralement dégagé"
"2008-10-09 07:00","2008","10","09","07:00"," ","-6,60","","-8,80","","84,00","","26,00","","19,00","","24,10","","102,31","","","","-13,00","","Généralement dégagé"
"2008-10-09 08:00","2008","10","09","08:00"," ","-6,70","","-8,90","","84,00","","26,00","","19,00","","24,10","","102,36","","","","-14,00","","Dégagé"
"2008-10-09 09:00","2008","10","09","09:00"," ","-5,90","","-8,30","","83,00","","26,00","","19,00","","24,10","","102,40","","","","-13,00","","Généralement dégagé"
"2008-10-09 10:00","2008","10","09","10:00"," ","-4,30","","-7,70","","77,00","","28,00","","19,00","","24,10","","102,46","","","","-10,00","","Généralement dégagé"
"2008-10-09 11:00","2008","10","09","11:00"," ","-3,80","","-6,40","","82,00","","26,00","","22,00","","24,10","","102,51","","","","-10,00","","Généralement nuageux"
"2008-10-09 12:00","2008","10","09","12:00"," ","-3,30","","-5,80","","83,00","","26,00","","19,00","","24,10","","102,58","","","","-9,00","","Généralement nuageux"
"2008-10-09 13:00","2008","10","09","13:00"," ","-2,70","","-5,70","","80,00","","27,00","","19,00","","24,10","","102,62","","","","-8,00","","Nuageux"
"2008-10-09 14:00","2008","10","09","14:00"," ","-2,50","","-4,20","","88,00","","27,00","","19,00","","24,10","","102,67","","","","-8,00","","Nuageux"
"2008-10-09 15:00","2008","10","09","15:00"," ","-2,60","","-5,90","","78,00","","28,00","","19,00","","24,10","","102,73","","","","-8,00","","Nuageux"
"2008-10-09 16:00","2008","10","09","16:00"," ","-2,70","","-6,30","","76,00","","27,00","","19,00","","24,10","","102,77","","","","-8,00","","Nuageux"
"2008-10-09 17:00","2008","10","09","17:00"," ","-2,90","","-5,00","","85,00","","28,00","","13,00","","24,10","","102,80","","","","-8,00","","Nuageux"
"2008-10-09 18:00","2008","10","09","18:00"," ","-3,20","","-5,70","","83,00","","26,00","","11,00","","24,10","","102,83","","","","-7,00","","Nuageux"
"2008-10-09 19:00","2008","10","09","19:00"," ","-3,10","","-5,20","","85,00","","26,00","","11,00","","24,10","","102,85","","","","-7,00","","Nuageux"
"2008-10-09 20:00","2008","10","09","20:00"," ","-2,90","","-5,30","","83,00","","26,00","","9,00","","24,10","","102,86","","","","-6,00","","Nuageux"
"2008-10-09 21:00","2008","10","09","21:00"," ","-2,70","","-5,70","","80,00","","23,00","","9,00","","24,10","","102,86","","","","-6,00","","Nuageux"
"2008-10-09 22:00","2008","10","09","22:00"," ","-2,50","","-5,70","","79,00","","23,00","","7,00","","24,10","","102,87","","","","-5,00","","Neige"
"2008-10-09 23:00","2008","10","09","23:00"," ","-2,50","","-5,70","","79,00","","0,00","","0,00","","24,10","","102,88","","","","","","Nuageux"
"2008-10-10 00:00","2008","10","10","00:00"," ","-2,40","","-5,90","","77,00","","16,00","","9,00","","24,10","","102,88","","","","-6,00","","Nuageux"
"2008-10-10 01:00","2008","10","10","01:00"," ","-2,50","","-6,40","","75,00","","15,00","","9,00","","24,10","","102,89","","","","-6,00","","Nuageux"
"2008-10-10 02:00","2008","10","10","02:00"," ","-2,90","","-6,60","","76,00","","13,00","","11,00","","24,10","","102,88","","","","-7,00","","Généralement nuageux"
"2008-10-10 03:00","2008","10","10","03:00"," ","-3,60","","-4,90","","91,00","","12,00","","13,00","","24,10","","102,86","","","","-8,00","","Généralement dégagé"
"2008-10-10 04:00","2008","10","10","04:00"," ","-3,00","","-8,10","","68,00","","11,00","","15,00","","24,10","","102,82","","","","-8,00","","Généralement nuageux"
"2008-10-10 05:00","2008","10","10","05:00"," ","-2,60","","-5,50","","80,00","","11,00","","19,00","","24,10","","102,75","","","","-8,00","","Généralement nuageux"
"2008-10-10 06:00","2008","10","10","06:00"," ","-2,40","","-5,00","","82,00","","11,00","","19,00","","24,10","","102,65","","","","-8,00","","Généralement nuageux"
"2008-10-10 07:00","2008","10","10","07:00"," ","-2,50","","-5,40","","80,00","","10,00","","15,00","","24,10","","102,61","","","","-7,00","","Nuageux"
"2008-10-10 08:00","2008","10","10","08:00"," ","-2,30","","-4,30","","86,00","","10,00","","20,00","","24,10","","102,53","","","","-8,00","","Nuageux"
"2008-10-10 09:00","2008","10","10","09:00"," ","-1,80","","-3,70","","87,00","","9,00","","20,00","","19,30","","102,45","","","","-8,00","","Averses de neige"
"2008-10-10 10:00","2008","10","10","10:00"," ","-1,00","","-3,30","","84,00","","11,00","","17,00","","19,30","","102,38","","","","-6,00","","Averses de neige"
"2008-10-10 11:00","2008","10","10","11:00"," ","0,30","","-1,20","","90,00","","9,00","","15,00","","24,10","","102,31","","","","","","Averses de neige"
"2008-10-10 12:00","2008","10","10","12:00"," ","1,50","","-2,40","","75,00","","16,00","","17,00","","24,10","","102,22","","","","","","Averses de neige"
"2008-10-10 13:00","2008","10","10","13:00"," ","2,00","","-1,50","","78,00","","16,00","","22,00","","24,10","","102,12","","","","","","Averses de neige"
"2008-10-10 14:00","2008","10","10","14:00"," ","3,00","","0,20","","82,00","","18,00","","28,00","","24,10","","102,00","","","","","","Généralement nuageux"
"2008-10-10 15:00","2008","10","10","15:00"," ","2,80","","0,70","","86,00","","18,00","","19,00","","24,10","","101,90","","","","","","Nuageux"
"2008-10-10 16:00","2008","10","10","16:00"," ","2,50","","0,40","","86,00","","18,00","","19,00","","24,10","","101,86","","","","","","Généralement nuageux"
"2008-10-10 17:00","2008","10","10","17:00"," ","1,90","","-1,60","","78,00","","16,00","","24,00","","24,10","","101,73","","","","","","Généralement dégagé"
"2008-10-10 18:00","2008","10","10","18:00"," ","0,50","","-1,70","","85,00","","15,00","","19,00","","24,10","","101,66","","","","","","Généralement nuageux"
"2008-10-10 19:00","2008","10","10","19:00"," ","0,80","","-1,90","","82,00","","15,00","","19,00","","24,10","","101,52","","","","","","Généralement nuageux"
"2008-10-10 20:00","2008","10","10","20:00"," ","0,30","","-2,20","","83,00","","16,00","","20,00","","24,10","","101,40","","","","","","Généralement dégagé"
"2008-10-10 21:00","2008","10","10","21:00"," ","0,20","","-2,60","","81,00","","16,00","","9,00","","24,10","","101,28","","","","","","Généralement dégagé"
"2008-10-10 22:00","2008","10","10","22:00"," ","1,00","","-2,70","","76,00","","18,00","","32,00","","24,10","","101,13","","","","","","Généralement nuageux"
"2008-10-10 23:00","2008","10","10","23:00"," ","1,50","","-1,30","","82,00","","18,00","","30,00","","24,10","","101,01","","","","","","Généralement nuageux"
"2008-10-11 00:00","2008","10","11","00:00"," ","2,00","","-2,40","","73,00","","18,00","","33,00","","24,10","","100,86","","","","","","Nuageux"
"2008-10-11 01:00","2008","10","11","01:00"," ","2,30","","-1,70","","75,00","","17,00","","22,00","","24,10","","100,73","","","","","","Généralement nuageux"
"2008-10-11 02:00","2008","10","11","02:00"," ","2,60","","-1,40","","75,00","","18,00","","28,00","","24,10","","100,58","","","","","","Nuageux"
"2008-10-11 03:00","2008","10","11","03:00"," ","3,20","","-1,20","","73,00","","17,00","","28,00","","24,10","","100,44","","","","","","Nuageux"
"2008-10-11 04:00","2008","10","11","04:00"," ","3,10","","-0,80","","76,00","","17,00","","22,00","","19,30","","100,31","","","","","","Pluie"
"2008-10-11 05:00","2008","10","11","05:00"," ","3,60","","-0,70","","73,00","","17,00","","26,00","","24,10","","100,19","","","","","","Pluie"
"2008-10-11 06:00","2008","10","11","06:00"," ","3,90","","-0,70","","72,00","","19,00","","28,00","","24,10","","100,03","","","","","","Généralement nuageux"
"2008-10-11 07:00","2008","10","11","07:00"," ","3,50","","-0,90","","73,00","","19,00","","22,00","","24,10","","100,00","","","","","","Généralement nuageux"
"2008-10-11 08:00","2008","10","11","08:00"," ","3,40","","0,10","","79,00","","18,00","","20,00","","24,10","","99,84","","","","","","Généralement nuageux"
"2008-10-11 09:00","2008","10","11","09:00"," ","3,00","","-0,90","","76,00","","19,00","","19,00","","24,10","","99,78","","","","","","Généralement nuageux"
"2008-10-11 10:00","2008","10","11","10:00"," ","3,10","","0,00","","80,00","","21,00","","22,00","","24,10","","99,72","","","","","","Généralement nuageux"
"2008-10-11 11:00","2008","10","11","11:00"," ","5,20","","-1,30","","63,00","","22,00","","22,00","","24,10","","99,72","","","","","","Généralement nuageux"
"2008-10-11 12:00","2008","10","11","12:00"," ","5,90","","-1,00","","61,00","","23,00","","26,00","","24,10","","99,71","","","","","","Généralement dégagé"
"2008-10-11 13:00","2008","10","11","13:00"," ","6,50","","0,30","","65,00","","23,00","","30,00","","24,10","","99,62","","","","","","Généralement nuageux"
"2008-10-11 14:00","2008","10","11","14:00"," ","4,80","","-0,40","","69,00","","22,00","","26,00","","24,10","","99,62","","","","","","Généralement nuageux"
"2008-10-11 15:00","2008","10","11","15:00"," ","5,00","","-0,20","","69,00","","22,00","","33,00","","24,10","","99,58","","","","","","Nuageux"
"2008-10-11 16:00","2008","10","11","16:00"," ","4,80","","0,10","","72,00","","22,00","","26,00","","24,10","","99,57","","","","","","Nuageux"
"2008-10-11 17:00","2008","10","11","17:00"," ","4,20","","0,00","","74,00","","23,00","","30,00","","24,10","","99,55","","","","","","Nuageux"
"2008-10-11 18:00","2008","10","11","18:00"," ","3,80","","1,00","","82,00","","24,00","","22,00","","24,10","","99,55","","","","","","Nuageux"
"2008-10-11 19:00","2008","10","11","19:00"," ","3,30","","0,70","","83,00","","23,00","","22,00","","24,10","","99,61","","","","","","Pluie"
"2008-10-11 20:00","2008","10","11","20:00"," ","2,50","","1,30","","92,00","","24,00","","19,00","","24,10","","99,63","","","","","","Pluie"
"2008-10-11 21:00","2008","10","11","21:00"," ","2,30","","1,60","","95,00","","24,00","","19,00","","24,10","","99,63","","","","","","Pluie"
"2008-10-11 22:00","2008","10","11","22:00"," ","2,10","","1,60","","96,00","","24,00","","15,00","","24,10","","99,64","","","","","","Pluie"
"2008-10-11 23:00","2008","10","11","23:00"," ","2,00","","1,50","","96,00","","23,00","","15,00","","24,10","","99,71","","","","","","Pluie"
"2008-10-12 00:00","2008","10","12","00:00"," ","2,20","","1,70","","96,00","","27,00","","13,00","","16,10","","99,79","","","","","","Pluie"
"2008-10-12 01:00","2008","10","12","01:00"," ","1,30","","1,10","","99,00","","27,00","","9,00","","16,10","","99,85","","","","","","Pluie"
"2008-10-12 02:00","2008","10","12","02:00"," ","0,70","","0,50","","99,00","","28,00","","9,00","","16,10","","99,96","","","","","","Pluie,Neige"
"2008-10-12 03:00","2008","10","12","03:00"," ","1,00","","0,80","","99,00","","26,00","","6,00","","24,10","","100,07","","","","","","Nuageux"
"2008-10-12 04:00","2008","10","12","04:00"," ","1,10","","0,60","","96,00","","0,00","","0,00","","24,10","","100,18","","","","","","Généralement nuageux"
"2008-10-12 05:00","2008","10","12","05:00"," ","1,10","","0,60","","96,00","","34,00","","15,00","","24,10","","100,30","","","","","","Nuageux"
"2008-10-12 06:00","2008","10","12","06:00"," ","0,90","","0,20","","95,00","","29,00","","7,00","","24,10","","100,38","","","","","","Généralement nuageux"
"2008-10-12 07:00","2008","10","12","07:00"," ","0,50","","-0,70","","92,00","","27,00","","9,00","","24,10","","100,46","","","","","","Généralement nuageux"
"2008-10-12 08:00","2008","10","12","08:00"," ","-0,60","","-1,70","","92,00","","24,00","","15,00","","24,10","","100,55","","","","-5,00","","Généralement nuageux"
"2008-10-12 09:00","2008","10","12","09:00"," ","-0,90","","-2,10","","92,00","","25,00","","15,00","","24,10","","100,59","","","","-6,00","","Généralement dégagé"
"2008-10-12 10:00","2008","10","12","10:00"," ","-0,30","","-1,10","","94,00","","27,00","","9,00","","24,10","","100,64","","","","-3,00","","Généralement dégagé"
"2008-10-12 11:00","2008","10","12","11:00"," ","0,20","","-1,80","","86,00","","27,00","","15,00","","24,10","","100,72","","","","","","Généralement nuageux"
"2008-10-12 12:00","2008","10","12","12:00"," ","0,40","","-1,30","","88,00","","28,00","","13,00","","24,10","","100,78","","","","","","Généralement nuageux"
"2008-10-12 13:00","2008","10","12","13:00"," ","0,70","","-1,20","","87,00","","26,00","","7,00","","24,10","","100,86","","","","","","Généralement nuageux"
"2008-10-12 14:00","2008","10","12","14:00"," ","0,80","","-1,20","","86,00","","25,00","","11,00","","24,10","","100,96","","","","","","Généralement nuageux"
"2008-10-12 15:00","2008","10","12","15:00"," ","1,50","","-1,80","","79,00","","26,00","","17,00","","24,10","","101,01","","","","","","Généralement nuageux"
"2008-10-12 16:00","2008","10","12","16:00"," ","2,00","","-0,20","","85,00","","27,00","","6,00","","24,10","","101,08","","","","","","Généralement nuageux"
"2008-10-12 17:00","2008","10","12","17:00"," ","1,10","","-1,70","","82,00","","25,00","","15,00","","24,10","","101,10","","","","","","Généralement dégagé"
"2008-10-12 18:00","2008","10","12","18:00"," ","0,20","","-1,80","","86,00","","24,00","","11,00","","24,10","","101,15","","","","","","Généralement dégagé"
"2008-10-12 19:00","2008","10","12","19:00"," ","-0,80","","-3,00","","85,00","","25,00","","11,00","","24,10","","101,18","","","","-5,00","","Généralement dégagé"
"2008-10-12 20:00","2008","10","12","20:00"," ","-1,20","","-3,20","","86,00","","0,00","","0,00","","24,10","","101,21","","","","","","Généralement nuageux"
"2008-10-12 21:00","2008","10","12","21:00"," ","-1,60","","-2,60","","93,00","","18,00","","6,00","","24,10","","101,21","","","","-4,00","","Dégagé"
"2008-10-12 22:00","2008","10","12","22:00"," ","-2,00","","-3,30","","91,00","","0,00","","0,00","","24,10","","101,17","","","","","","Dégagé"
"2008-10-12 23:00","2008","10","12","23:00"," ","-2,00","","-3,30","","91,00","","0,00","","0,00","","24,10","","101,16","","","","","","Généralement dégagé"
"2008-10-13 00:00","2008","10","13","00:00"," ","-2,80","","-3,70","","94,00","","0,00","","0,00","","24,10","","101,14","","","","","","Généralement dégagé"
"2008-10-13 01:00","2008","10","13","01:00"," ","-2,00","","-3,60","","89,00","","10,00","","6,00","","24,10","","101,10","","","","-4,00","","Généralement dégagé"
"2008-10-13 02:00","2008","10","13","02:00"," ","-2,70","","-3,60","","94,00","","0,00","","0,00","","24,10","","101,07","","","","","","Généralement dégagé"
"2008-10-13 03:00","2008","10","13","03:00"," ","-2,60","","-3,80","","91,00","","10,00","","7,00","","24,10","","101,00","","","","-5,00","","Généralement dégagé"
"2008-10-13 04:00","2008","10","13","04:00"," ","-2,00","","-3,30","","91,00","","12,00","","6,00","","24,10","","100,95","","","","-4,00","","Généralement dégagé"
"2008-10-13 05:00","2008","10","13","05:00"," ","-2,40","","-3,80","","90,00","","14,00","","9,00","","24,10","","100,86","","","","-6,00","","Généralement dégagé"
"2008-10-13 06:00","2008","10","13","06:00"," ","-3,00","","-4,50","","89,00","","14,00","","9,00","","24,10","","100,78","","","","-7,00","","Généralement dégagé"
"2008-10-13 07:00","2008","10","13","07:00"," ","-2,00","","-3,30","","91,00","","14,00","","9,00","","24,10","","100,71","","","","-5,00","","Généralement nuageux"
"2008-10-13 08:00","2008","10","13","08:00"," ","-2,00","","-3,10","","92,00","","19,00","","11,00","","24,10","","100,67","","","","-6,00","","Généralement dégagé"
"2008-10-13 09:00","2008","10","13","09:00"," ","-1,00","","-1,90","","94,00","","20,00","","15,00","","24,10","","100,60","","","","-6,00","","Généralement nuageux"
"2008-10-13 10:00","2008","10","13","10:00"," ","0,10","","-0,60","","95,00","","16,00","","11,00","","24,10","","100,55","","","","","","Généralement dégagé"
"2008-10-13 11:00","2008","10","13","11:00"," ","1,50","","-2,40","","75,00","","18,00","","19,00","","24,10","","100,50","","","","","","Généralement dégagé"
"2008-10-13 12:00","2008","10","13","12:00"," ","2,80","","-0,60","","78,00","","20,00","","13,00","","24,10","","100,48","","","","","","Généralement nuageux"
"2008-10-13 13:00","2008","10","13","13:00"," ","3,00","","-2,30","","68,00","","22,00","","26,00","","24,10","","100,45","","","","","","Généralement dégagé"
"2008-10-13 14:00","2008","10","13","14:00"," ","1,60","","-2,50","","74,00","","21,00","","22,00","","24,10","","100,45","","","","","","Généralement nuageux"
"2008-10-13 15:00","2008","10","13","15:00"," ","1,00","","-2,20","","79,00","","21,00","","28,00","","24,10","","100,41","","","","","","Généralement nuageux"
"2008-10-13 16:00","2008","10","13","16:00"," ","0,50","","-2,00","","83,00","","22,00","","15,00","","24,10","","100,41","","","","","","Généralement nuageux"
"2008-10-13 17:00","2008","10","13","17:00"," ","0,00","","-2,30","","84,00","","23,00","","13,00","","24,10","","100,39","","","","-4,00","","Nuageux"
"2008-10-13 18:00","2008","10","13","18:00"," ","-2,00","","-3,60","","89,00","","22,00","","9,00","","24,10","","100,37","","","","-5,00","","Généralement nuageux"
"2008-10-13 19:00","2008","10","13","19:00"," ","-2,50","","-3,40","","94,00","","23,00","","11,00","","24,10","","100,34","","","","-7,00","","Généralement nuageux"
"2008-10-13 20:00","2008","10","13","20:00"," ","-0,10","","-1,60","","90,00","","23,00","","13,00","","24,10","","100,32","","","","-4,00","","Généralement nuageux"
"2008-10-13 21:00","2008","10","13","21:00"," ","0,40","","-1,60","","86,00","","23,00","","7,00","","24,10","","100,30","","","","","","Généralement nuageux"
"2008-10-13 22:00","2008","10","13","22:00"," ","0,30","","-1,40","","88,00","","21,00","","7,00","","24,10","","100,29","","","","","","Nuageux"
"2008-10-13 23:00","2008","10","13","23:00"," ","0,20","","-1,50","","88,00","","19,00","","6,00","","24,10","","100,28","","","","","","Nuageux"
"2008-10-14 00:00","2008","10","14","00:00"," ","0,40","","-1,00","","90,00","","24,00","","9,00","","24,10","","100,27","","","","","","Nuageux"
"2008-10-14 01:00","2008","10","14","01:00"," ","0,00","","-1,00","","93,00","","22,00","","9,00","","24,10","","100,28","","","","-3,00","","Bruine"
"2008-10-14 02:00","2008","10","14","02:00"," ","-0,10","","-0,40","","98,00","","22,00","","7,00","","19,30","","100,29","","","","-3,00","","Bruine"
"2008-10-14 03:00","2008","10","14","03:00"," ","0,00","","-0,20","","99,00","","27,00","","11,00","","6,40","","100,30","","","","-4,00","","Neige"
"2008-10-14 04:00","2008","10","14","04:00"," ","0,00","","0,00","","100,00","","27,00","","11,00","","4,80","","100,33","","","","-4,00","","Neige"
"2008-10-14 05:00","2008","10","14","05:00"," ","-0,20","","-0,50","","98,00","","27,00","","9,00","","4,80","","100,37","","","","-3,00","","Neige"
"2008-10-14 06:00","2008","10","14","06:00"," ","0,00","","0,00","","100,00","","26,00","","11,00","","2,40","","100,37","","","","-4,00","","Neige"
"2008-10-14 07:00","2008","10","14","07:00"," ","-0,10","","-0,10","","100,00","","28,00","","9,00","","2,40","","100,40","","","","-3,00","","Neige"
"2008-10-14 08:00","2008","10","14","08:00"," ","0,10","","-0,10","","99,00","","33,00","","13,00","","4,80","","100,44","","","","","","Neige,Brouillard"
"2008-10-14 09:00","2008","10","14","09:00"," ","0,10","","-0,10","","99,00","","33,00","","20,00","","9,70","","100,46","","","","","","Neige,Brouillard"
"2008-10-14 10:00","2008","10","14","10:00"," ","0,00","","-0,20","","99,00","","35,00","","26,00","","8,00","","100,51","","","","-6,00","","Neige,Brouillard"
"2008-10-14 11:00","2008","10","14","11:00"," ","-0,40","","-0,70","","98,00","","35,00","","22,00","","9,70","","100,56","","","","-6,00","","Neige,Brouillard"
"2008-10-14 12:00","2008","10","14","12:00"," ","-0,50","","-1,60","","92,00","","34,00","","22,00","","9,70","","100,61","","","","-6,00","","Neige,Neige roulée,Brouillard"
"2008-10-14 13:00","2008","10","14","13:00"," ","-0,80","","-1,90","","92,00","","34,00","","24,00","","8,00","","100,66","","","","-7,00","","Neige en grains,Brouillard"
"2008-10-14 14:00","2008","10","14","14:00"," ","-1,50","","-2,50","","93,00","","34,00","","22,00","","6,40","","100,70","","","","-7,00","","Neige en grains,Brouillard"
"2008-10-14 15:00","2008","10","14","15:00"," ","-1,80","","-3,40","","89,00","","34,00","","32,00","","9,70","","100,75","","","","-9,00","","Neige en grains,Brouillard"
"2008-10-14 16:00","2008","10","14","16:00"," ","-2,40","","-3,80","","90,00","","33,00","","26,00","","9,70","","100,80","","","","-9,00","","Neige en grains,Brouillard"
"2008-10-14 17:00","2008","10","14","17:00"," ","-2,60","","-4,00","","90,00","","35,00","","26,00","","12,90","","100,81","","","","-9,00","","Neige en grains"
"2008-10-14 18:00","2008","10","14","18:00"," ","-2,70","","-4,20","","89,00","","34,00","","24,00","","12,90","","100,82","","","","-9,00","","Neige"
"2008-10-14 19:00","2008","10","14","19:00"," ","-3,00","","-4,50","","89,00","","33,00","","19,00","","12,90","","100,82","","","","-9,00","","Neige"
"2008-10-14 20:00","2008","10","14","20:00"," ","-3,40","","-4,40","","93,00","","35,00","","17,00","","9,70","","100,81","","","","-9,00","","Neige,Brouillard"
"2008-10-14 21:00","2008","10","14","21:00"," ","-3,50","","-4,50","","93,00","","36,00","","15,00","","9,70","","100,83","","","","-9,00","","Neige,Brouillard"
"2008-10-14 22:00","2008","10","14","22:00"," ","-3,70","","-4,50","","94,00","","34,00","","19,00","","4,80","","100,84","","","","-10,00","","Neige,Brouillard"
"2008-10-14 23:00","2008","10","14","23:00"," ","-3,70","","-5,00","","91,00","","36,00","","19,00","","4,80","","100,84","","","","-10,00","","Neige,Brouillard"
"2008-10-15 00:00","2008","10","15","00:00"," ","-3,60","","-5,20","","89,00","","34,00","","11,00","","4,80","","100,86","","","","-8,00","","Neige,Brouillard"
"2008-10-15 01:00","2008","10","15","01:00"," ","-3,80","","-4,60","","94,00","","33,00","","9,00","","4,00","","100,87","","","","-8,00","","Neige,Brouillard"
"2008-10-15 02:00","2008","10","15","02:00"," ","-3,80","","-4,90","","92,00","","34,00","","7,00","","3,20","","100,85","","","","-7,00","","Neige,Brouillard"
"2008-10-15 03:00","2008","10","15","03:00"," ","-4,20","","-5,30","","92,00","","27,00","","9,00","","9,70","","100,88","","","","-8,00","","Brouillard"
"2008-10-15 04:00","2008","10","15","04:00"," ","-3,60","","-4,90","","91,00","","34,00","","9,00","","9,70","","100,87","","","","-7,00","","Brouillard"
"2008-10-15 05:00","2008","10","15","05:00"," ","-3,50","","-4,80","","91,00","","35,00","","13,00","","9,70","","100,87","","","","-8,00","","Brouillard"
"2008-10-15 06:00","2008","10","15","06:00"," ","-3,50","","-4,80","","91,00","","36,00","","11,00","","9,70","","100,87","","","","-8,00","","Bruine verglaçante,Brouillard"
"2008-10-15 07:00","2008","10","15","07:00"," ","-3,60","","-4,90","","91,00","","3,00","","11,00","","9,70","","100,85","","","","-8,00","","Bruine verglaçante,Brouillard"
"2008-10-15 08:00","2008","10","15","08:00"," ","-3,80","","-5,20","","90,00","","1,00","","11,00","","16,10","","100,87","","","","-8,00","","Bruine verglaçante"
"2008-10-15 09:00","2008","10","15","09:00"," ","-4,80","","-7,00","","85,00","","2,00","","13,00","","19,30","","100,88","","","","-10,00","","Bruine verglaçante"
"2008-10-15 10:00","2008","10","15","10:00"," ","-3,70","","-6,00","","84,00","","2,00","","11,00","","24,10","","100,89","","","","-8,00","","Bruine verglaçante"
"2008-10-15 11:00","2008","10","15","11:00"," ","-3,70","","-6,00","","84,00","","2,00","","15,00","","19,30","","100,89","","","","-9,00","","Neige en grains"
"2008-10-15 12:00","2008","10","15","12:00"," ","-4,10","","-5,50","","90,00","","2,00","","15,00","","19,30","","100,86","","","","-9,00","","Neige en grains"
"2008-10-15 13:00","2008","10","15","13:00"," ","-3,90","","-5,90","","86,00","","3,00","","15,00","","24,10","","100,86","","","","-9,00","","Neige en grains"
"2008-10-15 14:00","2008","10","15","14:00"," ","-3,90","","-5,60","","88,00","","2,00","","13,00","","24,10","","100,88","","","","-9,00","","Neige en grains"
"2008-10-15 15:00","2008","10","15","15:00"," ","-3,90","","-5,60","","88,00","","2,00","","15,00","","19,30","","100,87","","","","-9,00","","Neige"
"2008-10-15 16:00","2008","10","15","16:00"," ","-3,10","","-4,10","","93,00","","4,00","","20,00","","8,00","","100,86","","","","-9,00","","Neige,Brouillard"
"2008-10-15 17:00","2008","10","15","17:00"," ","-4,60","","-5,80","","91,00","","3,00","","19,00","","6,40","","100,82","","","","-11,00","","Neige,Brouillard"
"2008-10-15 18:00","2008","10","15","18:00"," ","-4,50","","-6,00","","89,00","","3,00","","17,00","","8,00","","100,78","","","","-10,00","","Neige,Brouillard"
"2008-10-15 19:00","2008","10","15","19:00"," ","-4,60","","-6,10","","89,00","","3,00","","17,00","","6,40","","100,71","","","","-10,00","","Neige,Brouillard"
"2008-10-15 20:00","2008","10","15","20:00"," ","-4,40","","-5,60","","91,00","","4,00","","19,00","","2,40","","100,65","","","","-11,00","","Neige en grains,Brouillard"
"2008-10-15 21:00","2008","10","15","21:00"," ","-4,70","","-5,60","","93,00","","3,00","","20,00","","2,40","","100,61","","","","-11,00","","Neige en grains,Brouillard"
"2008-10-15 22:00","2008","10","15","22:00"," ","-4,60","","-5,80","","91,00","","2,00","","19,00","","2,40","","100,55","","","","-11,00","","Neige en grains,Brouillard"
"2008-10-15 23:00","2008","10","15","23:00"," ","-4,50","","-5,40","","93,00","","2,00","","19,00","","2,40","","100,48","","","","-11,00","","Neige en grains,Brouillard"
"2008-10-16 00:00","2008","10","16","00:00"," ","-4,60","","-5,50","","93,00","","2,00","","24,00","","4,80","","100,47","","","","-12,00","","Neige en grains,Brouillard"
"2008-10-16 01:00","2008","10","16","01:00"," ","-4,50","","-6,00","","89,00","","2,00","","17,00","","4,80","","100,42","","","","-10,00","","Neige en grains,Brouillard"
"2008-10-16 02:00","2008","10","16","02:00"," ","-4,90","","-5,80","","93,00","","35,00","","19,00","","6,40","","100,40","","","","-11,00","","Neige en grains,Brouillard"
"2008-10-16 03:00","2008","10","16","03:00"," ","-5,00","","-6,20","","91,00","","35,00","","19,00","","3,20","","100,38","","","","-11,00","","Neige en grains,Brouillard"
"2008-10-16 04:00","2008","10","16","04:00"," ","-5,00","","-5,90","","93,00","","34,00","","28,00","","2,40","","100,38","","","","-13,00","","Neige,Brouillard,Poudrerie élevée"
"2008-10-16 05:00","2008","10","16","05:00"," ","-5,10","","-6,10","","93,00","","35,00","","22,00","","2,40","","100,39","","","","-12,00","","Neige en grains,Brouillard,Poudrerie élevée"
"2008-10-16 06:00","2008","10","16","06:00"," ","-5,60","","-6,60","","93,00","","35,00","","22,00","","2,40","","100,39","","","","-13,00","","Neige en grains,Brouillard,Poudrerie élevée"
"2008-10-16 07:00","2008","10","16","07:00"," ","-5,80","","-7,50","","88,00","","36,00","","19,00","","3,20","","100,40","","","","-12,00","","Neige en grains,Brouillard"
"2008-10-16 08:00","2008","10","16","08:00"," ","-5,60","","-7,60","","86,00","","34,00","","30,00","","16,10","","100,43","","","","-14,00","","Neige"
"2008-10-16 09:00","2008","10","16","09:00"," ","-5,60","","-7,60","","86,00","","34,00","","33,00","","19,30","","100,46","","","","-14,00","","Neige"
"2008-10-16 10:00","2008","10","16","10:00"," ","-5,90","","-8,30","","83,00","","34,00","","33,00","","24,10","","100,48","","","","-15,00","","Généralement dégagé"
"2008-10-16 11:00","2008","10","16","11:00"," ","-6,60","","-8,80","","84,00","","30,00","","17,00","","24,10","","100,53","","","","-13,00","","Généralement dégagé"
"2008-10-16 12:00","2008","10","16","12:00"," ","-6,20","","-8,30","","85,00","","34,00","","28,00","","24,10","","100,57","","","","-14,00","","Généralement dégagé"
"2008-10-16 13:00","2008","10","16","13:00"," ","-6,30","","-8,80","","82,00","","33,00","","24,00","","24,10","","100,62","","","","-14,00","","Dégagé"
"2008-10-16 14:00","2008","10","16","14:00"," ","-7,10","","-9,70","","82,00","","27,00","","13,00","","24,10","","100,69","","","","-13,00","","Dégagé"
"2008-10-16 15:00","2008","10","16","15:00"," ","-7,90","","-10,70","","80,00","","34,00","","17,00","","24,10","","100,73","","","","-15,00","","Généralement dégagé"
"2008-10-16 16:00","2008","10","16","16:00"," ","-9,90","","-11,90","","85,00","","28,00","","17,00","","24,10","","100,77","","","","-17,00","","Généralement dégagé"
"2008-10-16 17:00","2008","10","16","17:00"," ","-10,80","","-12,50","","87,00","","27,00","","17,00","","24,10","","100,82","","","","-18,00","","Généralement dégagé"
"2008-10-16 18:00","2008","10","16","18:00"," ","-10,20","","-11,80","","88,00","","26,00","","17,00","","24,10","","100,86","","","","-17,00","","Généralement dégagé"
"2008-10-16 19:00","2008","10","16","19:00"," ","-12,10","","-13,60","","89,00","","24,00","","22,00","","24,10","","100,90","","","","-21,00","","Généralement nuageux"
"2008-10-16 20:00","2008","10","16","20:00"," ","-12,10","","-14,00","","86,00","","23,00","","17,00","","24,10","","100,92","","","","-20,00","","Généralement nuageux"
"2008-10-16 21:00","2008","10","16","21:00"," ","-10,90","","-12,60","","87,00","","22,00","","19,00","","24,10","","100,92","","","","-19,00","","Généralement nuageux"
"2008-10-16 22:00","2008","10","16","22:00"," ","-11,90","","-13,80","","86,00","","26,00","","20,00","","24,10","","100,92","","","","-20,00","","Généralement dégagé"
"2008-10-16 23:00","2008","10","16","23:00"," ","-11,00","","-12,30","","90,00","","25,00","","19,00","","24,10","","100,93","","","","-19,00","","Généralement dégagé"
"2008-10-17 00:00","2008","10","17","00:00"," ","-11,80","","-13,70","","86,00","","23,00","","20,00","","24,10","","100,94","","","","-20,00","","Généralement nuageux"
"2008-10-17 01:00","2008","10","17","01:00"," ","-9,10","","-10,60","","89,00","","24,00","","19,00","","24,10","","100,94","","","","-17,00","","Nuageux"
"2008-10-17 02:00","2008","10","17","02:00"," ","-9,20","","-10,70","","89,00","","25,00","","20,00","","24,10","","100,93","","","","-17,00","","Nuageux"
"2008-10-17 03:00","2008","10","17","03:00"," ","-10,60","","-12,30","","87,00","","22,00","","19,00","","24,10","","100,92","","","","-18,00","","Généralement dégagé"
"2008-10-17 04:00","2008","10","17","04:00"," ","-12,20","","-14,60","","82,00","","23,00","","19,00","","24,10","","100,93","","","","-20,00","","Généralement dégagé"
"2008-10-17 05:00","2008","10","17","05:00"," ","-13,20","","-15,70","","81,00","","23,00","","19,00","","24,10","","100,88","","","","-22,00","","Dégagé"
"2008-10-17 06:00","2008","10","17","06:00"," ","-12,10","","-14,50","","82,00","","22,00","","22,00","","24,10","","100,84","","","","-21,00","","Généralement dégagé"
"2008-10-17 07:00","2008","10","17","07:00"," ","-9,50","","-11,40","","86,00","","23,00","","37,00","","24,10","","100,78","","","","-20,00","","Généralement nuageux"
"2008-10-17 08:00","2008","10","17","08:00"," ","-9,80","","-11,80","","85,00","","24,00","","20,00","","24,10","","100,79","","","","-18,00","","Généralement nuageux"
"2008-10-17 09:00","2008","10","17","09:00"," ","-9,00","","-11,70","","81,00","","24,00","","26,00","","19,30","","100,75","","","","-18,00","","Généralement nuageux"
"2008-10-17 10:00","2008","10","17","10:00"," ","-7,60","","-10,40","","80,00","","25,00","","26,00","","24,10","","100,69","","","","-16,00","","Généralement nuageux"
"2008-10-17 11:00","2008","10","17","11:00"," ","-7,30","","-9,60","","84,00","","26,00","","26,00","","24,10","","100,68","","","","-15,00","","Généralement nuageux"
"2008-10-17 12:00","2008","10","17","12:00"," ","-6,80","","-9,80","","79,00","","25,00","","33,00","","24,10","","100,65","","","","-16,00","","Généralement nuageux"
"2008-10-17 13:00","2008","10","17","13:00"," ","-6,30","","-8,80","","82,00","","27,00","","24,00","","24,10","","100,70","","","","-14,00","","Généralement nuageux"
"2008-10-17 14:00","2008","10","17","14:00"," ","-6,20","","-8,30","","85,00","","26,00","","30,00","","24,10","","100,68","","","","-15,00","","Généralement nuageux"
"2008-10-17 15:00","2008","10","17","15:00"," ","-5,60","","-8,30","","81,00","","25,00","","32,00","","24,10","","100,70","","","","-14,00","","Généralement nuageux"
"2008-10-17 16:00","2008","10","17","16:00"," ","-5,40","","-12,30","","58,00","","25,00","","32,00","","24,10","","100,70","","","","-14,00","","Généralement nuageux"
"2008-10-17 17:00","2008","10","17","17:00"," ","-5,40","","-8,00","","82,00","","27,00","","33,00","","24,10","","100,75","","","","-14,00","","Généralement nuageux"
"2008-10-17 18:00","2008","10","17","18:00"," ","-5,80","","-8,50","","81,00","","27,00","","28,00","","24,10","","100,77","","","","-14,00","","Généralement nuageux"
"2008-10-17 19:00","2008","10","17","19:00"," ","-7,00","","-9,30","","84,00","","26,00","","26,00","","24,10","","100,79","","","","-15,00","","Généralement nuageux"
"2008-10-17 20:00","2008","10","17","20:00"," ","-6,60","","-9,50","","80,00","","26,00","","20,00","","24,10","","100,82","","","","-14,00","","Nuageux"
"2008-10-17 21:00","2008","10","17","21:00"," ","-7,00","","-8,90","","86,00","","25,00","","19,00","","24,10","","100,84","","","","-14,00","","Nuageux"
"2008-10-17 22:00","2008","10","17","22:00"," ","-7,20","","-9,10","","86,00","","27,00","","22,00","","24,10","","100,87","","","","-15,00","","Nuageux"
"2008-10-17 23:00","2008","10","17","23:00"," ","-7,60","","-9,60","","86,00","","25,00","","19,00","","24,10","","100,90","","","","-15,00","","Nuageux"
"2008-10-18 00:00","2008","10","18","00:00"," ","-8,10","","-9,80","","88,00","","25,00","","19,00","","24,10","","100,95","","","","-15,00","","Généralement dégagé"
"2008-10-18 01:00","2008","10","18","01:00"," ","-8,00","","-10,10","","85,00","","25,00","","19,00","","24,10","","100,97","","","","-15,00","","Généralement dégagé"
"2008-10-18 02:00","2008","10","18","02:00"," ","-8,20","","-10,30","","85,00","","26,00","","28,00","","24,10","","101,00","","","","-17,00","","Nuageux"
"2008-10-18 03:00","2008","10","18","03:00"," ","-7,60","","-10,00","","83,00","","26,00","","24,00","","24,10","","101,01","","","","-16,00","","Nuageux"
"2008-10-18 04:00","2008","10","18","04:00"," ","-7,70","","-10,10","","83,00","","26,00","","19,00","","24,10","","101,06","","","","-15,00","","Nuageux"
"2008-10-18 05:00","2008","10","18","05:00"," ","-7,60","","-10,40","","80,00","","27,00","","19,00","","24,10","","101,08","","","","-15,00","","Nuageux"
"2008-10-18 06:00","2008","10","18","06:00"," ","-8,60","","-10,00","","90,00","","27,00","","24,00","","24,10","","101,09","","","","-17,00","","Généralement dégagé"
"2008-10-18 07:00","2008","10","18","07:00"," ","-10,10","","-12,10","","85,00","","27,00","","19,00","","24,10","","101,12","","","","-18,00","","Généralement dégagé"
"2008-10-18 08:00","2008","10","18","08:00"," ","-9,70","","-12,50","","80,00","","26,00","","24,00","","24,10","","101,14","","","","-18,00","","Généralement dégagé"
"2008-10-18 09:00","2008","10","18","09:00"," ","-10,50","","-13,00","","82,00","","27,00","","28,00","","24,10","","101,18","","","","-20,00","","Généralement dégagé"
"2008-10-18 10:00","2008","10","18","10:00"," ","-11,00","","-13,60","","81,00","","23,00","","19,00","","24,10","","101,24","","","","-19,00","","Généralement dégagé"
"2008-10-18 11:00","2008","10","18","11:00"," ","-11,30","","-14,40","","78,00","","25,00","","28,00","","24,10","","101,26","","","","-21,00","","Généralement dégagé"
"2008-10-18 12:00","2008","10","18","12:00"," ","-10,60","","-13,60","","79,00","","24,00","","28,00","","24,10","","101,30","","","","-20,00","","Généralement nuageux"
"2008-10-18 13:00","2008","10","18","13:00"," ","-10,20","","-12,70","","82,00","","24,00","","19,00","","24,10","","101,35","","","","-18,00","","Généralement nuageux"
"2008-10-18 14:00","2008","10","18","14:00"," ","-9,30","","-12,00","","81,00","","24,00","","28,00","","24,10","","101,41","","","","-18,00","","Généralement nuageux"
"2008-10-18 15:00","2008","10","18","15:00"," ","-9,60","","-12,40","","80,00","","23,00","","19,00","","24,10","","101,43","","","","-17,00","","Généralement nuageux"
"2008-10-18 16:00","2008","10","18","16:00"," ","-10,00","","-12,90","","79,00","","24,00","","19,00","","24,10","","101,45","","","","-18,00","","Généralement nuageux"
"2008-10-18 17:00","2008","10","18","17:00"," ","-11,20","","-13,90","","80,00","","23,00","","19,00","","24,10","","101,49","","","","-19,00","","Généralement dégagé"
"2008-10-18 18:00","2008","10","18","18:00"," ","-13,30","","-15,90","","81,00","","23,00","","17,00","","24,10","","101,52","","","","-21,00","","Généralement dégagé"
"2008-10-18 19:00","2008","10","18","19:00"," ","-13,90","","-16,00","","84,00","","23,00","","20,00","","24,10","","101,53","","","","-23,00","","Généralement dégagé"
"2008-10-18 20:00","2008","10","18","20:00"," ","-14,20","","-15,90","","87,00","","23,00","","20,00","","24,10","","101,53","","","","-23,00","","Généralement dégagé"
"2008-10-18 21:00","2008","10","18","21:00"," ","-14,70","","-16,40","","87,00","","22,00","","19,00","","24,10","","101,56","","","","-24,00","","Généralement dégagé"
"2008-10-18 22:00","2008","10","18","22:00"," ","-14,60","","-16,30","","87,00","","21,00","","15,00","","24,10","","101,57","","","","-22,00","","Généralement dégagé"
"2008-10-18 23:00","2008","10","18","23:00"," ","-15,00","","-16,80","","86,00","","23,00","","19,00","","24,10","","101,58","","","","-24,00","","Dégagé"
"2008-10-19 00:00","2008","10","19","00:00"," ","-15,80","","-17,60","","86,00","","23,00","","15,00","","24,10","","101,59","","","","-24,00","","Dégagé"
"2008-10-19 01:00","2008","10","19","01:00"," ","-16,00","","-17,30","","90,00","","20,00","","11,00","","24,10","","101,57","","","","-23,00","","Dégagé"
"2008-10-19 02:00","2008","10","19","02:00"," ","-16,50","","-17,80","","90,00","","22,00","","15,00","","24,10","","101,54","","","","-25,00","","Dégagé"
"2008-10-19 03:00","2008","10","19","03:00"," ","-16,00","","-17,30","","90,00","","20,00","","7,00","","24,10","","101,52","","","","-21,00","","Dégagé"
"2008-10-19 04:00","2008","10","19","04:00"," ","-15,40","","-16,70","","90,00","","22,00","","7,00","","24,10","","101,48","","","","-20,00","","Dégagé"
"2008-10-19 05:00","2008","10","19","05:00"," ","-16,60","","-17,90","","90,00","","21,00","","11,00","","24,10","","101,44","","","","-24,00","","Dégagé"
"2008-10-19 06:00","2008","10","19","06:00"," ","-15,00","","-16,20","","91,00","","23,00","","13,00","","24,10","","101,40","","","","-22,00","","Dégagé"
"2008-10-19 07:00","2008","10","19","07:00"," ","-15,00","","-16,20","","91,00","","20,00","","7,00","","24,10","","101,38","","","","-20,00","","Généralement dégagé"
"2008-10-19 08:00","2008","10","19","08:00"," ","-14,50","","-16,70","","83,00","","0,00","","0,00","","24,10","","101,34","","","","","","Généralement dégagé"
"2008-10-19 09:00","2008","10","19","09:00"," ","-14,80","","-16,50","","87,00","","30,00","","7,00","","24,10","","101,32","","","","-20,00","","Généralement nuageux"
"2008-10-19 10:00","2008","10","19","10:00"," ","-13,80","","-15,90","","84,00","","0,00","","0,00","","24,10","","101,27","","","","","","Généralement nuageux"
"2008-10-19 11:00","2008","10","19","11:00"," ","-10,00","","-12,90","","79,00","","23,00","","9,00","","24,10","","101,23","","","","-15,00","","Généralement dégagé"
"2008-10-19 12:00","2008","10","19","12:00"," ","-7,20","","-11,00","","74,00","","22,00","","9,00","","24,10","","101,17","","","","-12,00","","Généralement dégagé"
"2008-10-19 13:00","2008","10","19","13:00"," ","-7,00","","-10,80","","74,00","","18,00","","15,00","","24,10","","101,09","","","","-13,00","","Généralement dégagé"
"2008-10-19 14:00","2008","10","19","14:00"," ","-6,20","","-10,10","","74,00","","18,00","","19,00","","24,10","","101,01","","","","-13,00","","Dégagé"
"2008-10-19 15:00","2008","10","19","15:00"," ","-6,50","","-10,10","","76,00","","19,00","","19,00","","24,10","","100,94","","","","-13,00","","Dégagé"
"2008-10-19 16:00","2008","10","19","16:00"," ","-7,70","","-10,90","","78,00","","17,00","","15,00","","24,10","","100,92","","","","-14,00","","Généralement nuageux"
"2008-10-19 17:00","2008","10","19","17:00"," ","-7,30","","-10,40","","78,00","","17,00","","9,00","","24,10","","100,87","","","","-12,00","","Généralement nuageux"
"2008-10-19 18:00","2008","10","19","18:00"," ","-6,80","","-9,40","","82,00","","13,00","","7,00","","24,10","","100,79","","","","-10,00","","Nuageux"
"2008-10-19 19:00","2008","10","19","19:00"," ","-5,60","","-8,30","","81,00","","12,00","","11,00","","24,10","","100,71","","","","-10,00","","Nuageux"
"2008-10-19 20:00","2008","10","19","20:00"," ","-5,10","","-6,70","","89,00","","14,00","","7,00","","24,10","","100,65","","","","-8,00","","Nuageux"
"2008-10-19 21:00","2008","10","19","21:00"," ","-4,50","","-5,70","","91,00","","17,00","","9,00","","24,10","","100,59","","","","-8,00","","Neige"
"2008-10-19 22:00","2008","10","19","22:00"," ","-4,40","","-5,60","","91,00","","18,00","","6,00","","24,10","","100,55","","","","-7,00","","Neige"
"2008-10-19 23:00","2008","10","19","23:00"," ","-4,10","","-5,20","","92,00","","20,00","","6,00","","24,10","","100,52","","","","-7,00","","Neige"
"2008-10-20 00:00","2008","10","20","00:00"," ","-4,10","","-5,20","","92,00","","12,00","","6,00","","24,10","","100,45","","","","-7,00","","Neige"
"2008-10-20 01:00","2008","10","20","01:00"," ","-3,90","","-4,70","","94,00","","0,00","","0,00","","24,10","","100,40","","","","","","Nuageux"
"2008-10-20 02:00","2008","10","20","02:00"," ","-3,80","","-4,60","","94,00","","0,00","","0,00","","24,10","","100,37","","","","","","Nuageux"
"2008-10-20 03:00","2008","10","20","03:00"," ","-3,90","","-4,70","","94,00","","0,00","","0,00","","24,10","","100,32","","","","","","Nuageux"
"2008-10-20 04:00","2008","10","20","04:00"," ","-3,50","","-4,20","","95,00","","0,00","","0,00","","24,10","","100,30","","","","","","Nuageux"
"2008-10-20 05:00","2008","10","20","05:00"," ","-3,50","","-4,20","","95,00","","0,00","","0,00","","24,10","","100,26","","","","","","Neige"
"2008-10-20 06:00","2008","10","20","06:00"," ","-3,00","","-3,70","","95,00","","6,00","","6,00","","24,10","","100,22","","","","-5,00","","Neige"
"2008-10-20 07:00","2008","10","20","07:00"," ","-3,00","","-3,70","","95,00","","4,00","","11,00","","24,10","","100,20","","","","-7,00","","Neige"
"2008-10-20 08:00","2008","10","20","08:00"," ","-2,90","","-5,60","","82,00","","2,00","","11,00","","24,10","","100,19","","","","-7,00","","Nuageux"
"2008-10-20 09:00","2008","10","20","09:00"," ","-2,90","","-5,30","","83,00","","35,00","","9,00","","24,10","","100,21","","","","-6,00","","Nuageux"
"2008-10-20 10:00","2008","10","20","10:00"," ","-2,60","","-5,90","","78,00","","33,00","","15,00","","24,10","","100,20","","","","-8,00","","Nuageux"
"2008-10-20 11:00","2008","10","20","11:00"," ","-3,30","","-6,40","","79,00","","36,00","","24,00","","24,10","","100,19","","","","-10,00","","Nuageux"
"2008-10-20 12:00","2008","10","20","12:00"," ","-3,60","","-4,90","","91,00","","35,00","","19,00","","24,10","","100,23","","","","-10,00","","Nuageux"
"2008-10-20 13:00","2008","10","20","13:00"," ","-3,70","","-5,30","","89,00","","34,00","","15,00","","24,10","","100,28","","","","-9,00","","Neige"
"2008-10-20 14:00","2008","10","20","14:00"," ","-3,70","","-6,30","","82,00","","34,00","","22,00","","24,10","","100,33","","","","-10,00","","Généralement nuageux"
"2008-10-20 15:00","2008","10","20","15:00"," ","-4,30","","-7,00","","81,00","","35,00","","20,00","","24,10","","100,38","","","","-11,00","","Généralement nuageux"
"2008-10-20 16:00","2008","10","20","16:00"," ","-5,50","","-7,80","","84,00","","34,00","","17,00","","24,10","","100,45","","","","-12,00","","Généralement nuageux"
"2008-10-20 17:00","2008","10","20","17:00"," ","-7,00","","-9,30","","84,00","","29,00","","15,00","","24,10","","100,50","","","","-13,00","","Généralement dégagé"
"2008-10-20 18:00","2008","10","20","18:00"," ","-7,90","","-9,20","","90,00","","27,00","","17,00","","24,10","","100,57","","","","-15,00","","Généralement dégagé"
"2008-10-20 19:00","2008","10","20","19:00"," ","-8,30","","-8,60","","98,00","","27,00","","19,00","","19,30","","100,61","","","","-16,00","","Bruine verglaçante"
"2008-10-20 20:00","2008","10","20","20:00"," ","-7,40","","-8,00","","95,00","","27,00","","15,00","","12,90","","100,64","","","","-14,00","","Bruine verglaçante"
"2008-10-20 21:00","2008","10","20","21:00"," ","-6,90","","-7,40","","96,00","","27,00","","13,00","","9,70","","100,70","","","","-12,00","","Bruine verglaçante,Brouillard"
"2008-10-20 22:00","2008","10","20","22:00"," ","-7,40","","-8,00","","95,00","","27,00","","9,00","","9,70","","100,79","","","","-12,00","","Neige,Brouillard"
"2008-10-20 23:00","2008","10","20","23:00"," ","-7,00","","-7,60","","95,00","","26,00","","15,00","","16,10","","100,87","","","","-13,00","","Neige"
"2008-10-21 00:00","2008","10","21","00:00"," ","-7,00","","-8,20","","91,00","","26,00","","15,00","","19,30","","100,92","","","","-13,00","","Neige"
"2008-10-21 01:00","2008","10","21","01:00"," ","-7,20","","-8,10","","93,00","","26,00","","17,00","","24,10","","101,00","","","","-14,00","","Neige"
"2008-10-21 02:00","2008","10","21","02:00"," ","-7,20","","-8,40","","91,00","","27,00","","15,00","","24,10","","101,09","","","","-13,00","","Neige"
"2008-10-21 03:00","2008","10","21","03:00"," ","-7,40","","-8,70","","90,00","","25,00","","19,00","","24,10","","101,13","","","","-14,00","","Neige"
"2008-10-21 04:00","2008","10","21","04:00"," ","-8,00","","-9,30","","90,00","","23,00","","19,00","","24,10","","101,18","","","","-15,00","","Neige"
"2008-10-21 05:00","2008","10","21","05:00"," ","-8,30","","-9,70","","90,00","","23,00","","11,00","","24,10","","101,27","","","","-14,00","","Neige"
"2008-10-21 06:00","2008","10","21","06:00"," ","-8,80","","-10,30","","89,00","","25,00","","15,00","","24,10","","101,33","","","","-15,00","","Généralement nuageux"
"2008-10-21 07:00","2008","10","21","07:00"," ","-9,30","","-10,80","","89,00","","23,00","","13,00","","24,10","","101,43","","","","-15,00","","Généralement nuageux"
"2008-10-21 08:00","2008","10","21","08:00"," ","-8,70","","-10,10","","90,00","","21,00","","7,00","","24,10","","101,51","","","","-13,00","","Neige"
"2008-10-21 09:00","2008","10","21","09:00"," ","-9,50","","-10,70","","91,00","","22,00","","15,00","","24,10","","101,56","","","","-16,00","","Généralement dégagé"
"2008-10-21 10:00","2008","10","21","10:00"," ","-9,70","","-10,90","","91,00","","23,00","","17,00","","24,10","","101,61","","","","-17,00","","Généralement dégagé"
"2008-10-21 11:00","2008","10","21","11:00"," ","-9,30","","-11,20","","86,00","","22,00","","11,00","","24,10","","101,67","","","","-15,00","","Généralement dégagé"
"2008-10-21 12:00","2008","10","21","12:00"," ","-8,80","","-10,60","","87,00","","23,00","","13,00","","24,10","","101,73","","","","-15,00","","Généralement dégagé"
"2008-10-21 13:00","2008","10","21","13:00"," ","-8,10","","-10,60","","82,00","","0,00","","0,00","","24,10","","101,77","","","","","","Généralement dégagé"
"2008-10-21 14:00","2008","10","21","14:00"," ","-7,00","","-9,60","","82,00","","0,00","","0,00","","24,10","","101,82","","","","","","Généralement dégagé"
"2008-10-21 15:00","2008","10","21","15:00"," ","-7,90","","-10,30","","83,00","","21,00","","7,00","","24,10","","101,85","","","","-12,00","","Généralement dégagé"
"2008-10-21 16:00","2008","10","21","16:00"," ","-9,50","","-11,80","","83,00","","22,00","","9,00","","24,10","","101,89","","","","-14,00","","Généralement dégagé"
"2008-10-21 17:00","2008","10","21","17:00"," ","-10,50","","-11,80","","90,00","","20,00","","9,00","","24,10","","101,91","","","","-15,00","","Généralement dégagé"
"2008-10-21 18:00","2008","10","21","18:00"," ","-11,00","","-12,30","","90,00","","21,00","","9,00","","24,10","","101,92","","","","-16,00","","Généralement dégagé"
"2008-10-21 19:00","2008","10","21","19:00"," ","-11,90","","-13,30","","89,00","","20,00","","9,00","","24,10","","101,93","","","","-17,00","","Généralement dégagé"
"2008-10-21 20:00","2008","10","21","20:00"," ","-10,70","","-12,40","","87,00","","17,00","","9,00","","24,10","","101,92","","","","-16,00","","Généralement nuageux"
"2008-10-21 21:00","2008","10","21","21:00"," ","-10,40","","-12,10","","87,00","","21,00","","11,00","","24,10","","101,88","","","","-16,00","","Nuageux"
"2008-10-21 22:00","2008","10","21","22:00"," ","-8,70","","-10,10","","90,00","","16,00","","19,00","","24,10","","101,84","","","","-16,00","","Nuageux"
"2008-10-21 23:00","2008","10","21","23:00"," ","-7,50","","-8,80","","90,00","","13,00","","9,00","","24,10","","101,80","","","","-12,00","","Nuageux"
"2008-10-22 00:00","2008","10","22","00:00"," ","-7,50","","-8,40","","93,00","","13,00","","11,00","","24,10","","101,71","","","","-13,00","","Nuageux"
"2008-10-22 01:00","2008","10","22","01:00"," ","-7,40","","-8,30","","93,00","","13,00","","11,00","","24,10","","101,62","","","","-12,00","","Nuageux"
"2008-10-22 02:00","2008","10","22","02:00"," ","-7,00","","-7,60","","95,00","","12,00","","13,00","","24,10","","101,51","","","","-13,00","","Nuageux"
"2008-10-22 03:00","2008","10","22","03:00"," ","-6,50","","-7,30","","94,00","","12,00","","9,00","","24,10","","101,40","","","","-11,00","","Nuageux"
"2008-10-22 04:00","2008","10","22","04:00"," ","-7,50","","-8,80","","90,00","","9,00","","6,00","","24,10","","101,27","","","","-11,00","","Généralement nuageux"
"2008-10-22 05:00","2008","10","22","05:00"," ","-7,00","","-8,20","","91,00","","13,00","","6,00","","24,10","","101,27","","","","-10,00","","Généralement nuageux"
"2008-10-22 06:00","2008","10","22","06:00"," ","-6,70","","-7,90","","91,00","","20,00","","15,00","","24,10","","101,27","","","","-13,00","","Généralement nuageux"
"2008-10-22 07:00","2008","10","22","07:00"," ","-7,30","","-8,60","","90,00","","9,00","","7,00","","24,10","","101,19","","","","-11,00","","Généralement nuageux"
"2008-10-22 08:00","2008","10","22","08:00"," ","-7,40","","-8,70","","90,00","","13,00","","6,00","","24,10","","101,02","","","","-11,00","","Généralement dégagé"
"2008-10-22 09:00","2008","10","22","09:00"," ","-7,40","","-10,50","","78,00","","15,00","","7,00","","24,10","","100,88","","","","-11,00","","Généralement dégagé"
"2008-10-22 10:00","2008","10","22","10:00"," ","-7,50","","-11,00","","76,00","","16,00","","6,00","","24,10","","100,78","","","","-11,00","","Généralement dégagé"
"2008-10-22 11:00","2008","10","22","11:00"," ","-6,80","","-10,10","","77,00","","17,00","","6,00","","24,10","","100,67","","","","-10,00","","Généralement nuageux"
"2008-10-22 12:00","2008","10","22","12:00"," ","-6,70","","-10,40","","75,00","","15,00","","19,00","","24,10","","100,53","","","","-14,00","","Généralement nuageux"
"2008-10-22 13:00","2008","10","22","13:00"," ","-5,60","","-9,30","","75,00","","16,00","","6,00","","24,10","","100,37","","","","-8,00","","Généralement nuageux"
"2008-10-22 14:00","2008","10","22","14:00"," ","-5,30","","-8,30","","79,00","","13,00","","19,00","","24,10","","100,20","","","","-12,00","","Nuageux"
"2008-10-22 15:00","2008","10","22","15:00"," ","-4,00","","-7,60","","76,00","","12,00","","15,00","","24,10","","100,07","","","","-9,00","","Nuageux"
"2008-10-22 16:00","2008","10","22","16:00"," ","-4,00","","-7,00","","80,00","","7,00","","11,00","","24,10","","99,88","","","","-8,00","","Nuageux"
"2008-10-22 17:00","2008","10","22","17:00"," ","-3,80","","-6,70","","80,00","","9,00","","19,00","","24,10","","99,72","","","","-10,00","","Nuageux"
"2008-10-22 18:00","2008","10","22","18:00"," ","-3,70","","-6,30","","82,00","","9,00","","19,00","","24,10","","99,53","","","","-10,00","","Généralement nuageux"
"2008-10-22 19:00","2008","10","22","19:00"," ","-3,40","","-5,60","","85,00","","11,00","","19,00","","24,10","","99,34","","","","-9,00","","Nuageux"
"2008-10-22 20:00","2008","10","22","20:00"," ","-3,00","","-5,10","","85,00","","10,00","","19,00","","24,10","","99,15","","","","-9,00","","Nuageux"
"2008-10-22 21:00","2008","10","22","21:00"," ","-2,50","","-5,70","","79,00","","12,00","","19,00","","24,10","","99,01","","","","-8,00","","Neige"
"2008-10-22 22:00","2008","10","22","22:00"," ","-3,00","","-6,70","","76,00","","10,00","","19,00","","1,60","","98,92","","","","-9,00","","Poudrerie élevée"
"2008-10-22 23:00","2008","10","22","23:00"," ","-2,50","","-3,10","","96,00","","9,00","","19,00","","2,40","","98,79","","","","-8,00","","Poudrerie élevée"
"2008-10-23 00:00","2008","10","23","00:00"," ","-2,40","","-3,50","","92,00","","9,00","","19,00","","24,10","","98,66","","","","-8,00","","Neige"
"2008-10-23 01:00","2008","10","23","01:00"," ","-3,20","","-5,40","","85,00","","9,00","","19,00","","24,10","","98,56","","","","-9,00","","Généralement dégagé"
"2008-10-23 02:00","2008","10","23","02:00"," ","-3,00","","-5,40","","83,00","","9,00","","19,00","","24,10","","98,49","","","","-9,00","","Généralement nuageux"
"2008-10-23 03:00","2008","10","23","03:00"," ","-3,30","","-5,80","","83,00","","9,00","","22,00","","24,10","","98,42","","","","-10,00","","Neige"
"2008-10-23 04:00","2008","10","23","04:00"," ","-4,00","","-6,00","","86,00","","11,00","","19,00","","24,10","","98,38","","","","-10,00","","Généralement dégagé"
"2008-10-23 05:00","2008","10","23","05:00"," ","-3,90","","-6,50","","82,00","","9,00","","19,00","","24,10","","98,36","","","","-10,00","","Généralement dégagé"
"2008-10-23 06:00","2008","10","23","06:00"," ","-3,70","","-5,70","","86,00","","10,00","","13,00","","24,10","","98,35","","","","-9,00","","Généralement nuageux"
"2008-10-23 07:00","2008","10","23","07:00"," ","-3,80","","-5,50","","88,00","","0,00","","0,00","","24,10","","98,36","","","","","","Neige"
"2008-10-23 08:00","2008","10","23","08:00"," ","-3,80","","-5,20","","90,00","","0,00","","0,00","","24,10","","98,38","","","","","","Généralement nuageux"
"2008-10-23 09:00","2008","10","23","09:00"," ","-3,20","","-4,50","","91,00","","0,00","","0,00","","24,10","","98,39","","","","","","Neige"
"2008-10-23 10:00","2008","10","23","10:00"," ","-2,80","","-3,40","","96,00","","27,00","","9,00","","24,10","","98,43","","","","-6,00","","Neige"
"2008-10-23 11:00","2008","10","23","11:00"," ","-3,00","","-4,20","","91,00","","26,00","","15,00","","24,10","","98,47","","","","-8,00","","Neige"
"2008-10-23 12:00","2008","10","23","12:00"," ","-2,50","","-3,40","","94,00","","27,00","","15,00","","12,90","","98,53","","","","-7,00","","Neige"
"2008-10-23 13:00","2008","10","23","13:00"," ","-2,20","","-2,80","","96,00","","27,00","","15,00","","9,70","","98,59","","","","-7,00","","Neige,Brouillard"
"2008-10-23 14:00","2008","10","23","14:00"," ","-2,00","","-2,50","","96,00","","27,00","","19,00","","24,10","","98,62","","","","-8,00","","Neige"
"2008-10-23 15:00","2008","10","23","15:00"," ","-2,40","","-3,50","","92,00","","25,00","","19,00","","24,10","","98,67","","","","-8,00","","Nuageux"
"2008-10-23 16:00","2008","10","23","16:00"," ","-2,50","","-3,60","","92,00","","26,00","","19,00","","24,10","","98,71","","","","-8,00","","Nuageux"
"2008-10-23 17:00","2008","10","23","17:00"," ","-2,60","","-3,50","","94,00","","26,00","","19,00","","24,10","","98,73","","","","-8,00","","Nuageux"
"2008-10-23 18:00","2008","10","23","18:00"," ","-2,60","","-3,80","","91,00","","25,00","","19,00","","24,10","","98,76","","","","-8,00","","Neige en grains"
"2008-10-23 19:00","2008","10","23","19:00"," ","-2,90","","-4,40","","89,00","","25,00","","19,00","","24,10","","98,77","","","","-9,00","","Neige en grains"
"2008-10-23 20:00","2008","10","23","20:00"," ","-3,00","","-4,80","","87,00","","25,00","","19,00","","24,10","","98,75","","","","-9,00","","Neige"
"2008-10-23 21:00","2008","10","23","21:00"," ","-3,70","","-5,70","","86,00","","26,00","","19,00","","24,10","","98,74","","","","-10,00","","Neige"
"2008-10-23 22:00","2008","10","23","22:00"," ","-5,00","","-7,50","","83,00","","26,00","","28,00","","24,10","","98,77","","","","-13,00","","Neige"
"2008-10-23 23:00","2008","10","23","23:00"," ","-6,30","","-8,80","","82,00","","26,00","","28,00","","24,10","","98,82","","","","-14,00","","Généralement dégagé"
"2008-10-24 00:00","2008","10","24","00:00"," ","-7,40","","-9,40","","86,00","","26,00","","28,00","","24,10","","98,84","","","","-16,00","","Généralement dégagé"
"2008-10-24 01:00","2008","10","24","01:00"," ","-6,80","","-9,00","","84,00","","24,00","","20,00","","24,10","","98,91","","","","-14,00","","Généralement nuageux"
"2008-10-24 02:00","2008","10","24","02:00"," ","-6,70","","-9,30","","82,00","","24,00","","22,00","","24,10","","98,91","","","","-14,00","","Généralement nuageux"
"2008-10-24 03:00","2008","10","24","03:00"," ","-7,10","","-9,40","","84,00","","26,00","","28,00","","24,10","","98,92","","","","-15,00","","Généralement nuageux"
"2008-10-24 04:00","2008","10","24","04:00"," ","-8,00","","-10,10","","85,00","","25,00","","28,00","","24,10","","98,92","","","","-17,00","","Généralement nuageux"
"2008-10-24 05:00","2008","10","24","05:00"," ","-8,00","","-10,10","","85,00","","25,00","","28,00","","24,10","","98,91","","","","-17,00","","Nuageux"
"2008-10-24 06:00","2008","10","24","06:00"," ","-8,00","","-10,50","","82,00","","23,00","","19,00","","24,10","","98,88","","","","-15,00","","Nuageux"
"2008-10-24 07:00","2008","10","24","07:00"," ","-6,60","","-8,80","","84,00","","24,00","","28,00","","24,10","","98,91","","","","-15,00","","Nuageux"
"2008-10-24 08:00","2008","10","24","08:00"," ","-6,40","","-8,20","","87,00","","25,00","","28,00","","24,10","","98,92","","","","-15,00","","Nuageux"
"2008-10-24 09:00","2008","10","24","09:00"," ","-6,00","","-7,10","","92,00","","26,00","","22,00","","24,10","","98,93","","","","-13,00","","Bruine verglaçante,Neige roulée"
"2008-10-24 10:00","2008","10","24","10:00"," ","-5,60","","-6,30","","95,00","","26,00","","22,00","","24,10","","98,95","","","","-13,00","","Bruine verglaçante,Neige roulée"
"2008-10-24 11:00","2008","10","24","11:00"," ","-5,40","","-6,10","","95,00","","25,00","","19,00","","24,10","","98,98","","","","-12,00","","Neige roulée"
"2008-10-24 12:00","2008","10","24","12:00"," ","-4,80","","-5,70","","93,00","","26,00","","19,00","","24,10","","98,99","","","","-11,00","","Neige"
"2008-10-24 13:00","2008","10","24","13:00"," ","-4,00","","-5,10","","92,00","","27,00","","24,00","","24,10","","98,98","","","","-11,00","","Neige"
"2008-10-24 14:00","2008","10","24","14:00"," ","-2,60","","-4,30","","88,00","","30,00","","19,00","","24,10","","99,01","","","","-8,00","","Neige"
"2008-10-24 15:00","2008","10","24","15:00"," ","-2,60","","-4,30","","88,00","","32,00","","19,00","","24,10","","99,05","","","","-8,00","","Neige"
"2008-10-24 16:00","2008","10","24","16:00"," ","-2,70","","-3,90","","91,00","","34,00","","20,00","","24,10","","99,08","","","","-9,00","","Généralement nuageux"
"2008-10-24 17:00","2008","10","24","17:00"," ","-2,50","","-4,20","","88,00","","34,00","","20,00","","24,10","","99,11","","","","-8,00","","Généralement nuageux"
"2008-10-24 18:00","2008","10","24","18:00"," ","-2,70","","-3,90","","91,00","","30,00","","15,00","","24,10","","99,10","","","","-8,00","","Neige"
"2008-10-24 19:00","2008","10","24","19:00"," ","-2,90","","-4,10","","91,00","","33,00","","19,00","","4,80","","99,10","","","","-9,00","","Neige,Brouillard"
"2008-10-24 20:00","2008","10","24","20:00"," ","-3,40","","-4,70","","91,00","","30,00","","24,00","","8,00","","99,13","","","","-10,00","","Neige"
"2008-10-24 21:00","2008","10","24","21:00"," ","-3,00","","-4,80","","87,00","","33,00","","28,00","","6,40","","99,14","","","","-10,00","","Neige"
"2008-10-24 22:00","2008","10","24","22:00"," ","-3,10","","-4,90","","87,00","","33,00","","19,00","","6,40","","99,17","","","","-9,00","","Neige"
"2008-10-24 23:00","2008","10","24","23:00"," ","-3,50","","-5,40","","87,00","","32,00","","28,00","","24,10","","99,18","","","","-11,00","","Nuageux"
"2008-10-25 00:00","2008","10","25","00:00"," ","-4,20","","-5,60","","90,00","","33,00","","20,00","","24,10","","99,22","","","","-11,00","","Généralement nuageux"
"2008-10-25 01:00","2008","10","25","01:00"," ","-4,00","","-6,00","","86,00","","35,00","","19,00","","24,10","","99,29","","","","-10,00","","Généralement nuageux"
"2008-10-25 02:00","2008","10","25","02:00"," ","-4,50","","-6,30","","87,00","","32,00","","19,00","","24,10","","99,36","","","","-11,00","","Nuageux"
"2008-10-25 03:00","2008","10","25","03:00"," ","-3,50","","-5,40","","87,00","","33,00","","28,00","","16,10","","99,38","","","","-11,00","","Neige"
"2008-10-25 04:00","2008","10","25","04:00"," ","-3,50","","-5,40","","87,00","","32,00","","24,00","","9,70","","99,43","","","","-10,00","","Neige"
"2008-10-25 05:00","2008","10","25","05:00"," ","-3,50","","-4,80","","91,00","","34,00","","19,00","","9,70","","99,52","","","","-9,00","","Neige"
"2008-10-25 06:00","2008","10","25","06:00"," ","-3,60","","-5,20","","89,00","","34,00","","19,00","","9,70","","99,57","","","","-10,00","","Neige"
"2008-10-25 07:00","2008","10","25","07:00"," ","-3,80","","-5,50","","88,00","","34,00","","19,00","","9,70","","99,66","","","","-10,00","","Neige"
"2008-10-25 08:00","2008","10","25","08:00"," ","-4,00","","-5,70","","88,00","","34,00","","19,00","","16,10","","99,76","","","","-10,00","","Neige"
"2008-10-25 09:00","2008","10","25","09:00"," ","-4,20","","-5,90","","88,00","","35,00","","22,00","","24,10","","99,87","","","","-11,00","","Neige"
"2008-10-25 10:00","2008","10","25","10:00"," ","-4,20","","-5,90","","88,00","","34,00","","20,00","","12,90","","99,98","","","","-11,00","","Neige"
"2008-10-25 11:00","2008","10","25","11:00"," ","-4,40","","-5,60","","91,00","","35,00","","19,00","","2,40","","100,09","","","","-11,00","","Neige,Brouillard"
"2008-10-25 12:00","2008","10","25","12:00"," ","-4,60","","-5,50","","93,00","","33,00","","19,00","","2,40","","100,21","","","","-11,00","","Neige,Brouillard"
"2008-10-25 13:00","2008","10","25","13:00"," ","-4,60","","-5,80","","91,00","","36,00","","20,00","","3,20","","100,36","","","","-11,00","","Neige,Brouillard"
"2008-10-25 14:00","2008","10","25","14:00"," ","-4,70","","-5,60","","93,00","","34,00","","20,00","","4,80","","100,51","","","","-11,00","","Neige,Brouillard"
"2008-10-25 15:00","2008","10","25","15:00"," ","-4,10","","-4,90","","94,00","","36,00","","28,00","","2,40","","100,66","","","","-12,00","","Neige,Brouillard"
"2008-10-25 16:00","2008","10","25","16:00"," ","-5,10","","-7,00","","86,00","","1,00","","19,00","","9,70","","100,81","","","","-12,00","","Neige,Brouillard"
"2008-10-25 17:00","2008","10","25","17:00"," ","-5,30","","-6,60","","91,00","","36,00","","20,00","","3,20","","100,96","","","","-12,00","","Neige,Brouillard"
"2008-10-25 18:00","2008","10","25","18:00"," ","-5,10","","-6,10","","93,00","","33,00","","17,00","","6,40","","101,06","","","","-11,00","","Neige,Brouillard"
"2008-10-25 19:00","2008","10","25","19:00"," ","-6,30","","-7,70","","90,00","","33,00","","19,00","","2,40","","101,19","","","","-13,00","","Neige,Brouillard"
"2008-10-25 20:00","2008","10","25","20:00"," ","-6,50","","-8,00","","89,00","","29,00","","11,00","","2,40","","101,27","","","","-11,00","","Neige"
"2008-10-25 21:00","2008","10","25","21:00"," ","-7,50","","-8,40","","93,00","","27,00","","15,00","","3,20","","101,33","","","","-14,00","","Neige"
"2008-10-25 22:00","2008","10","25","22:00"," ","-7,00","","-7,90","","93,00","","29,00","","9,00","","3,20","","101,40","","","","-11,00","","Neige"
"2008-10-25 23:00","2008","10","25","23:00"," ","-6,20","","-8,30","","85,00","","33,00","","19,00","","11,30","","101,49","","","","-13,00","","Neige"
"2008-10-26 00:00","2008","10","26","00:00"," ","-6,90","","-9,10","","84,00","","34,00","","19,00","","3,20","","101,61","","","","-14,00","","Neige"
"2008-10-26 01:00","2008","10","26","01:00"," ","-7,40","","-8,30","","93,00","","30,00","","19,00","","2,00","","101,72","","","","-14,00","","Neige"
"2008-10-26 02:00","2008","10","26","02:00"," ","-7,00","","-8,60","","88,00","","32,00","","37,00","","6,40","","101,77","","","","-16,00","","Neige"
"2008-10-26 03:00","2008","10","26","03:00"," ","-8,00","","-10,80","","80,00","","30,00","","30,00","","16,10","","101,88","","","","-17,00","","Neige"
"2008-10-26 04:00","2008","10","26","04:00"," ","-8,00","","-10,80","","80,00","","28,00","","22,00","","24,10","","101,91","","","","-16,00","","Neige"
"2008-10-26 05:00","2008","10","26","05:00"," ","-9,20","","-11,50","","83,00","","26,00","","28,00","","19,30","","101,92","","","","-18,00","","Neige"
"2008-10-26 06:00","2008","10","26","06:00"," ","-9,40","","-10,90","","89,00","","27,00","","28,00","","4,80","","101,94","","","","-18,00","","Neige"
"2008-10-26 07:00","2008","10","26","07:00"," ","-10,50","","-11,80","","90,00","","27,00","","37,00","","4,80","","102,02","","","","-21,00","","Neige,Poudrerie élevée"
"2008-10-26 08:00","2008","10","26","08:00"," ","-10,70","","-12,00","","90,00","","26,00","","37,00","","6,40","","102,04","","","","-21,00","","Neige,Poudrerie élevée"
"2008-10-26 09:00","2008","10","26","09:00"," ","-10,70","","-12,00","","90,00","","27,00","","28,00","","1,60","","102,07","","","","-20,00","","Neige,Poudrerie élevée"
"2008-10-26 10:00","2008","10","26","10:00"," ","-10,80","","-11,70","","93,00","","27,00","","37,00","","2,40","","102,10","","","","-21,00","","Neige,Poudrerie élevée"
"2008-10-26 11:00","2008","10","26","11:00"," ","-11,50","","-12,90","","89,00","","26,00","","37,00","","1,20","","102,12","","","","-22,00","","Neige,Poudrerie élevée"
"2008-10-26 12:00","2008","10","26","12:00"," ","-11,60","","-13,00","","89,00","","26,00","","37,00","","9,70","","102,17","","","","-23,00","","Neige,Poudrerie élevée"
"2008-10-26 13:00","2008","10","26","13:00"," ","-11,40","","-13,20","","86,00","","26,00","","43,00","","12,90","","102,20","","","","-23,00","","Neige"
"2008-10-26 14:00","2008","10","26","14:00"," ","-11,70","","-13,50","","86,00","","26,00","","37,00","","16,10","","102,25","","","","-23,00","","Généralement nuageux"
"2008-10-26 15:00","2008","10","26","15:00"," ","-13,30","","-14,90","","88,00","","24,00","","28,00","","24,10","","102,29","","","","-24,00","","Généralement nuageux"
"2008-10-26 16:00","2008","10","26","16:00"," ","-13,70","","-15,80","","84,00","","24,00","","24,00","","24,10","","102,30","","","","-23,00","","Généralement nuageux"
"2008-10-26 17:00","2008","10","26","17:00"," ","-15,30","","-17,60","","83,00","","23,00","","26,00","","24,10","","102,27","","","","-26,00","","Généralement dégagé"
"2008-10-26 18:00","2008","10","26","18:00"," ","-15,70","","-17,50","","86,00","","24,00","","28,00","","24,10","","102,26","","","","-27,00","","Généralement dégagé"
"2008-10-26 19:00","2008","10","26","19:00"," ","-16,90","","-18,80","","85,00","","23,00","","15,00","","24,10","","102,23","","","","-25,00","","Dégagé"
"2008-10-26 20:00","2008","10","26","20:00"," ","-18,30","","-21,10","","79,00","","23,00","","22,00","","24,10","","102,22","","","","-29,00","","Dégagé"
"2008-10-26 21:00","2008","10","26","21:00"," ","-18,00","","-20,70","","79,00","","24,00","","22,00","","24,10","","102,20","","","","-28,00","","Dégagé"
"2008-10-26 22:00","2008","10","26","22:00"," ","-17,90","","-20,60","","79,00","","23,00","","28,00","","24,10","","102,15","","","","-29,00","","Dégagé"
"2008-10-26 23:00","2008","10","26","23:00"," ","-17,50","","-20,10","","80,00","","24,00","","20,00","","24,10","","102,17","","","","-27,00","","Dégagé"
"2008-10-27 00:00","2008","10","27","00:00"," ","-18,30","","-20,40","","84,00","","27,00","","9,00","","24,10","","102,16","","","","-25,00","","Dégagé"
"2008-10-27 01:00","2008","10","27","01:00"," ","-19,20","","-21,40","","83,00","","23,00","","11,00","","24,10","","102,13","","","","-27,00","","Dégagé"
"2008-10-27 02:00","2008","10","27","02:00"," ","-18,00","","-21,40","","75,00","","22,00","","22,00","","24,10","","102,08","","","","-28,00","","Dégagé"
"2008-10-27 03:00","2008","10","27","03:00"," ","-19,30","","-22,20","","78,00","","23,00","","20,00","","24,10","","102,05","","","","-30,00","","Dégagé"
"2008-10-27 04:00","2008","10","27","04:00"," ","-19,70","","-21,90","","83,00","","22,00","","13,00","","24,10","","102,01","","","","-28,00","","Dégagé"
"2008-10-27 05:00","2008","10","27","05:00"," ","-18,30","","-20,40","","84,00","","20,00","","7,00","","24,10","","101,95","","","","-24,00","","Dégagé"
"2008-10-27 06:00","2008","10","27","06:00"," ","-17,20","","-19,20","","84,00","","22,00","","13,00","","24,10","","101,91","","","","-25,00","","Généralement nuageux"
"2008-10-27 07:00","2008","10","27","07:00"," ","-18,70","","-20,80","","83,00","","30,00","","6,00","","24,10","","101,89","","","","-24,00","","Généralement nuageux"
"2008-10-27 08:00","2008","10","27","08:00"," ","-17,50","","-18,90","","89,00","","23,00","","11,00","","24,10","","101,85","","","","-25,00","","Nuageux"
"2008-10-27 09:00","2008","10","27","09:00"," ","-16,90","","-18,30","","89,00","","0,00","","0,00","","24,10","","101,83","","","","","","Nuageux"
"2008-10-27 10:00","2008","10","27","10:00"," ","-15,00","","-19,00","","71,00","","0,00","","0,00","","24,10","","101,79","","","","","","Nuageux"
"2008-10-27 11:00","2008","10","27","11:00"," ","-13,90","","-16,00","","84,00","","0,00","","0,00","","24,10","","101,75","","","","","","Nuageux"
"2008-10-27 12:00","2008","10","27","12:00"," ","-13,10","","-15,60","","81,00","","0,00","","0,00","","24,10","","101,70","","","","","","Nuageux"
"2008-10-27 13:00","2008","10","27","13:00"," ","-11,70","","-14,90","","77,00","","0,00","","0,00","","24,10","","101,68","","","","","","Nuageux"
"2008-10-27 14:00","2008","10","27","14:00"," ","-11,20","","-14,30","","78,00","","13,00","","9,00","","24,10","","101,65","","","","-16,00","","Généralement nuageux"
"2008-10-27 15:00","2008","10","27","15:00"," ","-11,00","","-14,50","","75,00","","17,00","","9,00","","24,10","","101,62","","","","-16,00","","Généralement nuageux"
"2008-10-27 16:00","2008","10","27","16:00"," ","-11,00","","-14,10","","78,00","","20,00","","9,00","","24,10","","101,60","","","","-16,00","","Nuageux"
"2008-10-27 17:00","2008","10","27","17:00"," ","-12,20","","-14,60","","82,00","","0,00","","0,00","","24,10","","101,58","","","","","","Nuageux"
"2008-10-27 18:00","2008","10","27","18:00"," ","-14,70","","-17,00","","83,00","","27,00","","9,00","","24,10","","101,57","","","","-20,00","","Nuageux"
"2008-10-27 19:00","2008","10","27","19:00"," ","-15,50","","-17,30","","86,00","","23,00","","9,00","","19,30","","101,57","","","","-21,00","","Cristaux de glace"
"2008-10-27 20:00","2008","10","27","20:00"," ","-17,10","","-19,10","","84,00","","24,00","","19,00","","24,10","","101,59","","","","-27,00","","Cristaux de glace"
"2008-10-27 21:00","2008","10","27","21:00"," ","-17,70","","-19,70","","84,00","","23,00","","15,00","","24,10","","101,63","","","","-26,00","","Dégagé"
"2008-10-27 22:00","2008","10","27","22:00"," ","-17,90","","-19,90","","84,00","","23,00","","20,00","","24,10","","101,64","","","","-28,00","","Dégagé"
"2008-10-27 23:00","2008","10","27","23:00"," ","-18,10","","-20,20","","84,00","","23,00","","22,00","","24,10","","101,67","","","","-29,00","","Dégagé"
"2008-10-28 00:00","2008","10","28","00:00"," ","-18,90","","-21,00","","83,00","","22,00","","24,00","","24,10","","101,68","","","","-30,00","","Dégagé"
"2008-10-28 01:00","2008","10","28","01:00"," ","-18,50","","-20,60","","83,00","","22,00","","22,00","","24,10","","101,68","","","","-29,00","","Généralement dégagé"
"2008-10-28 02:00","2008","10","28","02:00"," ","-18,20","","-20,90","","79,00","","22,00","","24,00","","24,10","","101,70","","","","-29,00","","Dégagé"
"2008-10-28 03:00","2008","10","28","03:00"," ","-18,20","","-20,90","","79,00","","23,00","","28,00","","24,10","","101,73","","","","-30,00","","Dégagé"
"2008-10-28 04:00","2008","10","28","04:00"," ","-18,10","","-20,20","","84,00","","23,00","","19,00","","24,10","","101,75","","","","-28,00","","Dégagé"
"2008-10-28 05:00","2008","10","28","05:00"," ","-18,50","","-20,60","","83,00","","23,00","","28,00","","24,10","","101,76","","","","-30,00","","Dégagé"
"2008-10-28 06:00","2008","10","28","06:00"," ","-18,10","","-20,20","","84,00","","23,00","","22,00","","24,10","","101,77","","","","-29,00","","Dégagé"
"2008-10-28 07:00","2008","10","28","07:00"," ","-18,60","","-20,70","","83,00","","23,00","","19,00","","24,10","","101,78","","","","-28,00","","Dégagé"
"2008-10-28 08:00","2008","10","28","08:00"," ","-19,30","","-21,50","","83,00","","22,00","","22,00","","24,10","","101,80","","","","-30,00","","Généralement dégagé"
"2008-10-28 09:00","2008","10","28","09:00"," ","-18,30","","-20,40","","84,00","","22,00","","13,00","","24,10","","101,82","","","","-26,00","","Généralement dégagé"
"2008-10-28 10:00","2008","10","28","10:00"," ","-17,70","","-20,40","","79,00","","0,00","","0,00","","24,10","","101,83","","","","","","Généralement nuageux"
"2008-10-28 11:00","2008","10","28","11:00"," ","-17,80","","-20,50","","79,00","","22,00","","19,00","","24,10","","101,84","","","","-27,00","","Généralement nuageux"
"2008-10-28 12:00","2008","10","28","12:00"," ","-16,40","","-18,90","","81,00","","23,00","","22,00","","24,10","","101,83","","","","-26,00","","Généralement nuageux"
"2008-10-28 13:00","2008","10","28","13:00"," ","-16,20","","-19,90","","73,00","","22,00","","19,00","","24,10","","101,83","","","","-25,00","","Généralement nuageux"
"2008-10-28 14:00","2008","10","28","14:00"," ","-15,90","","-19,50","","74,00","","22,00","","19,00","","24,10","","101,84","","","","-25,00","","Généralement nuageux"
"2008-10-28 15:00","2008","10","28","15:00"," ","-16,10","","-19,80","","73,00","","23,00","","19,00","","24,10","","101,82","","","","-25,00","","Généralement dégagé"
"2008-10-28 16:00","2008","10","28","16:00"," ","-17,10","","-19,10","","84,00","","22,00","","19,00","","24,10","","101,82","","","","-27,00","","Généralement dégagé"
"2008-10-28 17:00","2008","10","28","17:00"," ","-18,00","","-20,10","","84,00","","23,00","","22,00","","24,10","","101,81","","","","-28,00","","Généralement dégagé"
"2008-10-28 18:00","2008","10","28","18:00"," ","-17,00","","-19,00","","84,00","","21,00","","15,00","","24,10","","101,83","","","","-25,00","","Généralement dégagé"
"2008-10-28 19:00","2008","10","28","19:00"," ","-17,50","","-19,50","","84,00","","23,00","","19,00","","24,10","","101,82","","","","-27,00","","Dégagé"
"2008-10-28 20:00","2008","10","28","20:00"," ","-18,00","","-20,70","","79,00","","23,00","","13,00","","24,10","","101,85","","","","-26,00","","Dégagé"
"2008-10-28 21:00","2008","10","28","21:00"," ","-19,00","","-21,10","","83,00","","23,00","","17,00","","24,10","","101,84","","","","-28,00","","Dégagé"
"2008-10-28 22:00","2008","10","28","22:00"," ","-18,40","","-21,20","","79,00","","24,00","","15,00","","24,10","","101,82","","","","-27,00","","Dégagé"
"2008-10-28 23:00","2008","10","28","23:00"," ","-19,70","","-21,90","","83,00","","21,00","","15,00","","24,10","","101,84","","","","-29,00","","Dégagé"
"2008-10-29 00:00","2008","10","29","00:00"," ","-19,50","","-21,70","","83,00","","22,00","","17,00","","24,10","","101,85","","","","-29,00","","Dégagé"
"2008-10-29 01:00","2008","10","29","01:00"," ","-19,50","","-21,70","","83,00","","22,00","","15,00","","24,10","","101,83","","","","-28,00","","Dégagé"
"2008-10-29 02:00","2008","10","29","02:00"," ","-20,40","","-22,70","","82,00","","23,00","","19,00","","24,10","","101,79","","","","-31,00","","Dégagé"
"2008-10-29 03:00","2008","10","29","03:00"," ","-19,70","","-21,90","","83,00","","22,00","","17,00","","24,10","","101,76","","","","-29,00","","Dégagé"
"2008-10-29 04:00","2008","10","29","04:00"," ","-19,70","","-21,90","","83,00","","0,00","","0,00","","24,10","","101,74","","","","","","Dégagé"
"2008-10-29 05:00","2008","10","29","05:00"," ","-20,40","","-22,70","","82,00","","0,00","","0,00","","24,10","","101,72","","","","","","Dégagé"
"2008-10-29 06:00","2008","10","29","06:00"," ","-19,20","","-21,40","","83,00","","19,00","","7,00","","24,10","","101,68","","","","-25,00","","Dégagé"
"2008-10-29 07:00","2008","10","29","07:00"," ","-20,50","","-22,80","","82,00","","21,00","","15,00","","24,10","","101,67","","","","-30,00","","Dégagé"
"2008-10-29 08:00","2008","10","29","08:00"," ","-19,40","","-20,90","","88,00","","0,00","","0,00","","24,10","","101,66","","","","","","Généralement dégagé"
"2008-10-29 09:00","2008","10","29","09:00"," ","-20,50","","-22,80","","82,00","","22,00","","19,00","","24,10","","101,65","","","","-31,00","","Généralement dégagé"
"2008-10-29 10:00","2008","10","29","10:00"," ","-19,50","","-21,70","","83,00","","23,00","","13,00","","24,10","","101,65","","","","-28,00","","Généralement dégagé"
"2008-10-29 11:00","2008","10","29","11:00"," ","-19,30","","-20,10","","93,00","","20,00","","13,00","","24,10","","101,64","","","","-28,00","","Généralement nuageux"
"2008-10-29 12:00","2008","10","29","12:00"," ","-17,50","","-19,50","","84,00","","0,00","","0,00","","24,10","","101,62","","","","","","Généralement nuageux"
"2008-10-29 13:00","2008","10","29","13:00"," ","-19,30","","-21,50","","83,00","","28,00","","7,00","","24,10","","101,59","","","","-25,00","","Généralement dégagé"
"2008-10-29 14:00","2008","10","29","14:00"," ","-20,50","","-22,80","","82,00","","0,00","","0,00","","24,10","","101,56","","","","","","Généralement dégagé"
"2008-10-29 15:00","2008","10","29","15:00"," ","-20,40","","-22,70","","82,00","","22,00","","9,00","","24,10","","101,54","","","","-27,00","","Généralement dégagé"
"2008-10-29 16:00","2008","10","29","16:00"," ","-20,00","","-22,20","","83,00","","23,00","","13,00","","24,10","","101,52","","","","-28,00","","Généralement dégagé"
"2008-10-29 17:00","2008","10","29","17:00"," ","-20,40","","-21,90","","88,00","","24,00","","9,00","","24,10","","101,50","","","","-27,00","","Généralement dégagé"
"2008-10-29 18:00","2008","10","29","18:00"," ","-20,00","","-22,20","","83,00","","22,00","","13,00","","24,10","","101,49","","","","-28,00","","Généralement dégagé"
"2008-10-29 19:00","2008","10","29","19:00"," ","-20,50","","-22,80","","82,00","","22,00","","19,00","","24,10","","101,47","","","","-31,00","","Dégagé"
"2008-10-29 20:00","2008","10","29","20:00"," ","-20,80","","-23,10","","82,00","","22,00","","13,00","","24,10","","101,48","","","","-29,00","","Dégagé"
"2008-10-29 21:00","2008","10","29","21:00"," ","-21,40","","-23,80","","81,00","","0,00","","0,00","","24,10","","101,49","","","","","","Dégagé"
"2008-10-29 22:00","2008","10","29","22:00"," ","-21,60","","-24,00","","81,00","","15,00","","7,00","","24,10","","101,49","","","","-28,00","","Dégagé"
"2008-10-29 23:00","2008","10","29","23:00"," ","-21,30","","-23,70","","81,00","","0,00","","0,00","","24,10","","101,49","","","","","","Dégagé"
"2008-10-30 00:00","2008","10","30","00:00"," ","-21,20","","-23,50","","82,00","","22,00","","20,00","","24,10","","101,47","","","","-32,00","","Dégagé"
"2008-10-30 01:00","2008","10","30","01:00"," ","-20,50","","-22,80","","82,00","","20,00","","15,00","","24,10","","101,46","","","","-30,00","","Dégagé"
"2008-10-30 02:00","2008","10","30","02:00"," ","-20,80","","-23,90","","76,00","","23,00","","22,00","","24,10","","101,44","","","","-32,00","","Dégagé"
"2008-10-30 03:00","2008","10","30","03:00"," ","-20,80","","-23,10","","82,00","","0,00","","0,00","","24,10","","101,43","","","","","","Dégagé"
"2008-10-30 04:00","2008","10","30","04:00"," ","-21,30","","-23,70","","81,00","","22,00","","17,00","","24,10","","101,41","","","","-31,00","","Dégagé"
"2008-10-30 05:00","2008","10","30","05:00"," ","-21,10","","-24,30","","75,00","","22,00","","22,00","","24,10","","101,38","","","","-32,00","","Dégagé"
"2008-10-30 06:00","2008","10","30","06:00"," ","-20,30","","-22,60","","82,00","","23,00","","19,00","","24,10","","101,37","","","","-31,00","","Dégagé"
"2008-10-30 07:00","2008","10","30","07:00"," ","-20,00","","-22,20","","83,00","","0,00","","0,00","","24,10","","101,37","","","","","","Généralement dégagé"
"2008-10-30 08:00","2008","10","30","08:00"," ","-19,30","","-20,80","","88,00","","22,00","","24,00","","24,10","","101,33","","","","-31,00","","Généralement dégagé"
"2008-10-30 09:00","2008","10","30","09:00"," ","-17,90","","-19,90","","84,00","","23,00","","22,00","","24,10","","101,31","","","","-28,00","","Généralement nuageux"
"2008-10-30 10:00","2008","10","30","10:00"," ","-16,30","","-18,80","","81,00","","23,00","","20,00","","24,10","","101,28","","","","-26,00","","Généralement dégagé"
"2008-10-30 11:00","2008","10","30","11:00"," ","-14,00","","-16,20","","83,00","","23,00","","26,00","","24,10","","101,26","","","","-24,00","","Généralement nuageux"
"2008-10-30 12:00","2008","10","30","12:00"," ","-12,90","","-14,90","","85,00","","23,00","","22,00","","24,10","","101,23","","","","-22,00","","Généralement nuageux"
"2008-10-30 13:00","2008","10","30","13:00"," ","-12,60","","-15,00","","82,00","","23,00","","13,00","","24,10","","101,23","","","","-19,00","","Généralement nuageux"
"2008-10-30 14:00","2008","10","30","14:00"," ","-10,90","","-13,10","","84,00","","22,00","","26,00","","24,10","","101,19","","","","-20,00","","Généralement nuageux"
"2008-10-30 15:00","2008","10","30","15:00"," ","-12,00","","-14,80","","80,00","","22,00","","28,00","","24,10","","101,18","","","","-22,00","","Généralement nuageux"
"2008-10-30 16:00","2008","10","30","16:00"," ","-12,30","","-15,20","","79,00","","21,00","","26,00","","24,10","","101,13","","","","-22,00","","Généralement nuageux"
"2008-10-30 17:00","2008","10","30","17:00"," ","-12,40","","-15,80","","76,00","","22,00","","26,00","","24,10","","101,07","","","","-22,00","","Généralement nuageux"
"2008-10-30 18:00","2008","10","30","18:00"," ","-11,70","","-14,90","","77,00","","22,00","","32,00","","24,10","","100,96","","","","-22,00","","Généralement nuageux"
"2008-10-30 19:00","2008","10","30","19:00"," ","-10,90","","-13,10","","84,00","","22,00","","28,00","","19,30","","100,90","","","","-20,00","","Neige"
"2008-10-30 20:00","2008","10","30","20:00"," ","-10,10","","-11,70","","88,00","","22,00","","28,00","","1,60","","100,85","","","","-19,00","","Neige,Poudrerie élevée"
"2008-10-30 21:00","2008","10","30","21:00"," ","-8,80","","-10,30","","89,00","","24,00","","19,00","","3,20","","100,79","","","","-16,00","","Neige,Brouillard"
"2008-10-30 22:00","2008","10","30","22:00"," ","-6,80","","-8,30","","89,00","","25,00","","30,00","","4,80","","100,78","","","","-15,00","","Neige,Brouillard,Poudrerie élevée"
"2008-10-30 23:00","2008","10","30","23:00"," ","-7,40","","-8,70","","90,00","","27,00","","33,00","","4,80","","100,78","","","","-17,00","","Neige,Brouillard,Poudrerie élevée"
"2008-10-31 00:00","2008","10","31","00:00"," ","-7,90","","-10,00","","85,00","","27,00","","28,00","","9,70","","100,89","","","","-17,00","","Neige"
"2008-10-31 01:00","2008","10","31","01:00"," ","-8,30","","-10,10","","87,00","","27,00","","28,00","","16,10","","100,89","","","","-17,00","","Nuageux"
"2008-10-31 02:00","2008","10","31","02:00"," ","-8,00","","-9,30","","90,00","","27,00","","30,00","","16,10","","101,04","","","","-17,00","","Nuageux"
"2008-10-31 03:00","2008","10","31","03:00"," ","-7,60","","-9,60","","86,00","","27,00","","32,00","","16,10","","101,11","","","","-17,00","","Nuageux"
"2008-10-31 04:00","2008","10","31","04:00"," ","-8,80","","-10,60","","87,00","","26,00","","32,00","","24,10","","101,18","","","","-18,00","","Dégagé"
"2008-10-31 05:00","2008","10","31","05:00"," ","-9,00","","-10,90","","86,00","","27,00","","28,00","","24,10","","101,28","","","","-18,00","","Dégagé"
"2008-10-31 06:00","2008","10","31","06:00"," ","-9,00","","-10,90","","86,00","","27,00","","28,00","","24,10","","101,34","","","","-18,00","","Dégagé"
"2008-10-31 07:00","2008","10","31","07:00"," ","-9,10","","-10,60","","89,00","","26,00","","32,00","","24,10","","101,48","","","","-19,00","","Généralement dégagé"
"2008-10-31 08:00","2008","10","31","08:00"," ","-8,80","","-10,30","","89,00","","26,00","","30,00","","19,30","","101,55","","","","-18,00","","Généralement dégagé"
"2008-10-31 09:00","2008","10","31","09:00"," ","-7,90","","-10,70","","80,00","","26,00","","26,00","","24,10","","101,62","","","","-16,00","","Généralement nuageux"
"2008-10-31 10:00","2008","10","31","10:00"," ","-6,90","","-9,50","","82,00","","27,00","","26,00","","19,30","","101,73","","","","-15,00","","Généralement nuageux"
"2008-10-31 11:00","2008","10","31","11:00"," ","-6,90","","-9,50","","82,00","","26,00","","26,00","","19,30","","101,83","","","","-15,00","","Généralement nuageux"
"2008-10-31 12:00","2008","10","31","12:00"," ","-6,90","","-9,10","","84,00","","29,00","","26,00","","19,30","","101,90","","","","-15,00","","Neige"
"2008-10-31 13:00","2008","10","31","13:00"," ","-7,10","","-9,40","","84,00","","27,00","","22,00","","24,10","","101,98","","","","-15,00","","Neige"
"2008-10-31 14:00","2008","10","31","14:00"," ","-8,00","","-10,50","","82,00","","27,00","","17,00","","24,10","","102,03","","","","-15,00","","Généralement nuageux"
"2008-10-31 15:00","2008","10","31","15:00"," ","-8,10","","-10,60","","82,00","","25,00","","20,00","","24,10","","102,06","","","","-15,00","","Généralement nuageux"
"2008-10-31 16:00","2008","10","31","16:00"," ","-8,90","","-11,50","","81,00","","22,00","","13,00","","24,10","","102,09","","","","-15,00","","Généralement nuageux"
"2008-10-31 17:00","2008","10","31","17:00"," ","-8,60","","-11,60","","79,00","","21,00","","15,00","","24,10","","102,11","","","","-15,00","","Neige"
"2008-10-31 18:00","2008","10","31","18:00"," ","-8,50","","-11,50","","79,00","","22,00","","22,00","","24,10","","102,10","","","","-16,00","","Neige"
"2008-10-31 19:00","2008","10","31","19:00"," ","-8,50","","-11,50","","79,00","","22,00","","22,00","","24,10","","102,10","","","","-16,00","","Neige"
"2008-10-31 20:00","2008","10","31","20:00"," ","-8,60","","-11,20","","81,00","","22,00","","13,00","","24,10","","102,09","","","","-15,00","","Neige"
"2008-10-31 21:00","2008","10","31","21:00"," ","-8,20","","-10,30","","85,00","","26,00","","19,00","","24,10","","102,08","","","","-15,00","","Neige"
"2008-10-31 22:00","2008","10","31","22:00"," ","-8,80","","-10,60","","87,00","","22,00","","13,00","","24,10","","102,03","","","","-15,00","","Nuageux"
"2008-10-31 23:00","2008","10","31","23:00"," ","-9,10","","-11,40","","83,00","","22,00","","19,00","","24,10","","102,04","","","","-17,00","","Nuageux"
