"Nom de la Station","KIMMIRUT A"
"Province","NUNAVUT"
"Latitude","62,85"
"Longitude","-69,88"
"Altitude","51,50"
"Identification Climat","240KFQJ"
"Identification OMM",""
"Identification TC","YLC"
"Toutes les heures sont exprimées en heure normale locale (HNL). Pour convertir l'heure locale en heure avancée de l'Est (HAE), ajoutez 1 heure s'il y a lieu."

"Légende"
"M","Données Manquantes"
"E","Valeur Estimée"
"ND","Non Disponible"
"**","Données fournies par un partenaire, non assujetties à un révision par les Archives climatiques nationales du Canada"

"Date/Heure","Année","Mois","Jour","Heure","Qualité des Données","Temp (°C)","Temp Indicateur","Point de rosée (°C)","Point de rosée Indicateur","Hum. rel (%)","Hum. rel. Indicateur","Dir. du vent (10s deg)","Dir. du vent Indicateur","Vit. du vent (km/h)","Vit. du vent Indicateur","Visibilité (km)","Visibilité Indicateur","Pression à la station (kPa)","Pression à la station Indicateur","Hmdx","Hmdx Indicateur","Refroid. éolien","Refroid. éolien Indicateur","Temps"
"1991-06-01 00:00","1991","06","01","00:00"," ","","","","","","","","","","","","","","","","","","",""
"1991-06-01 01:00","1991","06","01","01:00"," ","","","","","","","","","","","","","","","","","","",""
"1991-06-01 02:00","1991","06","01","02:00"," ","","","","","","","","","","","","","","","","","","",""
"1991-06-01 03:00","1991","06","01","03:00"," ","","","","","","","","","","","","","","","","","","",""
"1991-06-01 04:00","1991","06","01","04:00"," ","","","","","","","","","","","","","","","","","","",""
"1991-06-01 05:00","1991","06","01","05:00"," ","","","","","","","","","","","","","","","","","","",""
"1991-06-01 06:00","1991","06","01","06:00"," ","","","","","","","","","","","","","","","","","","",""
"1991-06-01 07:00","1991","06","01","07:00"," ","","","","","","","","","","","","","","","","","","",""
"1991-06-01 08:00","1991","06","01","08:00"," ","","","","","","","","","","","","","","","","","","",""
"1991-06-01 09:00","1991","06","01","09:00"," ","","","","","","","","","","","","","","","","","","",""
"1991-06-01 10:00","1991","06","01","10:00"," ","","","","","","","","","","","","","","","","","","",""
"1991-06-01 11:00","1991","06","01","11:00"," ","","","","","","","","","","","","","","","","","","",""
"1991-06-01 12:00","1991","06","01","12:00"," ","","","","","","","","","","","","","","","","","","",""
"1991-06-01 13:00","1991","06","01","13:00"," ","","","","","","","","","","","","","","","","","","",""
"1991-06-01 14:00","1991","06","01","14:00"," ","","","","","","","","","","","","","","","","","","",""
"1991-06-01 15:00","1991","06","01","15:00"," ","","","","","","","","","","","","","","","","","","",""
"1991-06-01 16:00","1991","06","01","16:00"," ","","","","","","","","","","","","","","","","","","",""
"1991-06-01 17:00","1991","06","01","17:00"," ","","","","","","","","","","","","","","","","","","",""
"1991-06-01 18:00","1991","06","01","18:00"," ","","","","","","","","","","","","","","","","","","",""
"1991-06-01 19:00","1991","06","01","19:00"," ","","","","","","","","","","","","","","","","","","",""
"1991-06-01 20:00","1991","06","01","20:00"," ","","","","","","","","","","","","","","","","","","",""
"1991-06-01 21:00","1991","06","01","21:00"," ","","","","","","","","","","","","","","","","","","",""
"1991-06-01 22:00","1991","06","01","22:00"," ","","","","","","","","","","","","","","","","","","",""
"1991-06-01 23:00","1991","06","01","23:00"," ","","","","","","","","","","","","","","","","","","",""
"1991-06-02 00:00","1991","06","02","00:00"," ","","","","","","","","","","","","","","","","","","",""
"1991-06-02 01:00","1991","06","02","01:00"," ","","","","","","","","","","","","","","","","","","",""
"1991-06-02 02:00","1991","06","02","02:00"," ","","","","","","","","","","","","","","","","","","",""
"1991-06-02 03:00","1991","06","02","03:00"," ","","","","","","","","","","","","","","","","","","",""
"1991-06-02 04:00","1991","06","02","04:00"," ","","","","","","","","","","","","","","","","","","",""
"1991-06-02 05:00","1991","06","02","05:00"," ","","","","","","","","","","","","","","","","","","",""
"1991-06-02 06:00","1991","06","02","06:00"," ","","","","","","","","","","","","","","","","","","",""
"1991-06-02 07:00","1991","06","02","07:00"," ","","","","","","","","","","","","","","","","","","",""
"1991-06-02 08:00","1991","06","02","08:00"," ","","","","","","","","","","","","","","","","","","",""
"1991-06-02 09:00","1991","06","02","09:00"," ","","","","","","","","","","","","","","","","","","",""
"1991-06-02 10:00","1991","06","02","10:00"," ","","","","","","","","","","","","","","","","","","",""
"1991-06-02 11:00","1991","06","02","11:00"," ","","","","","","","","","","","","","","","","","","",""
"1991-06-02 12:00","1991","06","02","12:00"," ","","","","","","","","","","","","","","","","","","",""
"1991-06-02 13:00","1991","06","02","13:00"," ","","","","","","","","","","","","","","","","","","",""
"1991-06-02 14:00","1991","06","02","14:00"," ","","","","","","","","","","","","","","","","","","",""
"1991-06-02 15:00","1991","06","02","15:00"," ","","","","","","","","","","","","","","","","","","",""
"1991-06-02 16:00","1991","06","02","16:00"," ","","","","","","","","","","","","","","","","","","",""
"1991-06-02 17:00","1991","06","02","17:00"," ","","","","","","","","","","","","","","","","","","",""
"1991-06-02 18:00","1991","06","02","18:00"," ","","","","","","","","","","","","","","","","","","",""
"1991-06-02 19:00","1991","06","02","19:00"," ","","","","","","","","","","","","","","","","","","",""
"1991-06-02 20:00","1991","06","02","20:00"," ","","","","","","","","","","","","","","","","","","",""
"1991-06-02 21:00","1991","06","02","21:00"," ","","","","","","","","","","","","","","","","","","",""
"1991-06-02 22:00","1991","06","02","22:00"," ","","","","","","","","","","","","","","","","","","",""
"1991-06-02 23:00","1991","06","02","23:00"," ","","","","","","","","","","","","","","","","","","",""
"1991-06-03 00:00","1991","06","03","00:00"," ","","","","","","","","","","","","","","","","","","",""
"1991-06-03 01:00","1991","06","03","01:00"," ","","","","","","","","","","","","","","","","","","",""
"1991-06-03 02:00","1991","06","03","02:00"," ","","","","","","","","","","","","","","","","","","",""
"1991-06-03 03:00","1991","06","03","03:00"," ","","","","","","","","","","","","","","","","","","",""
"1991-06-03 04:00","1991","06","03","04:00"," ","","","","","","","","","","","","","","","","","","",""
"1991-06-03 05:00","1991","06","03","05:00"," ","","","","","","","","","","","","","","","","","","",""
"1991-06-03 06:00","1991","06","03","06:00"," ","","","","","","","","","","","","","","","","","","",""
"1991-06-03 07:00","1991","06","03","07:00"," ","","","","","","","","","","","","","","","","","","",""
"1991-06-03 08:00","1991","06","03","08:00"," ","11,60","","3,80","","59,00","","0,00","","0,00","","","","","","","","","","ND"
"1991-06-03 09:00","1991","06","03","09:00"," ","11,60","","3,80","","59,00","","0,00","","0,00","","24,10","","101,91","","","","","","Généralement dégagé"
"1991-06-03 10:00","1991","06","03","10:00"," ","12,10","","4,00","","58,00","","0,00","","0,00","","25,00","","101,91","","","","","","Généralement dégagé"
"1991-06-03 11:00","1991","06","03","11:00"," ","12,00","","4,00","","58,00","","25,00","","7,00","","25,00","","101,91","","","","","","Dégagé"
"1991-06-03 12:00","1991","06","03","12:00"," ","12,10","","3,00","","54,00","","27,00","","9,00","","24,10","","101,95","","","","","","Dégagé"
"1991-06-03 13:00","1991","06","03","13:00"," ","12,60","","3,20","","53,00","","28,00","","7,00","","25,00","","101,91","","","","","","Dégagé"
"1991-06-03 14:00","1991","06","03","14:00"," ","12,70","","2,10","","48,00","","32,00","","7,00","","24,10","","101,95","","","","","","Dégagé"
"1991-06-03 15:00","1991","06","03","15:00"," ","13,20","","2,80","","49,00","","0,00","","0,00","","25,00","","101,95","","","","","","Dégagé"
"1991-06-03 16:00","1991","06","03","16:00"," ","12,40","","3,70","","55,00","","29,00","","7,00","","25,00","","101,98","","","","","","Généralement dégagé"
"1991-06-03 17:00","1991","06","03","17:00"," ","12,00","","3,50","","56,00","","31,00","","7,00","","25,00","","101,95","","","","","","Généralement dégagé"
"1991-06-03 18:00","1991","06","03","18:00"," ","","","","","","","","","","","","","","","","","","",""
"1991-06-03 19:00","1991","06","03","19:00"," ","","","","","","","","","","","","","","","","","","",""
"1991-06-03 20:00","1991","06","03","20:00"," ","","","","","","","","","","","","","","","","","","",""
"1991-06-03 21:00","1991","06","03","21:00"," ","","","","","","","","","","","","","","","","","","",""
"1991-06-03 22:00","1991","06","03","22:00"," ","","","","","","","","","","","","","","","","","","",""
"1991-06-03 23:00","1991","06","03","23:00"," ","","","","","","","","","","","","","","","","","","",""
"1991-06-04 00:00","1991","06","04","00:00"," ","","","","","","","","","","","","","","","","","","",""
"1991-06-04 01:00","1991","06","04","01:00"," ","","","","","","","","","","","","","","","","","","",""
"1991-06-04 02:00","1991","06","04","02:00"," ","","","","","","","","","","","","","","","","","","",""
"1991-06-04 03:00","1991","06","04","03:00"," ","","","","","","","","","","","","","","","","","","",""
"1991-06-04 04:00","1991","06","04","04:00"," ","","","","","","","","","","","","","","","","","","",""
"1991-06-04 05:00","1991","06","04","05:00"," ","","","","","","","","","","","","","","","","","","",""
"1991-06-04 06:00","1991","06","04","06:00"," ","","","","","","","","","","","","","","","","","","",""
"1991-06-04 07:00","1991","06","04","07:00"," ","","","","","","","","","","","","","","","","","","",""
"1991-06-04 08:00","1991","06","04","08:00"," ","10,40","","3,10","","61,00","","36,00","","7,00","","25,00","","102,12","","","","","","Dégagé"
"1991-06-04 09:00","1991","06","04","09:00"," ","11,00","","3,20","","59,00","","31,00","","13,00","","25,00","","102,12","","","","","","Dégagé"
"1991-06-04 10:00","1991","06","04","10:00"," ","11,40","","2,80","","55,00","","30,00","","15,00","","24,10","","102,08","","","","","","Dégagé"
"1991-06-04 11:00","1991","06","04","11:00"," ","10,60","","3,50","","61,00","","30,00","","13,00","","25,00","","102,08","","","","","","Généralement dégagé"
"1991-06-04 12:00","1991","06","04","12:00"," ","11,00","","3,20","","59,00","","31,00","","17,00","","25,00","","102,08","","","","","","Généralement dégagé"
"1991-06-04 13:00","1991","06","04","13:00"," ","10,70","","2,60","","57,00","","31,00","","13,00","","24,10","","102,08","","","","","","Généralement dégagé"
"1991-06-04 14:00","1991","06","04","14:00"," ","10,60","","2,00","","55,00","","31,00","","22,00","","25,00","","102,08","","","","","","Généralement dégagé"
"1991-06-04 15:00","1991","06","04","15:00"," ","10,00","","1,90","","57,00","","30,00","","19,00","","24,10","","102,08","","","","","","Généralement dégagé"
"1991-06-04 16:00","1991","06","04","16:00"," ","9,40","","1,80","","59,00","","1,00","","13,00","","25,00","","102,08","","","","","","Généralement nuageux"
"1991-06-04 17:00","1991","06","04","17:00"," ","8,80","","1,70","","61,00","","1,00","","13,00","","","","","","","","","","ND"
"1991-06-04 18:00","1991","06","04","18:00"," ","","","","","","","","","","","","","","","","","","",""
"1991-06-04 19:00","1991","06","04","19:00"," ","","","","","","","","","","","","","","","","","","",""
"1991-06-04 20:00","1991","06","04","20:00"," ","","","","","","","","","","","","","","","","","","",""
"1991-06-04 21:00","1991","06","04","21:00"," ","","","","","","","","","","","","","","","","","","",""
"1991-06-04 22:00","1991","06","04","22:00"," ","","","","","","","","","","","","","","","","","","",""
"1991-06-04 23:00","1991","06","04","23:00"," ","","","","","","","","","","","","","","","","","","",""
"1991-06-05 00:00","1991","06","05","00:00"," ","","","","","","","","","","","","","","","","","","",""
"1991-06-05 01:00","1991","06","05","01:00"," ","","","","","","","","","","","","","","","","","","",""
"1991-06-05 02:00","1991","06","05","02:00"," ","","","","","","","","","","","","","","","","","","",""
"1991-06-05 03:00","1991","06","05","03:00"," ","","","","","","","","","","","","","","","","","","",""
"1991-06-05 04:00","1991","06","05","04:00"," ","","","","","","","","","","","","","","","","","","",""
"1991-06-05 05:00","1991","06","05","05:00"," ","","","","","","","","","","","","","","","","","","",""
"1991-06-05 06:00","1991","06","05","06:00"," ","","","","","","","","","","","","","","","","","","",""
"1991-06-05 07:00","1991","06","05","07:00"," ","","","","","","","","","","","","","","","","","","",""
"1991-06-05 08:00","1991","06","05","08:00"," ","3,10","","1,10","","87,00","","27,00","","13,00","","","","","","","","","","ND"
"1991-06-05 09:00","1991","06","05","09:00"," ","3,10","","1,10","","87,00","","27,00","","13,00","","25,00","","101,54","","","","","","Nuageux"
"1991-06-05 10:00","1991","06","05","10:00"," ","3,50","","1,20","","85,00","","29,00","","13,00","","25,00","","101,51","","","","","","Nuageux"
"1991-06-05 11:00","1991","06","05","11:00"," ","3,70","","0,20","","78,00","","31,00","","20,00","","24,10","","101,44","","","","","","Nuageux"
"1991-06-05 12:00","1991","06","05","12:00"," ","4,10","","-0,30","","73,00","","29,00","","26,00","","25,00","","101,41","","","","","","Généralement nuageux"
"1991-06-05 13:00","1991","06","05","13:00"," ","3,80","","-0,80","","72,00","","29,00","","26,00","","25,00","","101,44","","","","","","Généralement nuageux"
"1991-06-05 14:00","1991","06","05","14:00"," ","4,10","","-1,90","","65,00","","30,00","","33,00","","24,10","","101,38","","","","","","Généralement dégagé"
"1991-06-05 15:00","1991","06","05","15:00"," ","4,10","","-1,90","","65,00","","32,00","","26,00","","25,00","","101,41","","","","","","Généralement dégagé"
"1991-06-05 16:00","1991","06","05","16:00"," ","4,10","","-1,40","","67,00","","30,00","","22,00","","25,00","","101,38","","","","","","Généralement dégagé"
"1991-06-05 17:00","1991","06","05","17:00"," ","3,50","","-2,00","","67,00","","28,00","","19,00","","25,00","","101,34","","","","","","Dégagé"
"1991-06-05 18:00","1991","06","05","18:00"," ","","","","","","","","","","","","","","","","","","",""
"1991-06-05 19:00","1991","06","05","19:00"," ","","","","","","","","","","","","","","","","","","",""
"1991-06-05 20:00","1991","06","05","20:00"," ","","","","","","","","","","","","","","","","","","",""
"1991-06-05 21:00","1991","06","05","21:00"," ","","","","","","","","","","","","","","","","","","",""
"1991-06-05 22:00","1991","06","05","22:00"," ","","","","","","","","","","","","","","","","","","",""
"1991-06-05 23:00","1991","06","05","23:00"," ","","","","","","","","","","","","","","","","","","",""
"1991-06-06 00:00","1991","06","06","00:00"," ","","","","","","","","","","","","","","","","","","",""
"1991-06-06 01:00","1991","06","06","01:00"," ","","","","","","","","","","","","","","","","","","",""
"1991-06-06 02:00","1991","06","06","02:00"," ","","","","","","","","","","","","","","","","","","",""
"1991-06-06 03:00","1991","06","06","03:00"," ","","","","","","","","","","","","","","","","","","",""
"1991-06-06 04:00","1991","06","06","04:00"," ","","","","","","","","","","","","","","","","","","",""
"1991-06-06 05:00","1991","06","06","05:00"," ","","","","","","","","","","","","","","","","","","",""
"1991-06-06 06:00","1991","06","06","06:00"," ","","","","","","","","","","","","","","","","","","",""
"1991-06-06 07:00","1991","06","06","07:00"," ","","","","","","","","","","","","","","","","","","",""
"1991-06-06 08:00","1991","06","06","08:00"," ","2,20","","-3,40","","66,00","","31,00","","9,00","","25,00","","100,87","","","","","","Dégagé"
"1991-06-06 09:00","1991","06","06","09:00"," ","2,70","","-3,90","","62,00","","31,00","","11,00","","25,00","","100,80","","","","","","Dégagé"
"1991-06-06 10:00","1991","06","06","10:00"," ","4,10","","-3,80","","56,00","","32,00","","9,00","","24,10","","100,74","","","","","","Dégagé"
"1991-06-06 11:00","1991","06","06","11:00"," ","4,40","","-1,90","","64,00","","27,00","","19,00","","25,00","","100,67","","","","","","Dégagé"
"1991-06-06 12:00","1991","06","06","12:00"," ","5,80","","-1,70","","58,00","","28,00","","20,00","","24,10","","100,57","","","","","","Dégagé"
"1991-06-06 13:00","1991","06","06","13:00"," ","7,20","","-3,40","","47,00","","34,00","","11,00","","25,00","","100,53","","","","","","Dégagé"
"1991-06-06 14:00","1991","06","06","14:00"," ","7,40","","-2,70","","49,00","","29,00","","15,00","","25,00","","100,50","","","","","","Dégagé"
"1991-06-06 15:00","1991","06","06","15:00"," ","8,00","","-2,60","","47,00","","32,00","","13,00","","25,00","","100,43","","","","","","Dégagé"
"1991-06-06 16:00","1991","06","06","16:00"," ","8,30","","-3,80","","42,00","","4,00","","7,00","","25,00","","100,40","","","","","","Dégagé"
"1991-06-06 17:00","1991","06","06","17:00"," ","","","","","","","","","","","","","","","","","","",""
"1991-06-06 18:00","1991","06","06","18:00"," ","","","","","","","","","","","","","","","","","","",""
"1991-06-06 19:00","1991","06","06","19:00"," ","","","","","","","","","","","","","","","","","","",""
"1991-06-06 20:00","1991","06","06","20:00"," ","","","","","","","","","","","","","","","","","","",""
"1991-06-06 21:00","1991","06","06","21:00"," ","","","","","","","","","","","","","","","","","","",""
"1991-06-06 22:00","1991","06","06","22:00"," ","","","","","","","","","","","","","","","","","","",""
"1991-06-06 23:00","1991","06","06","23:00"," ","","","","","","","","","","","","","","","","","","",""
"1991-06-07 00:00","1991","06","07","00:00"," ","","","","","","","","","","","","","","","","","","",""
"1991-06-07 01:00","1991","06","07","01:00"," ","","","","","","","","","","","","","","","","","","",""
"1991-06-07 02:00","1991","06","07","02:00"," ","","","","","","","","","","","","","","","","","","",""
"1991-06-07 03:00","1991","06","07","03:00"," ","","","","","","","","","","","","","","","","","","",""
"1991-06-07 04:00","1991","06","07","04:00"," ","","","","","","","","","","","","","","","","","","",""
"1991-06-07 05:00","1991","06","07","05:00"," ","","","","","","","","","","","","","","","","","","",""
"1991-06-07 06:00","1991","06","07","06:00"," ","","","","","","","","","","","","","","","","","","",""
"1991-06-07 07:00","1991","06","07","07:00"," ","","","","","","","","","","","","","","","","","","",""
"1991-06-07 08:00","1991","06","07","08:00"," ","2,10","","-3,20","","68,00","","15,00","","17,00","","24,10","","100,13","","","","","","Généralement dégagé"
"1991-06-07 09:00","1991","06","07","09:00"," ","2,60","","-3,20","","65,00","","13,00","","9,00","","25,00","","100,13","","","","","","Généralement dégagé"
"1991-06-07 10:00","1991","06","07","10:00"," ","2,50","","-2,60","","69,00","","16,00","","11,00","","25,00","","100,16","","","","","","Dégagé"
"1991-06-07 11:00","1991","06","07","11:00"," ","2,60","","-3,20","","65,00","","19,00","","11,00","","24,10","","100,23","","","","","","Dégagé"
"1991-06-07 12:00","1991","06","07","12:00"," ","3,40","","-2,60","","65,00","","19,00","","9,00","","25,00","","100,20","","","","","","Dégagé"
"1991-06-07 13:00","1991","06","07","13:00"," ","3,30","","-2,00","","68,00","","17,00","","13,00","","25,00","","100,37","","","","","","Dégagé"
"1991-06-07 14:00","1991","06","07","14:00"," ","3,00","","-3,20","","64,00","","17,00","","7,00","","25,00","","100,43","","","","","","Dégagé"
"1991-06-07 15:00","1991","06","07","15:00"," ","3,20","","-3,80","","60,00","","19,00","","9,00","","24,10","","100,47","","","","","","Dégagé"
"1991-06-07 16:00","1991","06","07","16:00"," ","3,40","","-2,60","","65,00","","0,00","","0,00","","25,00","","100,50","","","","","","Dégagé"
"1991-06-07 17:00","1991","06","07","17:00"," ","3,40","","-2,60","","65,00","","0,00","","0,00","","","","","","","","","","ND"
"1991-06-07 18:00","1991","06","07","18:00"," ","","","","","","","","","","","","","","","","","","",""
"1991-06-07 19:00","1991","06","07","19:00"," ","","","","","","","","","","","","","","","","","","",""
"1991-06-07 20:00","1991","06","07","20:00"," ","","","","","","","","","","","","","","","","","","",""
"1991-06-07 21:00","1991","06","07","21:00"," ","","","","","","","","","","","","","","","","","","",""
"1991-06-07 22:00","1991","06","07","22:00"," ","","","","","","","","","","","","","","","","","","",""
"1991-06-07 23:00","1991","06","07","23:00"," ","","","","","","","","","","","","","","","","","","",""
"1991-06-08 00:00","1991","06","08","00:00"," ","","","","","","","","","","","","","","","","","","",""
"1991-06-08 01:00","1991","06","08","01:00"," ","","","","","","","","","","","","","","","","","","",""
"1991-06-08 02:00","1991","06","08","02:00"," ","","","","","","","","","","","","","","","","","","",""
"1991-06-08 03:00","1991","06","08","03:00"," ","","","","","","","","","","","","","","","","","","",""
"1991-06-08 04:00","1991","06","08","04:00"," ","","","","","","","","","","","","","","","","","","",""
"1991-06-08 05:00","1991","06","08","05:00"," ","","","","","","","","","","","","","","","","","","",""
"1991-06-08 06:00","1991","06","08","06:00"," ","","","","","","","","","","","","","","","","","","",""
"1991-06-08 07:00","1991","06","08","07:00"," ","","","","","","","","","","","","","","","","","","",""
"1991-06-08 08:00","1991","06","08","08:00"," ","","","","","","","","","","","","","","","","","","",""
"1991-06-08 09:00","1991","06","08","09:00"," ","","","","","","","","","","","","","","","","","","",""
"1991-06-08 10:00","1991","06","08","10:00"," ","","","","","","","","","","","","","","","","","","",""
"1991-06-08 11:00","1991","06","08","11:00"," ","","","","","","","","","","","","","","","","","","",""
"1991-06-08 12:00","1991","06","08","12:00"," ","","","","","","","","","","","","","","","","","","",""
"1991-06-08 13:00","1991","06","08","13:00"," ","","","","","","","","","","","","","","","","","","",""
"1991-06-08 14:00","1991","06","08","14:00"," ","","","","","","","","","","","","","","","","","","",""
"1991-06-08 15:00","1991","06","08","15:00"," ","","","","","","","","","","","","","","","","","","",""
"1991-06-08 16:00","1991","06","08","16:00"," ","","","","","","","","","","","","","","","","","","",""
"1991-06-08 17:00","1991","06","08","17:00"," ","","","","","","","","","","","","","","","","","","",""
"1991-06-08 18:00","1991","06","08","18:00"," ","","","","","","","","","","","","","","","","","","",""
"1991-06-08 19:00","1991","06","08","19:00"," ","","","","","","","","","","","","","","","","","","",""
"1991-06-08 20:00","1991","06","08","20:00"," ","","","","","","","","","","","","","","","","","","",""
"1991-06-08 21:00","1991","06","08","21:00"," ","","","","","","","","","","","","","","","","","","",""
"1991-06-08 22:00","1991","06","08","22:00"," ","","","","","","","","","","","","","","","","","","",""
"1991-06-08 23:00","1991","06","08","23:00"," ","","","","","","","","","","","","","","","","","","",""
"1991-06-09 00:00","1991","06","09","00:00"," ","","","","","","","","","","","","","","","","","","",""
"1991-06-09 01:00","1991","06","09","01:00"," ","","","","","","","","","","","","","","","","","","",""
"1991-06-09 02:00","1991","06","09","02:00"," ","","","","","","","","","","","","","","","","","","",""
"1991-06-09 03:00","1991","06","09","03:00"," ","","","","","","","","","","","","","","","","","","",""
"1991-06-09 04:00","1991","06","09","04:00"," ","","","","","","","","","","","","","","","","","","",""
"1991-06-09 05:00","1991","06","09","05:00"," ","","","","","","","","","","","","","","","","","","",""
"1991-06-09 06:00","1991","06","09","06:00"," ","","","","","","","","","","","","","","","","","","",""
"1991-06-09 07:00","1991","06","09","07:00"," ","","","","","","","","","","","","","","","","","","",""
"1991-06-09 08:00","1991","06","09","08:00"," ","","","","","","","","","","","","","","","","","","",""
"1991-06-09 09:00","1991","06","09","09:00"," ","","","","","","","","","","","","","","","","","","",""
"1991-06-09 10:00","1991","06","09","10:00"," ","","","","","","","","","","","","","","","","","","",""
"1991-06-09 11:00","1991","06","09","11:00"," ","","","","","","","","","","","","","","","","","","",""
"1991-06-09 12:00","1991","06","09","12:00"," ","","","","","","","","","","","","","","","","","","",""
"1991-06-09 13:00","1991","06","09","13:00"," ","","","","","","","","","","","","","","","","","","",""
"1991-06-09 14:00","1991","06","09","14:00"," ","","","","","","","","","","","","","","","","","","",""
"1991-06-09 15:00","1991","06","09","15:00"," ","","","","","","","","","","","","","","","","","","",""
"1991-06-09 16:00","1991","06","09","16:00"," ","","","","","","","","","","","","","","","","","","",""
"1991-06-09 17:00","1991","06","09","17:00"," ","","","","","","","","","","","","","","","","","","",""
"1991-06-09 18:00","1991","06","09","18:00"," ","","","","","","","","","","","","","","","","","","",""
"1991-06-09 19:00","1991","06","09","19:00"," ","","","","","","","","","","","","","","","","","","",""
"1991-06-09 20:00","1991","06","09","20:00"," ","","","","","","","","","","","","","","","","","","",""
"1991-06-09 21:00","1991","06","09","21:00"," ","","","","","","","","","","","","","","","","","","",""
"1991-06-09 22:00","1991","06","09","22:00"," ","","","","","","","","","","","","","","","","","","",""
"1991-06-09 23:00","1991","06","09","23:00"," ","","","","","","","","","","","","","","","","","","",""
"1991-06-10 00:00","1991","06","10","00:00"," ","","","","","","","","","","","","","","","","","","",""
"1991-06-10 01:00","1991","06","10","01:00"," ","","","","","","","","","","","","","","","","","","",""
"1991-06-10 02:00","1991","06","10","02:00"," ","","","","","","","","","","","","","","","","","","",""
"1991-06-10 03:00","1991","06","10","03:00"," ","","","","","","","","","","","","","","","","","","",""
"1991-06-10 04:00","1991","06","10","04:00"," ","","","","","","","","","","","","","","","","","","",""
"1991-06-10 05:00","1991","06","10","05:00"," ","","","","","","","","","","","","","","","","","","",""
"1991-06-10 06:00","1991","06","10","06:00"," ","","","","","","","","","","","","","","","","","","",""
"1991-06-10 07:00","1991","06","10","07:00"," ","","","","","","","","","","","","","","","","","","",""
"1991-06-10 08:00","1991","06","10","08:00"," ","6,20","","0,00","","64,00","","7,00","","24,00","","","","","","","","","","ND"
"1991-06-10 09:00","1991","06","10","09:00"," ","6,20","","0,00","","64,00","","7,00","","24,00","","25,00","","100,26","","","","","","Nuageux"
"1991-06-10 10:00","1991","06","10","10:00"," ","7,10","","0,20","","62,00","","7,00","","28,00","","25,00","","100,30","","","","","","Nuageux"
"1991-06-10 11:00","1991","06","10","11:00"," ","7,80","","0,40","","59,00","","8,00","","17,00","","25,00","","100,33","","","","","","Nuageux"
"1991-06-10 12:00","1991","06","10","12:00"," ","8,30","","-1,90","","49,00","","8,00","","19,00","","25,00","","100,33","","","","","","Nuageux"
"1991-06-10 13:00","1991","06","10","13:00"," ","8,80","","0,00","","54,00","","8,00","","19,00","","25,00","","100,33","","","","","","Généralement nuageux"
"1991-06-10 14:00","1991","06","10","14:00"," ","9,10","","-0,50","","51,00","","5,00","","20,00","","25,00","","100,30","","","","","","Généralement nuageux"
"1991-06-10 15:00","1991","06","10","15:00"," ","9,30","","0,20","","53,00","","9,00","","19,00","","25,00","","100,30","","","","","","Généralement nuageux"
"1991-06-10 16:00","1991","06","10","16:00"," ","9,60","","0,20","","52,00","","9,00","","15,00","","25,00","","100,33","","","","","","Généralement nuageux"
"1991-06-10 17:00","1991","06","10","17:00"," ","9,00","","0,80","","56,00","","9,00","","13,00","","25,00","","100,37","","","","","","Généralement dégagé"
"1991-06-10 18:00","1991","06","10","18:00"," ","","","","","","","","","","","","","","","","","","",""
"1991-06-10 19:00","1991","06","10","19:00"," ","","","","","","","","","","","","","","","","","","",""
"1991-06-10 20:00","1991","06","10","20:00"," ","","","","","","","","","","","","","","","","","","",""
"1991-06-10 21:00","1991","06","10","21:00"," ","","","","","","","","","","","","","","","","","","",""
"1991-06-10 22:00","1991","06","10","22:00"," ","","","","","","","","","","","","","","","","","","",""
"1991-06-10 23:00","1991","06","10","23:00"," ","","","","","","","","","","","","","","","","","","",""
"1991-06-11 00:00","1991","06","11","00:00"," ","","","","","","","","","","","","","","","","","","",""
"1991-06-11 01:00","1991","06","11","01:00"," ","","","","","","","","","","","","","","","","","","",""
"1991-06-11 02:00","1991","06","11","02:00"," ","","","","","","","","","","","","","","","","","","",""
"1991-06-11 03:00","1991","06","11","03:00"," ","","","","","","","","","","","","","","","","","","",""
"1991-06-11 04:00","1991","06","11","04:00"," ","","","","","","","","","","","","","","","","","","",""
"1991-06-11 05:00","1991","06","11","05:00"," ","","","","","","","","","","","","","","","","","","",""
"1991-06-11 06:00","1991","06","11","06:00"," ","","","","","","","","","","","","","","","","","","",""
"1991-06-11 07:00","1991","06","11","07:00"," ","","","","","","","","","","","","","","","","","","",""
"1991-06-11 08:00","1991","06","11","08:00"," ","3,90","","0,30","","77,00","","0,00","","0,00","","25,00","","100,87","","","","","","Généralement nuageux"
"1991-06-11 09:00","1991","06","11","09:00"," ","4,40","","0,30","","75,00","","0,00","","0,00","","25,00","","100,87","","","","","","Généralement nuageux"
"1991-06-11 10:00","1991","06","11","10:00"," ","5,00","","-0,70","","66,00","","21,00","","7,00","","25,00","","100,87","","","","","","Nuageux"
"1991-06-11 11:00","1991","06","11","11:00"," ","5,80","","1,00","","71,00","","0,00","","0,00","","25,00","","100,87","","","","","","Généralement nuageux"
"1991-06-11 12:00","1991","06","11","12:00"," ","6,50","","1,10","","68,00","","26,00","","6,00","","25,00","","100,87","","","","","","Généralement nuageux"
"1991-06-11 13:00","1991","06","11","13:00"," ","6,50","","1,60","","71,00","","22,00","","13,00","","25,00","","100,87","","","","","","Nuageux"
"1991-06-11 14:00","1991","06","11","14:00"," ","6,20","","1,00","","69,00","","17,00","","11,00","","25,00","","100,90","","","","","","Nuageux"
"1991-06-11 15:00","1991","06","11","15:00"," ","5,50","","1,00","","73,00","","22,00","","13,00","","25,00","","100,94","","","","","","Nuageux"
"1991-06-11 16:00","1991","06","11","16:00"," ","6,00","","1,50","","73,00","","22,00","","11,00","","25,00","","100,97","","","","","","Nuageux"
"1991-06-11 17:00","1991","06","11","17:00"," ","6,00","","1,50","","73,00","","22,00","","11,00","","","","","","","","","","ND"
"1991-06-11 18:00","1991","06","11","18:00"," ","","","","","","","","","","","","","","","","","","",""
"1991-06-11 19:00","1991","06","11","19:00"," ","","","","","","","","","","","","","","","","","","",""
"1991-06-11 20:00","1991","06","11","20:00"," ","","","","","","","","","","","","","","","","","","",""
"1991-06-11 21:00","1991","06","11","21:00"," ","","","","","","","","","","","","","","","","","","",""
"1991-06-11 22:00","1991","06","11","22:00"," ","","","","","","","","","","","","","","","","","","",""
"1991-06-11 23:00","1991","06","11","23:00"," ","","","","","","","","","","","","","","","","","","",""
"1991-06-12 00:00","1991","06","12","00:00"," ","","","","","","","","","","","","","","","","","","",""
"1991-06-12 01:00","1991","06","12","01:00"," ","","","","","","","","","","","","","","","","","","",""
"1991-06-12 02:00","1991","06","12","02:00"," ","","","","","","","","","","","","","","","","","","",""
"1991-06-12 03:00","1991","06","12","03:00"," ","","","","","","","","","","","","","","","","","","",""
"1991-06-12 04:00","1991","06","12","04:00"," ","","","","","","","","","","","","","","","","","","",""
"1991-06-12 05:00","1991","06","12","05:00"," ","","","","","","","","","","","","","","","","","","",""
"1991-06-12 06:00","1991","06","12","06:00"," ","","","","","","","","","","","","","","","","","","",""
"1991-06-12 07:00","1991","06","12","07:00"," ","","","","","","","","","","","","","","","","","","",""
"1991-06-12 08:00","1991","06","12","08:00"," ","","","","","","","","","","","","","","","","","","",""
"1991-06-12 09:00","1991","06","12","09:00"," ","5,80","","1,40","","73,00","","0,00","","0,00","","25,00","","101,11","","","","","","Généralement nuageux"
"1991-06-12 10:00","1991","06","12","10:00"," ","6,40","","1,10","","69,00","","29,00","","13,00","","25,00","","101,14","","","","","","Généralement nuageux"
"1991-06-12 11:00","1991","06","12","11:00"," ","6,20","","1,50","","72,00","","28,00","","7,00","","25,00","","101,14","","","","","","Généralement nuageux"
"1991-06-12 12:00","1991","06","12","12:00"," ","6,80","","0,70","","65,00","","31,00","","9,00","","25,00","","101,14","","","","","","Généralement nuageux"
"1991-06-12 13:00","1991","06","12","13:00"," ","7,30","","1,80","","68,00","","28,00","","7,00","","25,00","","101,11","","","","","","Généralement nuageux"
"1991-06-12 14:00","1991","06","12","14:00"," ","7,40","","1,80","","68,00","","23,00","","11,00","","25,00","","101,14","","","","","","Généralement nuageux"
"1991-06-12 15:00","1991","06","12","15:00"," ","7,40","","1,30","","65,00","","23,00","","13,00","","25,00","","101,17","","","","","","Généralement dégagé"
"1991-06-12 16:00","1991","06","12","16:00"," ","7,30","","1,80","","68,00","","22,00","","11,00","","25,00","","101,17","","","","","","Généralement dégagé"
"1991-06-12 17:00","1991","06","12","17:00"," ","7,40","","1,20","","65,00","","33,00","","11,00","","25,00","","101,21","","","","","","Généralement dégagé"
"1991-06-12 18:00","1991","06","12","18:00"," ","","","","","","","","","","","","","","","","","","",""
"1991-06-12 19:00","1991","06","12","19:00"," ","","","","","","","","","","","","","","","","","","",""
"1991-06-12 20:00","1991","06","12","20:00"," ","","","","","","","","","","","","","","","","","","",""
"1991-06-12 21:00","1991","06","12","21:00"," ","","","","","","","","","","","","","","","","","","",""
"1991-06-12 22:00","1991","06","12","22:00"," ","","","","","","","","","","","","","","","","","","",""
"1991-06-12 23:00","1991","06","12","23:00"," ","","","","","","","","","","","","","","","","","","",""
"1991-06-13 00:00","1991","06","13","00:00"," ","","","","","","","","","","","","","","","","","","",""
"1991-06-13 01:00","1991","06","13","01:00"," ","","","","","","","","","","","","","","","","","","",""
"1991-06-13 02:00","1991","06","13","02:00"," ","","","","","","","","","","","","","","","","","","",""
"1991-06-13 03:00","1991","06","13","03:00"," ","","","","","","","","","","","","","","","","","","",""
"1991-06-13 04:00","1991","06","13","04:00"," ","","","","","","","","","","","","","","","","","","",""
"1991-06-13 05:00","1991","06","13","05:00"," ","","","","","","","","","","","","","","","","","","",""
"1991-06-13 06:00","1991","06","13","06:00"," ","","","","","","","","","","","","","","","","","","",""
"1991-06-13 07:00","1991","06","13","07:00"," ","","","","","","","","","","","","","","","","","","",""
"1991-06-13 08:00","1991","06","13","08:00"," ","5,00","","1,40","","77,00","","13,00","","9,00","","25,00","","101,54","","","","","","Nuageux"
"1991-06-13 09:00","1991","06","13","09:00"," ","6,40","","1,50","","71,00","","14,00","","7,00","","25,00","","101,54","","","","","","Nuageux"
"1991-06-13 10:00","1991","06","13","10:00"," ","6,00","","2,00","","75,00","","15,00","","7,00","","25,00","","101,54","","","","","","Nuageux"
"1991-06-13 11:00","1991","06","13","11:00"," ","6,30","","1,60","","72,00","","14,00","","13,00","","25,00","","101,58","","","","","","Généralement nuageux"
"1991-06-13 12:00","1991","06","13","12:00"," ","6,90","","2,70","","75,00","","13,00","","11,00","","25,00","","101,58","","","","","","Généralement dégagé"
"1991-06-13 13:00","1991","06","13","13:00"," ","7,60","","0,80","","62,00","","14,00","","13,00","","25,00","","101,61","","","","","","Généralement dégagé"
"1991-06-13 14:00","1991","06","13","14:00"," ","8,00","","1,90","","65,00","","19,00","","11,00","","25,00","","101,64","","","","","","Dégagé"
"1991-06-13 15:00","1991","06","13","15:00"," ","7,30","","1,30","","66,00","","15,00","","15,00","","25,00","","101,64","","","","","","Généralement dégagé"
"1991-06-13 16:00","1991","06","13","16:00"," ","6,50","","2,10","","73,00","","15,00","","9,00","","25,00","","101,64","","","","","","Généralement dégagé"
"1991-06-13 17:00","1991","06","13","17:00"," ","6,50","","2,10","","73,00","","15,00","","7,00","","","","","","","","","","ND"
"1991-06-13 18:00","1991","06","13","18:00"," ","","","","","","","","","","","","","","","","","","",""
"1991-06-13 19:00","1991","06","13","19:00"," ","","","","","","","","","","","","","","","","","","",""
"1991-06-13 20:00","1991","06","13","20:00"," ","","","","","","","","","","","","","","","","","","",""
"1991-06-13 21:00","1991","06","13","21:00"," ","","","","","","","","","","","","","","","","","","",""
"1991-06-13 22:00","1991","06","13","22:00"," ","","","","","","","","","","","","","","","","","","",""
"1991-06-13 23:00","1991","06","13","23:00"," ","","","","","","","","","","","","","","","","","","",""
"1991-06-14 00:00","1991","06","14","00:00"," ","","","","","","","","","","","","","","","","","","",""
"1991-06-14 01:00","1991","06","14","01:00"," ","","","","","","","","","","","","","","","","","","",""
"1991-06-14 02:00","1991","06","14","02:00"," ","","","","","","","","","","","","","","","","","","",""
"1991-06-14 03:00","1991","06","14","03:00"," ","","","","","","","","","","","","","","","","","","",""
"1991-06-14 04:00","1991","06","14","04:00"," ","","","","","","","","","","","","","","","","","","",""
"1991-06-14 05:00","1991","06","14","05:00"," ","","","","","","","","","","","","","","","","","","",""
"1991-06-14 06:00","1991","06","14","06:00"," ","","","","","","","","","","","","","","","","","","",""
"1991-06-14 07:00","1991","06","14","07:00"," ","","","","","","","","","","","","","","","","","","",""
"1991-06-14 08:00","1991","06","14","08:00"," ","6,60","","1,10","","68,00","","0,00","","0,00","","25,00","","101,71","","","","","","Généralement dégagé"
"1991-06-14 09:00","1991","06","14","09:00"," ","6,70","","0,10","","63,00","","16,00","","7,00","","24,10","","101,68","","","","","","Généralement dégagé"
"1991-06-14 10:00","1991","06","14","10:00"," ","6,70","","0,10","","63,00","","15,00","","11,00","","25,00","","101,68","","","","","","Généralement nuageux"
"1991-06-14 11:00","1991","06","14","11:00"," ","7,40","","1,30","","65,00","","14,00","","15,00","","24,10","","101,64","","","","","","Généralement dégagé"
"1991-06-14 12:00","1991","06","14","12:00"," ","8,00","","0,40","","59,00","","14,00","","17,00","","25,00","","101,54","","","","","","Généralement dégagé"
"1991-06-14 13:00","1991","06","14","13:00"," ","6,90","","1,20","","67,00","","13,00","","11,00","","24,10","","101,61","","","","","","Généralement dégagé"
"1991-06-14 14:00","1991","06","14","14:00"," ","7,20","","2,20","","70,00","","13,00","","17,00","","25,00","","101,61","","","","","","Généralement dégagé"
"1991-06-14 15:00","1991","06","14","15:00"," ","7,70","","0,80","","61,00","","15,00","","9,00","","25,00","","101,61","","","","","","Généralement dégagé"
"1991-06-14 16:00","1991","06","14","16:00"," ","6,80","","1,20","","68,00","","15,00","","13,00","","25,00","","101,61","","","","","","Généralement dégagé"
"1991-06-14 17:00","1991","06","14","17:00"," ","6,80","","1,20","","68,00","","15,00","","13,00","","25,00","","","","","","","","ND"
"1991-06-14 18:00","1991","06","14","18:00"," ","","","","","","","","","","","","","","","","","","",""
"1991-06-14 19:00","1991","06","14","19:00"," ","","","","","","","","","","","","","","","","","","",""
"1991-06-14 20:00","1991","06","14","20:00"," ","","","","","","","","","","","","","","","","","","",""
"1991-06-14 21:00","1991","06","14","21:00"," ","","","","","","","","","","","","","","","","","","",""
"1991-06-14 22:00","1991","06","14","22:00"," ","","","","","","","","","","","","","","","","","","",""
"1991-06-14 23:00","1991","06","14","23:00"," ","","","","","","","","","","","","","","","","","","",""
"1991-06-15 00:00","1991","06","15","00:00"," ","","","","","","","","","","","","","","","","","","",""
"1991-06-15 01:00","1991","06","15","01:00"," ","","","","","","","","","","","","","","","","","","",""
"1991-06-15 02:00","1991","06","15","02:00"," ","","","","","","","","","","","","","","","","","","",""
"1991-06-15 03:00","1991","06","15","03:00"," ","","","","","","","","","","","","","","","","","","",""
"1991-06-15 04:00","1991","06","15","04:00"," ","","","","","","","","","","","","","","","","","","",""
"1991-06-15 05:00","1991","06","15","05:00"," ","","","","","","","","","","","","","","","","","","",""
"1991-06-15 06:00","1991","06","15","06:00"," ","","","","","","","","","","","","","","","","","","",""
"1991-06-15 07:00","1991","06","15","07:00"," ","","","","","","","","","","","","","","","","","","",""
"1991-06-15 08:00","1991","06","15","08:00"," ","","","","","","","","","","","","","","","","","","",""
"1991-06-15 09:00","1991","06","15","09:00"," ","","","","","","","","","","","","","","","","","","",""
"1991-06-15 10:00","1991","06","15","10:00"," ","","","","","","","","","","","","","","","","","","",""
"1991-06-15 11:00","1991","06","15","11:00"," ","","","","","","","","","","","","","","","","","","",""
"1991-06-15 12:00","1991","06","15","12:00"," ","","","","","","","","","","","","","","","","","","",""
"1991-06-15 13:00","1991","06","15","13:00"," ","","","","","","","","","","","","","","","","","","",""
"1991-06-15 14:00","1991","06","15","14:00"," ","","","","","","","","","","","","","","","","","","",""
"1991-06-15 15:00","1991","06","15","15:00"," ","","","","","","","","","","","","","","","","","","",""
"1991-06-15 16:00","1991","06","15","16:00"," ","","","","","","","","","","","","","","","","","","",""
"1991-06-15 17:00","1991","06","15","17:00"," ","","","","","","","","","","","","","","","","","","",""
"1991-06-15 18:00","1991","06","15","18:00"," ","","","","","","","","","","","","","","","","","","",""
"1991-06-15 19:00","1991","06","15","19:00"," ","","","","","","","","","","","","","","","","","","",""
"1991-06-15 20:00","1991","06","15","20:00"," ","","","","","","","","","","","","","","","","","","",""
"1991-06-15 21:00","1991","06","15","21:00"," ","","","","","","","","","","","","","","","","","","",""
"1991-06-15 22:00","1991","06","15","22:00"," ","","","","","","","","","","","","","","","","","","",""
"1991-06-15 23:00","1991","06","15","23:00"," ","","","","","","","","","","","","","","","","","","",""
"1991-06-16 00:00","1991","06","16","00:00"," ","","","","","","","","","","","","","","","","","","",""
"1991-06-16 01:00","1991","06","16","01:00"," ","","","","","","","","","","","","","","","","","","",""
"1991-06-16 02:00","1991","06","16","02:00"," ","","","","","","","","","","","","","","","","","","",""
"1991-06-16 03:00","1991","06","16","03:00"," ","","","","","","","","","","","","","","","","","","",""
"1991-06-16 04:00","1991","06","16","04:00"," ","","","","","","","","","","","","","","","","","","",""
"1991-06-16 05:00","1991","06","16","05:00"," ","","","","","","","","","","","","","","","","","","",""
"1991-06-16 06:00","1991","06","16","06:00"," ","","","","","","","","","","","","","","","","","","",""
"1991-06-16 07:00","1991","06","16","07:00"," ","","","","","","","","","","","","","","","","","","",""
"1991-06-16 08:00","1991","06","16","08:00"," ","","","","","","","","","","","","","","","","","","",""
"1991-06-16 09:00","1991","06","16","09:00"," ","","","","","","","","","","","","","","","","","","",""
"1991-06-16 10:00","1991","06","16","10:00"," ","","","","","","","","","","","","","","","","","","",""
"1991-06-16 11:00","1991","06","16","11:00"," ","","","","","","","","","","","","","","","","","","",""
"1991-06-16 12:00","1991","06","16","12:00"," ","","","","","","","","","","","","","","","","","","",""
"1991-06-16 13:00","1991","06","16","13:00"," ","","","","","","","","","","","","","","","","","","",""
"1991-06-16 14:00","1991","06","16","14:00"," ","","","","","","","","","","","","","","","","","","",""
"1991-06-16 15:00","1991","06","16","15:00"," ","","","","","","","","","","","","","","","","","","",""
"1991-06-16 16:00","1991","06","16","16:00"," ","","","","","","","","","","","","","","","","","","",""
"1991-06-16 17:00","1991","06","16","17:00"," ","","","","","","","","","","","","","","","","","","",""
"1991-06-16 18:00","1991","06","16","18:00"," ","","","","","","","","","","","","","","","","","","",""
"1991-06-16 19:00","1991","06","16","19:00"," ","","","","","","","","","","","","","","","","","","",""
"1991-06-16 20:00","1991","06","16","20:00"," ","","","","","","","","","","","","","","","","","","",""
"1991-06-16 21:00","1991","06","16","21:00"," ","","","","","","","","","","","","","","","","","","",""
"1991-06-16 22:00","1991","06","16","22:00"," ","","","","","","","","","","","","","","","","","","",""
"1991-06-16 23:00","1991","06","16","23:00"," ","","","","","","","","","","","","","","","","","","",""
"1991-06-17 00:00","1991","06","17","00:00"," ","","","","","","","","","","","","","","","","","","",""
"1991-06-17 01:00","1991","06","17","01:00"," ","","","","","","","","","","","","","","","","","","",""
"1991-06-17 02:00","1991","06","17","02:00"," ","","","","","","","","","","","","","","","","","","",""
"1991-06-17 03:00","1991","06","17","03:00"," ","","","","","","","","","","","","","","","","","","",""
"1991-06-17 04:00","1991","06","17","04:00"," ","","","","","","","","","","","","","","","","","","",""
"1991-06-17 05:00","1991","06","17","05:00"," ","","","","","","","","","","","","","","","","","","",""
"1991-06-17 06:00","1991","06","17","06:00"," ","","","","","","","","","","","","","","","","","","",""
"1991-06-17 07:00","1991","06","17","07:00"," ","","","","","","","","","","","","","","","","","","",""
"1991-06-17 08:00","1991","06","17","08:00"," ","","","","","","","","","","","","","","","","","","",""
"1991-06-17 09:00","1991","06","17","09:00"," ","10,80","","4,20","","64,00","","27,00","","7,00","","24,10","","101,11","","","","","","Généralement dégagé"
"1991-06-17 10:00","1991","06","17","10:00"," ","11,00","","1,10","","50,00","","23,00","","15,00","","24,10","","101,11","","","","","","Généralement dégagé"
"1991-06-17 11:00","1991","06","17","11:00"," ","11,60","","-1,10","","41,00","","22,00","","13,00","","24,10","","101,11","","","","","","Généralement dégagé"
"1991-06-17 12:00","1991","06","17","12:00"," ","11,80","","0,30","","45,00","","22,00","","11,00","","24,10","","101,11","","","","","","Généralement dégagé"
"1991-06-17 13:00","1991","06","17","13:00"," ","12,60","","0,40","","43,00","","24,00","","15,00","","24,10","","101,11","","","","","","Généralement nuageux"
"1991-06-17 14:00","1991","06","17","14:00"," ","12,00","","0,30","","44,00","","21,00","","11,00","","25,00","","101,14","","","","","","Généralement dégagé"
"1991-06-17 15:00","1991","06","17","15:00"," ","12,20","","0,30","","44,00","","17,00","","13,00","","25,00","","101,17","","","","","","Généralement dégagé"
"1991-06-17 16:00","1991","06","17","16:00"," ","9,80","","2,40","","60,00","","15,00","","13,00","","25,00","","101,17","","","","","","Généralement dégagé"
"1991-06-17 17:00","1991","06","17","17:00"," ","7,50","","1,30","","65,00","","15,00","","15,00","","25,00","","101,17","","","","","","Généralement dégagé"
"1991-06-17 18:00","1991","06","17","18:00"," ","","","","","","","","","","","","","","","","","","",""
"1991-06-17 19:00","1991","06","17","19:00"," ","","","","","","","","","","","","","","","","","","",""
"1991-06-17 20:00","1991","06","17","20:00"," ","","","","","","","","","","","","","","","","","","",""
"1991-06-17 21:00","1991","06","17","21:00"," ","","","","","","","","","","","","","","","","","","",""
"1991-06-17 22:00","1991","06","17","22:00"," ","","","","","","","","","","","","","","","","","","",""
"1991-06-17 23:00","1991","06","17","23:00"," ","","","","","","","","","","","","","","","","","","",""
"1991-06-18 00:00","1991","06","18","00:00"," ","","","","","","","","","","","","","","","","","","",""
"1991-06-18 01:00","1991","06","18","01:00"," ","","","","","","","","","","","","","","","","","","",""
"1991-06-18 02:00","1991","06","18","02:00"," ","","","","","","","","","","","","","","","","","","",""
"1991-06-18 03:00","1991","06","18","03:00"," ","","","","","","","","","","","","","","","","","","",""
"1991-06-18 04:00","1991","06","18","04:00"," ","","","","","","","","","","","","","","","","","","",""
"1991-06-18 05:00","1991","06","18","05:00"," ","","","","","","","","","","","","","","","","","","",""
"1991-06-18 06:00","1991","06","18","06:00"," ","","","","","","","","","","","","","","","","","","",""
"1991-06-18 07:00","1991","06","18","07:00"," ","","","","","","","","","","","","","","","","","","",""
"1991-06-18 08:00","1991","06","18","08:00"," ","8,20","","0,40","","58,00","","0,00","","0,00","","24,10","","101,38","","","","","","Généralement nuageux"
"1991-06-18 09:00","1991","06","18","09:00"," ","9,80","","-0,30","","49,00","","25,00","","4,00","","24,10","","101,34","","","","","","Généralement nuageux"
"1991-06-18 10:00","1991","06","18","10:00"," ","10,00","","-0,90","","47,00","","26,00","","7,00","","24,10","","101,34","","","","","","Généralement nuageux"
"1991-06-18 11:00","1991","06","18","11:00"," ","10,00","","-0,90","","47,00","","24,00","","15,00","","24,10","","101,34","","","","","","Généralement nuageux"
"1991-06-18 12:00","1991","06","18","12:00"," ","10,20","","-0,90","","46,00","","22,00","","11,00","","25,00","","101,34","","","","","","Généralement nuageux"
"1991-06-18 13:00","1991","06","18","13:00"," ","10,40","","-0,80","","46,00","","23,00","","7,00","","25,00","","101,34","","","","","","Nuageux"
"1991-06-18 14:00","1991","06","18","14:00"," ","10,50","","0,40","","50,00","","24,00","","15,00","","25,00","","101,34","","","","","","Nuageux"
"1991-06-18 15:00","1991","06","18","15:00"," ","11,20","","0,60","","48,00","","26,00","","22,00","","25,00","","101,31","","","","","","Généralement nuageux"
"1991-06-18 16:00","1991","06","18","16:00"," ","10,80","","1,10","","51,00","","29,00","","20,00","","25,00","","101,31","","","","","","Généralement nuageux"
"1991-06-18 17:00","1991","06","18","17:00"," ","10,80","","1,50","","53,00","","29,00","","19,00","","","","","","","","","","ND"
"1991-06-18 18:00","1991","06","18","18:00"," ","","","","","","","","","","","","","","","","","","",""
"1991-06-18 19:00","1991","06","18","19:00"," ","","","","","","","","","","","","","","","","","","",""
"1991-06-18 20:00","1991","06","18","20:00"," ","","","","","","","","","","","","","","","","","","",""
"1991-06-18 21:00","1991","06","18","21:00"," ","","","","","","","","","","","","","","","","","","",""
"1991-06-18 22:00","1991","06","18","22:00"," ","","","","","","","","","","","","","","","","","","",""
"1991-06-18 23:00","1991","06","18","23:00"," ","","","","","","","","","","","","","","","","","","",""
"1991-06-19 00:00","1991","06","19","00:00"," ","","","","","","","","","","","","","","","","","","",""
"1991-06-19 01:00","1991","06","19","01:00"," ","","","","","","","","","","","","","","","","","","",""
"1991-06-19 02:00","1991","06","19","02:00"," ","","","","","","","","","","","","","","","","","","",""
"1991-06-19 03:00","1991","06","19","03:00"," ","","","","","","","","","","","","","","","","","","",""
"1991-06-19 04:00","1991","06","19","04:00"," ","","","","","","","","","","","","","","","","","","",""
"1991-06-19 05:00","1991","06","19","05:00"," ","","","","","","","","","","","","","","","","","","",""
"1991-06-19 06:00","1991","06","19","06:00"," ","","","","","","","","","","","","","","","","","","",""
"1991-06-19 07:00","1991","06","19","07:00"," ","","","","","","","","","","","","","","","","","","",""
"1991-06-19 08:00","1991","06","19","08:00"," ","12,00","","2,00","","50,00","","33,00","","13,00","","","","","","","","","","ND"
"1991-06-19 09:00","1991","06","19","09:00"," ","12,00","","2,00","","50,00","","33,00","","13,00","","25,00","","100,97","","","","","","Généralement dégagé"
"1991-06-19 10:00","1991","06","19","10:00"," ","13,10","","1,20","","44,00","","32,00","","13,00","","25,00","","100,90","","","","","","Généralement dégagé"
"1991-06-19 11:00","1991","06","19","11:00"," ","15,00","","3,50","","46,00","","32,00","","15,00","","24,10","","100,87","","","","","","Généralement dégagé"
"1991-06-19 12:00","1991","06","19","12:00"," ","15,50","","3,70","","45,00","","33,00","","13,00","","24,10","","100,80","","","","","","Généralement dégagé"
"1991-06-19 13:00","1991","06","19","13:00"," ","15,80","","2,30","","40,00","","34,00","","19,00","","24,10","","100,74","","","","","","Dégagé"
"1991-06-19 14:00","1991","06","19","14:00"," ","17,00","","1,60","","35,00","","36,00","","13,00","","24,10","","100,70","","","","","","Dégagé"
"1991-06-19 15:00","1991","06","19","15:00"," ","17,00","","2,20","","37,00","","3,00","","15,00","","25,00","","100,67","","","","","","Dégagé"
"1991-06-19 16:00","1991","06","19","16:00"," ","16,40","","2,00","","38,00","","4,00","","22,00","","25,00","","100,63","","","","","","Dégagé"
"1991-06-19 17:00","1991","06","19","17:00"," ","16,00","","2,90","","41,00","","1,00","","17,00","","25,00","","100,67","","","","","","Généralement dégagé"
"1991-06-19 18:00","1991","06","19","18:00"," ","","","","","","","","","","","","","","","","","","",""
"1991-06-19 19:00","1991","06","19","19:00"," ","","","","","","","","","","","","","","","","","","",""
"1991-06-19 20:00","1991","06","19","20:00"," ","","","","","","","","","","","","","","","","","","",""
"1991-06-19 21:00","1991","06","19","21:00"," ","","","","","","","","","","","","","","","","","","",""
"1991-06-19 22:00","1991","06","19","22:00"," ","","","","","","","","","","","","","","","","","","",""
"1991-06-19 23:00","1991","06","19","23:00"," ","","","","","","","","","","","","","","","","","","",""
"1991-06-20 00:00","1991","06","20","00:00"," ","","","","","","","","","","","","","","","","","","",""
"1991-06-20 01:00","1991","06","20","01:00"," ","","","","","","","","","","","","","","","","","","",""
"1991-06-20 02:00","1991","06","20","02:00"," ","","","","","","","","","","","","","","","","","","",""
"1991-06-20 03:00","1991","06","20","03:00"," ","","","","","","","","","","","","","","","","","","",""
"1991-06-20 04:00","1991","06","20","04:00"," ","","","","","","","","","","","","","","","","","","",""
"1991-06-20 05:00","1991","06","20","05:00"," ","","","","","","","","","","","","","","","","","","",""
"1991-06-20 06:00","1991","06","20","06:00"," ","","","","","","","","","","","","","","","","","","",""
"1991-06-20 07:00","1991","06","20","07:00"," ","","","","","","","","","","","","","","","","","","",""
"1991-06-20 08:00","1991","06","20","08:00"," ","9,00","","2,70","","65,00","","12,00","","9,00","","24,10","","100,37","","","","","","Généralement dégagé"
"1991-06-20 09:00","1991","06","20","09:00"," ","10,20","","1,40","","54,00","","12,00","","7,00","","24,10","","100,37","","","","","","Généralement dégagé"
"1991-06-20 10:00","1991","06","20","10:00"," ","9,00","","2,70","","65,00","","14,00","","17,00","","25,00","","100,37","","","","","","Généralement dégagé"
"1991-06-20 11:00","1991","06","20","11:00"," ","10,20","","3,90","","65,00","","15,00","","15,00","","25,00","","100,33","","","","","","Généralement dégagé"
"1991-06-20 12:00","1991","06","20","12:00"," ","9,70","","3,30","","64,00","","15,00","","13,00","","25,00","","100,33","","","","","","Généralement dégagé"
"1991-06-20 13:00","1991","06","20","13:00"," ","9,20","","3,60","","68,00","","15,00","","15,00","","25,00","","100,30","","","","","","Généralement dégagé"
"1991-06-20 14:00","1991","06","20","14:00"," ","8,50","","3,00","","68,00","","16,00","","15,00","","24,10","","100,30","","","","","","Généralement dégagé"
"1991-06-20 15:00","1991","06","20","15:00"," ","8,70","","2,50","","65,00","","14,00","","13,00","","25,00","","100,26","","","","","","Généralement dégagé"
"1991-06-20 16:00","1991","06","20","16:00"," ","8,20","","2,90","","69,00","","14,00","","15,00","","25,00","","100,30","","","","","","Généralement dégagé"
"1991-06-20 17:00","1991","06","20","17:00"," ","8,20","","2,90","","69,00","","14,00","","15,00","","","","","","","","","","ND"
"1991-06-20 18:00","1991","06","20","18:00"," ","","","","","","","","","","","","","","","","","","",""
"1991-06-20 19:00","1991","06","20","19:00"," ","","","","","","","","","","","","","","","","","","",""
"1991-06-20 20:00","1991","06","20","20:00"," ","","","","","","","","","","","","","","","","","","",""
"1991-06-20 21:00","1991","06","20","21:00"," ","","","","","","","","","","","","","","","","","","",""
"1991-06-20 22:00","1991","06","20","22:00"," ","","","","","","","","","","","","","","","","","","",""
"1991-06-20 23:00","1991","06","20","23:00"," ","","","","","","","","","","","","","","","","","","",""
"1991-06-21 00:00","1991","06","21","00:00"," ","","","","","","","","","","","","","","","","","","",""
"1991-06-21 01:00","1991","06","21","01:00"," ","","","","","","","","","","","","","","","","","","",""
"1991-06-21 02:00","1991","06","21","02:00"," ","","","","","","","","","","","","","","","","","","",""
"1991-06-21 03:00","1991","06","21","03:00"," ","","","","","","","","","","","","","","","","","","",""
"1991-06-21 04:00","1991","06","21","04:00"," ","","","","","","","","","","","","","","","","","","",""
"1991-06-21 05:00","1991","06","21","05:00"," ","","","","","","","","","","","","","","","","","","",""
"1991-06-21 06:00","1991","06","21","06:00"," ","","","","","","","","","","","","","","","","","","",""
"1991-06-21 07:00","1991","06","21","07:00"," ","","","","","","","","","","","","","","","","","","",""
"1991-06-21 08:00","1991","06","21","08:00"," ","11,90","","0,30","","45,00","","36,00","","13,00","","24,10","","100,13","","","","","","Généralement dégagé"
"1991-06-21 09:00","1991","06","21","09:00"," ","12,70","","-2,10","","36,00","","35,00","","19,00","","25,00","","100,13","","","","","","Généralement dégagé"
"1991-06-21 10:00","1991","06","21","10:00"," ","13,10","","-2,60","","33,00","","32,00","","24,00","","25,00","","100,16","","","","","","Généralement dégagé"
"1991-06-21 11:00","1991","06","21","11:00"," ","13,20","","-2,60","","33,00","","31,00","","26,00","","25,00","","100,23","","","","","","Généralement dégagé"
"1991-06-21 12:00","1991","06","21","12:00"," ","13,70","","-3,80","","29,00","","31,00","","24,00","","25,00","","100,20","","","","","","Généralement dégagé"
"1991-06-21 13:00","1991","06","21","13:00"," ","14,00","","-2,20","","32,00","","33,00","","26,00","","25,00","","100,16","","","","","","Généralement dégagé"
"1991-06-21 14:00","1991","06","21","14:00"," ","14,00","","0,20","","39,00","","32,00","","28,00","","25,00","","100,16","","","","","","Généralement dégagé"
"1991-06-21 15:00","1991","06","21","15:00"," ","13,10","","1,20","","44,00","","31,00","","31,00","","25,00","","100,16","","","","","","Généralement nuageux"
"1991-06-21 16:00","1991","06","21","16:00"," ","12,80","","1,20","","45,00","","31,00","","26,00","","25,00","","100,20","","","","","","Généralement nuageux"
"1991-06-21 17:00","1991","06","21","17:00"," ","12,50","","1,20","","46,00","","31,00","","20,00","","","","","","","","","","ND"
"1991-06-21 18:00","1991","06","21","18:00"," ","","","","","","","","","","","","","","","","","","",""
"1991-06-21 19:00","1991","06","21","19:00"," ","","","","","","","","","","","","","","","","","","",""
"1991-06-21 20:00","1991","06","21","20:00"," ","","","","","","","","","","","","","","","","","","",""
"1991-06-21 21:00","1991","06","21","21:00"," ","","","","","","","","","","","","","","","","","","",""
"1991-06-21 22:00","1991","06","21","22:00"," ","","","","","","","","","","","","","","","","","","",""
"1991-06-21 23:00","1991","06","21","23:00"," ","","","","","","","","","","","","","","","","","","",""
"1991-06-22 00:00","1991","06","22","00:00"," ","","","","","","","","","","","","","","","","","","",""
"1991-06-22 01:00","1991","06","22","01:00"," ","","","","","","","","","","","","","","","","","","",""
"1991-06-22 02:00","1991","06","22","02:00"," ","","","","","","","","","","","","","","","","","","",""
"1991-06-22 03:00","1991","06","22","03:00"," ","","","","","","","","","","","","","","","","","","",""
"1991-06-22 04:00","1991","06","22","04:00"," ","","","","","","","","","","","","","","","","","","",""
"1991-06-22 05:00","1991","06","22","05:00"," ","","","","","","","","","","","","","","","","","","",""
"1991-06-22 06:00","1991","06","22","06:00"," ","","","","","","","","","","","","","","","","","","",""
"1991-06-22 07:00","1991","06","22","07:00"," ","","","","","","","","","","","","","","","","","","",""
"1991-06-22 08:00","1991","06","22","08:00"," ","","","","","","","","","","","","","","","","","","",""
"1991-06-22 09:00","1991","06","22","09:00"," ","","","","","","","","","","","","","","","","","","",""
"1991-06-22 10:00","1991","06","22","10:00"," ","","","","","","","","","","","","","","","","","","",""
"1991-06-22 11:00","1991","06","22","11:00"," ","","","","","","","","","","","","","","","","","","",""
"1991-06-22 12:00","1991","06","22","12:00"," ","","","","","","","","","","","","","","","","","","",""
"1991-06-22 13:00","1991","06","22","13:00"," ","","","","","","","","","","","","","","","","","","",""
"1991-06-22 14:00","1991","06","22","14:00"," ","","","","","","","","","","","","","","","","","","",""
"1991-06-22 15:00","1991","06","22","15:00"," ","","","","","","","","","","","","","","","","","","",""
"1991-06-22 16:00","1991","06","22","16:00"," ","","","","","","","","","","","","","","","","","","",""
"1991-06-22 17:00","1991","06","22","17:00"," ","","","","","","","","","","","","","","","","","","",""
"1991-06-22 18:00","1991","06","22","18:00"," ","","","","","","","","","","","","","","","","","","",""
"1991-06-22 19:00","1991","06","22","19:00"," ","","","","","","","","","","","","","","","","","","",""
"1991-06-22 20:00","1991","06","22","20:00"," ","","","","","","","","","","","","","","","","","","",""
"1991-06-22 21:00","1991","06","22","21:00"," ","","","","","","","","","","","","","","","","","","",""
"1991-06-22 22:00","1991","06","22","22:00"," ","","","","","","","","","","","","","","","","","","",""
"1991-06-22 23:00","1991","06","22","23:00"," ","","","","","","","","","","","","","","","","","","",""
"1991-06-23 00:00","1991","06","23","00:00"," ","","","","","","","","","","","","","","","","","","",""
"1991-06-23 01:00","1991","06","23","01:00"," ","","","","","","","","","","","","","","","","","","",""
"1991-06-23 02:00","1991","06","23","02:00"," ","","","","","","","","","","","","","","","","","","",""
"1991-06-23 03:00","1991","06","23","03:00"," ","","","","","","","","","","","","","","","","","","",""
"1991-06-23 04:00","1991","06","23","04:00"," ","","","","","","","","","","","","","","","","","","",""
"1991-06-23 05:00","1991","06","23","05:00"," ","","","","","","","","","","","","","","","","","","",""
"1991-06-23 06:00","1991","06","23","06:00"," ","","","","","","","","","","","","","","","","","","",""
"1991-06-23 07:00","1991","06","23","07:00"," ","","","","","","","","","","","","","","","","","","",""
"1991-06-23 08:00","1991","06","23","08:00"," ","","","","","","","","","","","","","","","","","","",""
"1991-06-23 09:00","1991","06","23","09:00"," ","","","","","","","","","","","","","","","","","","",""
"1991-06-23 10:00","1991","06","23","10:00"," ","","","","","","","","","","","","","","","","","","",""
"1991-06-23 11:00","1991","06","23","11:00"," ","","","","","","","","","","","","","","","","","","",""
"1991-06-23 12:00","1991","06","23","12:00"," ","","","","","","","","","","","","","","","","","","",""
"1991-06-23 13:00","1991","06","23","13:00"," ","","","","","","","","","","","","","","","","","","",""
"1991-06-23 14:00","1991","06","23","14:00"," ","","","","","","","","","","","","","","","","","","",""
"1991-06-23 15:00","1991","06","23","15:00"," ","","","","","","","","","","","","","","","","","","",""
"1991-06-23 16:00","1991","06","23","16:00"," ","","","","","","","","","","","","","","","","","","",""
"1991-06-23 17:00","1991","06","23","17:00"," ","","","","","","","","","","","","","","","","","","",""
"1991-06-23 18:00","1991","06","23","18:00"," ","","","","","","","","","","","","","","","","","","",""
"1991-06-23 19:00","1991","06","23","19:00"," ","","","","","","","","","","","","","","","","","","",""
"1991-06-23 20:00","1991","06","23","20:00"," ","","","","","","","","","","","","","","","","","","",""
"1991-06-23 21:00","1991","06","23","21:00"," ","","","","","","","","","","","","","","","","","","",""
"1991-06-23 22:00","1991","06","23","22:00"," ","","","","","","","","","","","","","","","","","","",""
"1991-06-23 23:00","1991","06","23","23:00"," ","","","","","","","","","","","","","","","","","","",""
"1991-06-24 00:00","1991","06","24","00:00"," ","","","","","","","","","","","","","","","","","","",""
"1991-06-24 01:00","1991","06","24","01:00"," ","","","","","","","","","","","","","","","","","","",""
"1991-06-24 02:00","1991","06","24","02:00"," ","","","","","","","","","","","","","","","","","","",""
"1991-06-24 03:00","1991","06","24","03:00"," ","","","","","","","","","","","","","","","","","","",""
"1991-06-24 04:00","1991","06","24","04:00"," ","","","","","","","","","","","","","","","","","","",""
"1991-06-24 05:00","1991","06","24","05:00"," ","","","","","","","","","","","","","","","","","","",""
"1991-06-24 06:00","1991","06","24","06:00"," ","","","","","","","","","","","","","","","","","","",""
"1991-06-24 07:00","1991","06","24","07:00"," ","","","","","","","","","","","","","","","","","","",""
"1991-06-24 08:00","1991","06","24","08:00"," ","4,50","","2,30","","85,00","","14,00","","22,00","","","","","","","","","","ND"
"1991-06-24 09:00","1991","06","24","09:00"," ","4,50","","2,30","","85,00","","14,00","","22,00","","25,00","","99,79","","","","","","Nuageux"
"1991-06-24 10:00","1991","06","24","10:00"," ","4,60","","0,80","","76,00","","15,00","","19,00","","25,00","","99,73","","","","","","Pluie"
"1991-06-24 11:00","1991","06","24","11:00"," ","5,60","","2,00","","78,00","","14,00","","24,00","","25,00","","99,69","","","","","","Généralement nuageux"
"1991-06-24 12:00","1991","06","24","12:00"," ","4,00","","1,30","","82,00","","15,00","","19,00","","25,00","","99,69","","","","","","Nuageux"
"1991-06-24 13:00","1991","06","24","13:00"," ","4,50","","1,80","","82,00","","16,00","","22,00","","25,00","","99,69","","","","","","Nuageux"
"1991-06-24 14:00","1991","06","24","14:00"," ","5,30","","2,00","","79,00","","15,00","","24,00","","25,00","","99,62","","","","","","Nuageux"
"1991-06-24 15:00","1991","06","24","15:00"," ","4,80","","1,90","","82,00","","15,00","","19,00","","25,00","","99,66","","","","","","Nuageux"
"1991-06-24 16:00","1991","06","24","16:00"," ","4,40","","1,80","","83,00","","15,00","","15,00","","25,00","","99,62","","","","","","Nuageux"
"1991-06-24 17:00","1991","06","24","17:00"," ","4,90","","1,90","","81,00","","15,00","","13,00","","25,00","","99,62","","","","","","Nuageux"
"1991-06-24 18:00","1991","06","24","18:00"," ","","","","","","","","","","","","","","","","","","",""
"1991-06-24 19:00","1991","06","24","19:00"," ","","","","","","","","","","","","","","","","","","",""
"1991-06-24 20:00","1991","06","24","20:00"," ","","","","","","","","","","","","","","","","","","",""
"1991-06-24 21:00","1991","06","24","21:00"," ","","","","","","","","","","","","","","","","","","",""
"1991-06-24 22:00","1991","06","24","22:00"," ","","","","","","","","","","","","","","","","","","",""
"1991-06-24 23:00","1991","06","24","23:00"," ","","","","","","","","","","","","","","","","","","",""
"1991-06-25 00:00","1991","06","25","00:00"," ","","","","","","","","","","","","","","","","","","",""
"1991-06-25 01:00","1991","06","25","01:00"," ","","","","","","","","","","","","","","","","","","",""
"1991-06-25 02:00","1991","06","25","02:00"," ","","","","","","","","","","","","","","","","","","",""
"1991-06-25 03:00","1991","06","25","03:00"," ","","","","","","","","","","","","","","","","","","",""
"1991-06-25 04:00","1991","06","25","04:00"," ","","","","","","","","","","","","","","","","","","",""
"1991-06-25 05:00","1991","06","25","05:00"," ","","","","","","","","","","","","","","","","","","",""
"1991-06-25 06:00","1991","06","25","06:00"," ","","","","","","","","","","","","","","","","","","",""
"1991-06-25 07:00","1991","06","25","07:00"," ","","","","","","","","","","","","","","","","","","",""
"1991-06-25 08:00","1991","06","25","08:00"," ","9,20","","4,10","","70,00","","0,00","","0,00","","24,10","","99,62","","","","","","Généralement nuageux"
"1991-06-25 09:00","1991","06","25","09:00"," ","10,40","","5,40","","71,00","","0,00","","0,00","","25,00","","99,62","","","","","","Généralement nuageux"
"1991-06-25 10:00","1991","06","25","10:00"," ","11,00","","4,60","","65,00","","0,00","","0,00","","24,10","","99,59","","","","","","Généralement nuageux"
"1991-06-25 11:00","1991","06","25","11:00"," ","11,40","","6,50","","72,00","","0,00","","0,00","","24,10","","99,59","","","","","","Généralement nuageux"
"1991-06-25 12:00","1991","06","25","12:00"," ","12,30","","6,40","","67,00","","0,00","","0,00","","24,10","","99,59","","","","","","Généralement nuageux"
"1991-06-25 13:00","1991","06","25","13:00"," ","12,60","","7,30","","70,00","","12,00","","9,00","","24,10","","99,56","","","","","","Généralement dégagé"
"1991-06-25 14:00","1991","06","25","14:00"," ","8,10","","5,20","","82,00","","15,00","","20,00","","24,10","","99,56","","","","","","Généralement dégagé"
"1991-06-25 15:00","1991","06","25","15:00"," ","6,30","","5,70","","96,00","","15,00","","24,00","","16,10","","99,62","","","","","","Généralement dégagé"
"1991-06-25 16:00","1991","06","25","16:00"," ","6,00","","4,80","","92,00","","14,00","","13,00","","16,10","","99,62","","","","","","Nuageux"
"1991-06-25 17:00","1991","06","25","17:00"," ","5,70","","4,80","","94,00","","14,00","","13,00","","","","","","","","","","ND"
"1991-06-25 18:00","1991","06","25","18:00"," ","","","","","","","","","","","","","","","","","","",""
"1991-06-25 19:00","1991","06","25","19:00"," ","","","","","","","","","","","","","","","","","","",""
"1991-06-25 20:00","1991","06","25","20:00"," ","","","","","","","","","","","","","","","","","","",""
"1991-06-25 21:00","1991","06","25","21:00"," ","","","","","","","","","","","","","","","","","","",""
"1991-06-25 22:00","1991","06","25","22:00"," ","","","","","","","","","","","","","","","","","","",""
"1991-06-25 23:00","1991","06","25","23:00"," ","","","","","","","","","","","","","","","","","","",""
"1991-06-26 00:00","1991","06","26","00:00"," ","","","","","","","","","","","","","","","","","","",""
"1991-06-26 01:00","1991","06","26","01:00"," ","","","","","","","","","","","","","","","","","","",""
"1991-06-26 02:00","1991","06","26","02:00"," ","","","","","","","","","","","","","","","","","","",""
"1991-06-26 03:00","1991","06","26","03:00"," ","","","","","","","","","","","","","","","","","","",""
"1991-06-26 04:00","1991","06","26","04:00"," ","","","","","","","","","","","","","","","","","","",""
"1991-06-26 05:00","1991","06","26","05:00"," ","","","","","","","","","","","","","","","","","","",""
"1991-06-26 06:00","1991","06","26","06:00"," ","","","","","","","","","","","","","","","","","","",""
"1991-06-26 07:00","1991","06","26","07:00"," ","","","","","","","","","","","","","","","","","","",""
"1991-06-26 08:00","1991","06","26","08:00"," ","","","","","","","","","","","","","","","","","","",""
"1991-06-26 09:00","1991","06","26","09:00"," ","8,60","","1,00","","59,00","","28,00","","17,00","","25,00","","99,89","","","","","","Généralement nuageux"
"1991-06-26 10:00","1991","06","26","10:00"," ","9,40","","2,80","","63,00","","29,00","","22,00","","25,00","","99,93","","","","","","Généralement nuageux"
"1991-06-26 11:00","1991","06","26","11:00"," ","9,20","","3,60","","68,00","","26,00","","19,00","","25,00","","99,93","","","","","","Généralement nuageux"
"1991-06-26 12:00","1991","06","26","12:00"," ","9,50","","4,20","","70,00","","27,00","","19,00","","25,00","","99,96","","","","","","Généralement nuageux"
"1991-06-26 13:00","1991","06","26","13:00"," ","8,60","","3,50","","70,00","","25,00","","19,00","","25,00","","100,03","","","","","","Généralement nuageux"
"1991-06-26 14:00","1991","06","26","14:00"," ","9,80","","3,40","","64,00","","27,00","","20,00","","25,00","","100,03","","","","","","Généralement dégagé"
"1991-06-26 15:00","1991","06","26","15:00"," ","9,50","","2,30","","61,00","","27,00","","19,00","","25,00","","100,13","","","","","","Généralement dégagé"
"1991-06-26 16:00","1991","06","26","16:00"," ","8,80","","2,70","","66,00","","26,00","","19,00","","25,00","","100,16","","","","","","Généralement dégagé"
"1991-06-26 17:00","1991","06","26","17:00"," ","7,80","","-0,80","","55,00","","29,00","","26,00","","25,00","","100,20","","","","","","Généralement dégagé"
"1991-06-26 18:00","1991","06","26","18:00"," ","","","","","","","","","","","","","","","","","","",""
"1991-06-26 19:00","1991","06","26","19:00"," ","","","","","","","","","","","","","","","","","","",""
"1991-06-26 20:00","1991","06","26","20:00"," ","","","","","","","","","","","","","","","","","","",""
"1991-06-26 21:00","1991","06","26","21:00"," ","","","","","","","","","","","","","","","","","","",""
"1991-06-26 22:00","1991","06","26","22:00"," ","","","","","","","","","","","","","","","","","","",""
"1991-06-26 23:00","1991","06","26","23:00"," ","","","","","","","","","","","","","","","","","","",""
"1991-06-27 00:00","1991","06","27","00:00"," ","","","","","","","","","","","","","","","","","","",""
"1991-06-27 01:00","1991","06","27","01:00"," ","","","","","","","","","","","","","","","","","","",""
"1991-06-27 02:00","1991","06","27","02:00"," ","","","","","","","","","","","","","","","","","","",""
"1991-06-27 03:00","1991","06","27","03:00"," ","","","","","","","","","","","","","","","","","","",""
"1991-06-27 04:00","1991","06","27","04:00"," ","","","","","","","","","","","","","","","","","","",""
"1991-06-27 05:00","1991","06","27","05:00"," ","","","","","","","","","","","","","","","","","","",""
"1991-06-27 06:00","1991","06","27","06:00"," ","","","","","","","","","","","","","","","","","","",""
"1991-06-27 07:00","1991","06","27","07:00"," ","","","","","","","","","","","","","","","","","","",""
"1991-06-27 08:00","1991","06","27","08:00"," ","4,70","","-0,20","","70,00","","0,00","","0,00","","24,10","","100,63","","","","","","Généralement nuageux"
"1991-06-27 09:00","1991","06","27","09:00"," ","5,70","","0,40","","69,00","","13,00","","7,00","","24,10","","100,63","","","","","","Généralement nuageux"
"1991-06-27 10:00","1991","06","27","10:00"," ","5,50","","0,40","","70,00","","14,00","","7,00","","24,10","","100,60","","","","","","Généralement nuageux"
"1991-06-27 11:00","1991","06","27","11:00"," ","6,80","","2,70","","75,00","","13,00","","6,00","","24,10","","100,57","","","","","","Nuageux"
"1991-06-27 12:00","1991","06","27","12:00"," ","6,80","","2,20","","73,00","","14,00","","15,00","","25,00","","100,50","","","","","","Nuageux"
"1991-06-27 13:00","1991","06","27","13:00"," ","8,20","","-1,40","","51,00","","26,00","","7,00","","24,10","","100,47","","","","","","Nuageux"
"1991-06-27 14:00","1991","06","27","14:00"," ","9,40","","0,20","","53,00","","0,00","","0,00","","25,00","","100,40","","","","","","Nuageux"
"1991-06-27 15:00","1991","06","27","15:00"," ","9,90","","-0,90","","47,00","","0,00","","0,00","","25,00","","100,30","","","","","","Nuageux"
"1991-06-27 16:00","1991","06","27","16:00"," ","10,90","","0,60","","49,00","","0,00","","0,00","","25,00","","100,23","","","","","","Nuageux"
"1991-06-27 17:00","1991","06","27","17:00"," ","","","","","","","0,00","","0,00","","","","","","","","","","ND"
"1991-06-27 18:00","1991","06","27","18:00"," ","","","","","","","","","","","","","","","","","","",""
"1991-06-27 19:00","1991","06","27","19:00"," ","","","","","","","","","","","","","","","","","","",""
"1991-06-27 20:00","1991","06","27","20:00"," ","","","","","","","","","","","","","","","","","","",""
"1991-06-27 21:00","1991","06","27","21:00"," ","","","","","","","","","","","","","","","","","","",""
"1991-06-27 22:00","1991","06","27","22:00"," ","","","","","","","","","","","","","","","","","","",""
"1991-06-27 23:00","1991","06","27","23:00"," ","","","","","","","","","","","","","","","","","","",""
"1991-06-28 00:00","1991","06","28","00:00"," ","","","","","","","","","","","","","","","","","","",""
"1991-06-28 01:00","1991","06","28","01:00"," ","","","","","","","","","","","","","","","","","","",""
"1991-06-28 02:00","1991","06","28","02:00"," ","","","","","","","","","","","","","","","","","","",""
"1991-06-28 03:00","1991","06","28","03:00"," ","","","","","","","","","","","","","","","","","","",""
"1991-06-28 04:00","1991","06","28","04:00"," ","","","","","","","","","","","","","","","","","","",""
"1991-06-28 05:00","1991","06","28","05:00"," ","","","","","","","","","","","","","","","","","","",""
"1991-06-28 06:00","1991","06","28","06:00"," ","","","","","","","","","","","","","","","","","","",""
"1991-06-28 07:00","1991","06","28","07:00"," ","","","","","","","","","","","","","","","","","","",""
"1991-06-28 08:00","1991","06","28","08:00"," ","10,20","","0,80","","52,00","","3,00","","19,00","","25,00","","99,39","","","","","","Nuageux"
"1991-06-28 09:00","1991","06","28","09:00"," ","10,30","","0,20","","50,00","","1,00","","19,00","","25,00","","99,39","","","","","","Nuageux"
"1991-06-28 10:00","1991","06","28","10:00"," ","10,70","","-1,40","","43,00","","1,00","","19,00","","25,00","","99,35","","","","","","Nuageux"
"1991-06-28 11:00","1991","06","28","11:00"," ","11,30","","-1,10","","42,00","","36,00","","26,00","","25,00","","99,35","","","","","","Nuageux"
"1991-06-28 12:00","1991","06","28","12:00"," ","11,50","","-1,70","","40,00","","1,00","","20,00","","25,00","","99,32","","","","","","Nuageux"
"1991-06-28 13:00","1991","06","28","13:00"," ","11,80","","-1,60","","39,00","","34,00","","19,00","","25,00","","99,32","","","","","","Généralement nuageux"
"1991-06-28 14:00","1991","06","28","14:00"," ","10,80","","0,00","","47,00","","32,00","","26,00","","25,00","","99,32","","","","","","Généralement nuageux"
"1991-06-28 15:00","1991","06","28","15:00"," ","10,50","","-1,40","","43,00","","35,00","","28,00","","25,00","","99,35","","","","","","Nuageux"
"1991-06-28 16:00","1991","06","28","16:00"," ","10,20","","-2,10","","42,00","","36,00","","24,00","","25,00","","99,42","","","","","","Nuageux"
"1991-06-28 17:00","1991","06","28","17:00"," ","10,00","","-2,00","","43,00","","36,00","","24,00","","","","","","","","","","ND"
"1991-06-28 18:00","1991","06","28","18:00"," ","","","","","","","","","","","","","","","","","","",""
"1991-06-28 19:00","1991","06","28","19:00"," ","","","","","","","","","","","","","","","","","","",""
"1991-06-28 20:00","1991","06","28","20:00"," ","","","","","","","","","","","","","","","","","","",""
"1991-06-28 21:00","1991","06","28","21:00"," ","","","","","","","","","","","","","","","","","","",""
"1991-06-28 22:00","1991","06","28","22:00"," ","","","","","","","","","","","","","","","","","","",""
"1991-06-28 23:00","1991","06","28","23:00"," ","","","","","","","","","","","","","","","","","","",""
"1991-06-29 00:00","1991","06","29","00:00"," ","","","","","","","","","","","","","","","","","","",""
"1991-06-29 01:00","1991","06","29","01:00"," ","","","","","","","","","","","","","","","","","","",""
"1991-06-29 02:00","1991","06","29","02:00"," ","","","","","","","","","","","","","","","","","","",""
"1991-06-29 03:00","1991","06","29","03:00"," ","","","","","","","","","","","","","","","","","","",""
"1991-06-29 04:00","1991","06","29","04:00"," ","","","","","","","","","","","","","","","","","","",""
"1991-06-29 05:00","1991","06","29","05:00"," ","","","","","","","","","","","","","","","","","","",""
"1991-06-29 06:00","1991","06","29","06:00"," ","","","","","","","","","","","","","","","","","","",""
"1991-06-29 07:00","1991","06","29","07:00"," ","","","","","","","","","","","","","","","","","","",""
"1991-06-29 08:00","1991","06","29","08:00"," ","","","","","","","","","","","","","","","","","","",""
"1991-06-29 09:00","1991","06","29","09:00"," ","","","","","","","","","","","","","","","","","","",""
"1991-06-29 10:00","1991","06","29","10:00"," ","","","","","","","","","","","","","","","","","","",""
"1991-06-29 11:00","1991","06","29","11:00"," ","","","","","","","","","","","","","","","","","","",""
"1991-06-29 12:00","1991","06","29","12:00"," ","","","","","","","","","","","","","","","","","","",""
"1991-06-29 13:00","1991","06","29","13:00"," ","","","","","","","","","","","","","","","","","","",""
"1991-06-29 14:00","1991","06","29","14:00"," ","","","","","","","","","","","","","","","","","","",""
"1991-06-29 15:00","1991","06","29","15:00"," ","","","","","","","","","","","","","","","","","","",""
"1991-06-29 16:00","1991","06","29","16:00"," ","","","","","","","","","","","","","","","","","","",""
"1991-06-29 17:00","1991","06","29","17:00"," ","","","","","","","","","","","","","","","","","","",""
"1991-06-29 18:00","1991","06","29","18:00"," ","","","","","","","","","","","","","","","","","","",""
"1991-06-29 19:00","1991","06","29","19:00"," ","","","","","","","","","","","","","","","","","","",""
"1991-06-29 20:00","1991","06","29","20:00"," ","","","","","","","","","","","","","","","","","","",""
"1991-06-29 21:00","1991","06","29","21:00"," ","","","","","","","","","","","","","","","","","","",""
"1991-06-29 22:00","1991","06","29","22:00"," ","","","","","","","","","","","","","","","","","","",""
"1991-06-29 23:00","1991","06","29","23:00"," ","","","","","","","","","","","","","","","","","","",""
"1991-06-30 00:00","1991","06","30","00:00"," ","","","","","","","","","","","","","","","","","","",""
"1991-06-30 01:00","1991","06","30","01:00"," ","","","","","","","","","","","","","","","","","","",""
"1991-06-30 02:00","1991","06","30","02:00"," ","","","","","","","","","","","","","","","","","","",""
"1991-06-30 03:00","1991","06","30","03:00"," ","","","","","","","","","","","","","","","","","","",""
"1991-06-30 04:00","1991","06","30","04:00"," ","","","","","","","","","","","","","","","","","","",""
"1991-06-30 05:00","1991","06","30","05:00"," ","","","","","","","","","","","","","","","","","","",""
"1991-06-30 06:00","1991","06","30","06:00"," ","","","","","","","","","","","","","","","","","","",""
"1991-06-30 07:00","1991","06","30","07:00"," ","","","","","","","","","","","","","","","","","","",""
"1991-06-30 08:00","1991","06","30","08:00"," ","","","","","","","","","","","","","","","","","","",""
"1991-06-30 09:00","1991","06","30","09:00"," ","","","","","","","","","","","","","","","","","","",""
"1991-06-30 10:00","1991","06","30","10:00"," ","","","","","","","","","","","","","","","","","","",""
"1991-06-30 11:00","1991","06","30","11:00"," ","","","","","","","","","","","","","","","","","","",""
"1991-06-30 12:00","1991","06","30","12:00"," ","","","","","","","","","","","","","","","","","","",""
"1991-06-30 13:00","1991","06","30","13:00"," ","","","","","","","","","","","","","","","","","","",""
"1991-06-30 14:00","1991","06","30","14:00"," ","","","","","","","","","","","","","","","","","","",""
"1991-06-30 15:00","1991","06","30","15:00"," ","","","","","","","","","","","","","","","","","","",""
"1991-06-30 16:00","1991","06","30","16:00"," ","","","","","","","","","","","","","","","","","","",""
"1991-06-30 17:00","1991","06","30","17:00"," ","","","","","","","","","","","","","","","","","","",""
"1991-06-30 18:00","1991","06","30","18:00"," ","","","","","","","","","","","","","","","","","","",""
"1991-06-30 19:00","1991","06","30","19:00"," ","","","","","","","","","","","","","","","","","","",""
"1991-06-30 20:00","1991","06","30","20:00"," ","","","","","","","","","","","","","","","","","","",""
"1991-06-30 21:00","1991","06","30","21:00"," ","","","","","","","","","","","","","","","","","","",""
"1991-06-30 22:00","1991","06","30","22:00"," ","","","","","","","","","","","","","","","","","","",""
"1991-06-30 23:00","1991","06","30","23:00"," ","","","","","","","","","","","","","","","","","","",""
