"Nom de la Station","CAMBRIDGE BAY A"
"Province","NUNAVUT"
"Latitude","69,11"
"Longitude","-105,14"
"Altitude","31,10"
"Identification Climat","2400600"
"Identification OMM","71925"
"Identification TC","YCB"
"Toutes les heures sont exprimées en heure normale locale (HNL). Pour convertir l'heure locale en heure avancée de l'Est (HAE), ajoutez 1 heure s'il y a lieu."

"Légende"
"M","Données Manquantes"
"E","Valeur Estimée"
"ND","Non Disponible"
"**","Données fournies par un partenaire, non assujetties à un révision par les Archives climatiques nationales du Canada"

"Date/Heure","Année","Mois","Jour","Heure","Qualité des Données","Temp (°C)","Temp Indicateur","Point de rosée (°C)","Point de rosée Indicateur","Hum. rel (%)","Hum. rel. Indicateur","Dir. du vent (10s deg)","Dir. du vent Indicateur","Vit. du vent (km/h)","Vit. du vent Indicateur","Visibilité (km)","Visibilité Indicateur","Pression à la station (kPa)","Pression à la station Indicateur","Hmdx","Hmdx Indicateur","Refroid. éolien","Refroid. éolien Indicateur","Temps"
"2003-05-01 00:00","2003","05","01","00:00"," ","-21,20","","-25,90","","66,00","","0,00","","0,00","","24,10","","102,07","","","","","","Généralement dégagé"
"2003-05-01 01:00","2003","05","01","01:00"," ","-23,00","","-27,10","","69,00","","0,00","","0,00","","24,10","","102,09","","","","","","Généralement dégagé"
"2003-05-01 02:00","2003","05","01","02:00"," ","-23,80","","-28,90","","63,00","","31,00","","11,00","","24,10","","102,08","","","","-32,00","","Généralement dégagé"
"2003-05-01 03:00","2003","05","01","03:00"," ","-23,80","","-28,50","","65,00","","33,00","","17,00","","24,10","","102,10","","","","-34,00","","Généralement dégagé"
"2003-05-01 04:00","2003","05","01","04:00"," ","-24,20","","-28,90","","65,00","","32,00","","19,00","","24,10","","102,12","","","","-36,00","","Généralement dégagé"
"2003-05-01 05:00","2003","05","01","05:00"," ","-24,40","","-29,10","","65,00","","32,00","","15,00","","24,10","","102,12","","","","-35,00","","Généralement dégagé"
"2003-05-01 06:00","2003","05","01","06:00"," ","-23,10","","-27,70","","66,00","","35,00","","9,00","","24,10","","102,12","","","","-30,00","","Généralement dégagé"
"2003-05-01 07:00","2003","05","01","07:00"," ","-22,10","","-26,80","","66,00","","31,00","","9,00","","24,10","","102,16","","","","-29,00","","Généralement dégagé"
"2003-05-01 08:00","2003","05","01","08:00"," ","-20,90","","-25,40","","67,00","","30,00","","7,00","","24,10","","102,18","","","","-27,00","","Généralement dégagé"
"2003-05-01 09:00","2003","05","01","09:00"," ","-18,90","","-23,10","","69,00","","30,00","","7,00","","24,10","","102,19","","","","-24,00","","Généralement nuageux"
"2003-05-01 10:00","2003","05","01","10:00"," ","-16,50","","-20,50","","71,00","","30,00","","13,00","","24,10","","102,19","","","","-24,00","","Nuageux"
"2003-05-01 11:00","2003","05","01","11:00"," ","-14,80","","-19,50","","67,00","","28,00","","13,00","","24,10","","102,20","","","","-22,00","","Nuageux"
"2003-05-01 12:00","2003","05","01","12:00"," ","-14,30","","-18,80","","69,00","","29,00","","13,00","","24,10","","102,21","","","","-21,00","","Généralement nuageux"
"2003-05-01 13:00","2003","05","01","13:00"," ","-13,10","","-17,50","","69,00","","31,00","","17,00","","24,10","","102,21","","","","-21,00","","Généralement dégagé"
"2003-05-01 14:00","2003","05","01","14:00"," ","-11,80","","-16,90","","66,00","","32,00","","19,00","","24,10","","102,21","","","","-20,00","","Généralement dégagé"
"2003-05-01 15:00","2003","05","01","15:00"," ","-11,90","","-17,10","","65,00","","32,00","","22,00","","24,10","","102,20","","","","-21,00","","Généralement dégagé"
"2003-05-01 16:00","2003","05","01","16:00"," ","-12,40","","-17,80","","64,00","","32,00","","17,00","","24,10","","102,20","","","","-20,00","","Généralement nuageux"
"2003-05-01 17:00","2003","05","01","17:00"," ","-13,40","","-18,20","","67,00","","32,00","","17,00","","24,10","","102,18","","","","-21,00","","Généralement nuageux"
"2003-05-01 18:00","2003","05","01","18:00"," ","-13,90","","-18,80","","66,00","","32,00","","20,00","","24,10","","102,19","","","","-23,00","","Généralement nuageux"
"2003-05-01 19:00","2003","05","01","19:00"," ","-14,80","","-19,70","","66,00","","32,00","","15,00","","24,10","","102,19","","","","-23,00","","Généralement nuageux"
"2003-05-01 20:00","2003","05","01","20:00"," ","-15,90","","-20,50","","68,00","","31,00","","22,00","","24,10","","102,19","","","","-26,00","","Généralement nuageux"
"2003-05-01 21:00","2003","05","01","21:00"," ","-16,70","","-21,60","","66,00","","31,00","","24,00","","24,10","","102,20","","","","-27,00","","Généralement nuageux"
"2003-05-01 22:00","2003","05","01","22:00"," ","-17,20","","-22,00","","66,00","","33,00","","22,00","","24,10","","102,19","","","","-27,00","","Généralement nuageux"
"2003-05-01 23:00","2003","05","01","23:00"," ","-16,00","","-20,90","","66,00","","33,00","","19,00","","24,10","","102,19","","","","-25,00","","Généralement nuageux"
"2003-05-02 00:00","2003","05","02","00:00"," ","-18,00","","-22,90","","65,00","","33,00","","22,00","","24,10","","102,17","","","","-28,00","","Généralement nuageux"
"2003-05-02 01:00","2003","05","02","01:00"," ","-18,50","","-23,30","","66,00","","32,00","","20,00","","24,10","","102,19","","","","-29,00","","Généralement nuageux"
"2003-05-02 02:00","2003","05","02","02:00"," ","-20,20","","-25,20","","64,00","","32,00","","20,00","","24,10","","102,20","","","","-31,00","","Généralement nuageux"
"2003-05-02 03:00","2003","05","02","03:00"," ","-19,30","","-24,10","","66,00","","32,00","","22,00","","24,10","","102,18","","","","-30,00","","Généralement dégagé"
"2003-05-02 04:00","2003","05","02","04:00"," ","-20,00","","-24,80","","66,00","","33,00","","22,00","","24,10","","102,20","","","","-31,00","","Généralement nuageux"
"2003-05-02 05:00","2003","05","02","05:00"," ","-19,40","","-24,30","","65,00","","33,00","","13,00","","24,10","","102,19","","","","-28,00","","Généralement nuageux"
"2003-05-02 06:00","2003","05","02","06:00"," ","-17,80","","-23,00","","64,00","","33,00","","9,00","","24,10","","102,19","","","","-24,00","","Généralement nuageux"
"2003-05-02 07:00","2003","05","02","07:00"," ","-17,30","","-22,00","","67,00","","33,00","","15,00","","24,10","","102,22","","","","-26,00","","Généralement nuageux"
"2003-05-02 08:00","2003","05","02","08:00"," ","-15,80","","-20,40","","68,00","","33,00","","13,00","","12,90","","102,21","","","","-23,00","","Averses de neige"
"2003-05-02 09:00","2003","05","02","09:00"," ","-13,50","","-17,80","","70,00","","34,00","","9,00","","24,10","","102,22","","","","-19,00","","Averses de neige"
"2003-05-02 10:00","2003","05","02","10:00"," ","-13,00","","-17,20","","71,00","","36,00","","13,00","","24,10","","102,24","","","","-20,00","","Généralement dégagé"
"2003-05-02 11:00","2003","05","02","11:00"," ","-12,50","","-16,50","","72,00","","1,00","","13,00","","24,10","","102,25","","","","-19,00","","Généralement nuageux"
"2003-05-02 12:00","2003","05","02","12:00"," ","-11,30","","-16,00","","68,00","","3,00","","7,00","","16,10","","102,27","","","","-16,00","","Averses de neige"
"2003-05-02 13:00","2003","05","02","13:00"," ","-10,70","","-14,60","","73,00","","3,00","","7,00","","4,80","","102,28","","","","-15,00","","Averses de neige"
"2003-05-02 14:00","2003","05","02","14:00"," ","-10,00","","-13,60","","75,00","","36,00","","9,00","","4,80","","102,30","","","","-15,00","","Averses de neige"
"2003-05-02 15:00","2003","05","02","15:00"," ","-9,30","","-13,70","","70,00","","32,00","","4,00","","6,40","","102,30","","","","-12,00","","Averses de neige"
"2003-05-02 16:00","2003","05","02","16:00"," ","-9,30","","-13,70","","70,00","","35,00","","4,00","","4,80","","102,34","","","","-12,00","","Averses de neige"
"2003-05-02 17:00","2003","05","02","17:00"," ","-9,60","","-13,40","","74,00","","2,00","","7,00","","6,40","","102,35","","","","-14,00","","Averses de neige"
"2003-05-02 18:00","2003","05","02","18:00"," ","-10,00","","-13,70","","74,00","","4,00","","7,00","","4,80","","102,36","","","","-14,00","","Averses de neige"
"2003-05-02 19:00","2003","05","02","19:00"," ","-10,30","","-13,90","","75,00","","1,00","","6,00","","4,80","","102,37","","","","-14,00","","Averses de neige"
"2003-05-02 20:00","2003","05","02","20:00"," ","-10,60","","-13,90","","77,00","","2,00","","6,00","","4,80","","102,38","","","","-14,00","","Averses de neige"
"2003-05-02 21:00","2003","05","02","21:00"," ","-10,70","","-14,10","","76,00","","0,00","","0,00","","4,80","","102,42","","","","","","Averses de neige"
"2003-05-02 22:00","2003","05","02","22:00"," ","-10,80","","-13,90","","78,00","","0,00","","0,00","","4,80","","102,43","","","","","","Averses de neige"
"2003-05-02 23:00","2003","05","02","23:00"," ","-10,50","","-13,20","","81,00","","2,00","","6,00","","3,20","","102,47","","","","-14,00","","Bruine verglaçante,Neige"
"2003-05-03 00:00","2003","05","03","00:00"," ","-10,70","","-13,30","","81,00","","1,00","","2,00","","4,00","","102,51","","","","-12,00","","Bruine verglaçante,Neige"
"2003-05-03 01:00","2003","05","03","01:00"," ","-10,80","","-13,50","","80,00","","0,00","","0,00","","4,00","","102,50","","","","","","Bruine verglaçante,Neige"
"2003-05-03 02:00","2003","05","03","02:00"," ","-10,80","","-13,60","","80,00","","33,00","","7,00","","4,00","","102,53","","","","-15,00","","Neige,Brouillard"
"2003-05-03 03:00","2003","05","03","03:00"," ","-10,80","","-13,50","","80,00","","33,00","","9,00","","4,00","","102,55","","","","-16,00","","Neige,Brouillard"
"2003-05-03 04:00","2003","05","03","04:00"," ","-10,80","","-13,50","","80,00","","30,00","","11,00","","6,40","","102,58","","","","-17,00","","Bruine verglaçante,Neige,Brouillard"
"2003-05-03 05:00","2003","05","03","05:00"," ","-10,50","","-13,10","","81,00","","32,00","","11,00","","6,40","","102,58","","","","-16,00","","Bruine verglaçante,Neige,Brouillard"
"2003-05-03 06:00","2003","05","03","06:00"," ","-10,10","","-12,60","","82,00","","31,00","","13,00","","0,80","","102,62","","","","-16,00","","Bruine verglaçante,Neige,Brouillard verglaçant"
"2003-05-03 07:00","2003","05","03","07:00"," ","-9,80","","-12,10","","83,00","","29,00","","9,00","","12,90","","102,64","","","","-15,00","","Bruine verglaçante,Neige"
"2003-05-03 08:00","2003","05","03","08:00"," ","-9,00","","-11,10","","85,00","","32,00","","7,00","","16,10","","102,65","","","","-13,00","","Averses de neige"
"2003-05-03 09:00","2003","05","03","09:00"," ","-8,10","","-9,70","","88,00","","35,00","","6,00","","16,10","","102,67","","","","-11,00","","Généralement nuageux"
"2003-05-03 10:00","2003","05","03","10:00"," ","-7,60","","-10,00","","83,00","","36,00","","7,00","","16,10","","102,69","","","","-11,00","","Averses de neige"
"2003-05-03 11:00","2003","05","03","11:00"," ","-7,20","","-10,00","","80,00","","35,00","","6,00","","12,90","","102,71","","","","-10,00","","Averses de neige"
"2003-05-03 12:00","2003","05","03","12:00"," ","-6,60","","-9,70","","79,00","","32,00","","7,00","","12,90","","102,77","","","","-10,00","","Averses de neige"
"2003-05-03 13:00","2003","05","03","13:00"," ","-6,10","","-7,40","","90,00","","31,00","","7,00","","9,70","","102,78","","","","-9,00","","Averses de neige"
"2003-05-03 14:00","2003","05","03","14:00"," ","-5,80","","-7,40","","88,00","","32,00","","9,00","","12,90","","102,82","","","","-10,00","","Averses de neige"
"2003-05-03 15:00","2003","05","03","15:00"," ","-5,80","","-6,80","","93,00","","31,00","","9,00","","12,90","","102,83","","","","-10,00","","Averses de neige"
"2003-05-03 16:00","2003","05","03","16:00"," ","-5,60","","-5,60","","100,00","","31,00","","13,00","","9,70","","102,85","","","","-11,00","","Averses de neige"
"2003-05-03 17:00","2003","05","03","17:00"," ","-5,60","","-5,60","","100,00","","32,00","","17,00","","12,90","","102,86","","","","-12,00","","Averses de neige"
"2003-05-03 18:00","2003","05","03","18:00"," ","-5,30","","-5,60","","98,00","","33,00","","17,00","","12,90","","102,86","","","","-11,00","","Averses de neige"
"2003-05-03 19:00","2003","05","03","19:00"," ","-4,70","","-5,10","","97,00","","33,00","","11,00","","12,90","","102,87","","","","-9,00","","Averses de neige"
"2003-05-03 20:00","2003","05","03","20:00"," ","-4,50","","-5,10","","96,00","","1,00","","17,00","","19,30","","102,89","","","","-10,00","","Averses de neige"
"2003-05-03 21:00","2003","05","03","21:00"," ","-5,40","","-6,40","","93,00","","2,00","","15,00","","19,30","","102,92","","","","-11,00","","Averses de neige"
"2003-05-03 22:00","2003","05","03","22:00"," ","-5,80","","-6,10","","98,00","","3,00","","19,00","","16,10","","102,94","","","","-12,00","","Averses de neige"
"2003-05-03 23:00","2003","05","03","23:00"," ","-5,50","","-5,80","","98,00","","3,00","","17,00","","12,90","","102,98","","","","-12,00","","Averses de neige"
"2003-05-04 00:00","2003","05","04","00:00"," ","-5,80","","-6,20","","97,00","","2,00","","15,00","","11,30","","102,96","","","","-12,00","","Averses de neige"
"2003-05-04 01:00","2003","05","04","01:00"," ","-5,30","","-5,60","","98,00","","36,00","","9,00","","11,30","","102,96","","","","-9,00","","Averses de neige"
"2003-05-04 02:00","2003","05","04","02:00"," ","-5,40","","-6,00","","96,00","","36,00","","19,00","","4,00","","102,93","","","","-12,00","","Averses de neige"
"2003-05-04 03:00","2003","05","04","03:00"," ","-5,80","","-6,50","","95,00","","1,00","","13,00","","4,80","","102,90","","","","-11,00","","Averses de neige"
"2003-05-04 04:00","2003","05","04","04:00"," ","-5,50","","-6,30","","94,00","","3,00","","15,00","","11,30","","102,88","","","","-11,00","","Averses de neige"
"2003-05-04 05:00","2003","05","04","05:00"," ","-5,60","","-6,30","","95,00","","3,00","","17,00","","8,00","","102,89","","","","-12,00","","Bruine verglaçante,Neige"
"2003-05-04 06:00","2003","05","04","06:00"," ","-5,70","","-6,30","","96,00","","4,00","","20,00","","8,00","","102,90","","","","-12,00","","Neige"
"2003-05-04 07:00","2003","05","04","07:00"," ","-5,80","","-6,70","","93,00","","4,00","","24,00","","12,90","","102,89","","","","-13,00","","Neige"
"2003-05-04 08:00","2003","05","04","08:00"," ","-5,50","","-6,20","","95,00","","3,00","","20,00","","12,90","","102,87","","","","-12,00","","Neige"
"2003-05-04 09:00","2003","05","04","09:00"," ","-5,00","","-5,90","","93,00","","3,00","","19,00","","16,10","","102,85","","","","-11,00","","Nuageux"
"2003-05-04 10:00","2003","05","04","10:00"," ","-4,70","","-5,80","","92,00","","4,00","","20,00","","16,10","","102,84","","","","-11,00","","Averses de neige"
"2003-05-04 11:00","2003","05","04","11:00"," ","-4,40","","-5,60","","91,00","","4,00","","24,00","","16,10","","102,82","","","","-11,00","","Averses de neige"
"2003-05-04 12:00","2003","05","04","12:00"," ","-4,60","","-5,60","","93,00","","4,00","","35,00","","9,70","","102,83","","","","-13,00","","Averses de neige"
"2003-05-04 13:00","2003","05","04","13:00"," ","-5,30","","-6,50","","91,00","","4,00","","28,00","","14,50","","102,84","","","","-13,00","","Averses de neige"
"2003-05-04 14:00","2003","05","04","14:00"," ","-5,60","","-6,90","","91,00","","2,00","","26,00","","12,90","","102,82","","","","-13,00","","Averses de neige"
"2003-05-04 15:00","2003","05","04","15:00"," ","-5,90","","-7,20","","91,00","","4,00","","24,00","","12,90","","102,81","","","","-13,00","","Averses de neige"
"2003-05-04 16:00","2003","05","04","16:00"," ","-6,00","","-7,60","","88,00","","5,00","","22,00","","14,50","","102,76","","","","-13,00","","Averses de neige"
"2003-05-04 17:00","2003","05","04","17:00"," ","-6,20","","-7,60","","90,00","","5,00","","22,00","","12,90","","102,72","","","","-13,00","","Averses de neige"
"2003-05-04 18:00","2003","05","04","18:00"," ","-6,50","","-8,20","","88,00","","4,00","","20,00","","24,10","","102,66","","","","-13,00","","Généralement nuageux"
"2003-05-04 19:00","2003","05","04","19:00"," ","-7,60","","-9,20","","88,00","","4,00","","15,00","","24,10","","102,62","","","","-14,00","","Généralement nuageux"
"2003-05-04 20:00","2003","05","04","20:00"," ","-10,10","","-11,90","","87,00","","3,00","","19,00","","24,10","","102,60","","","","-18,00","","Généralement nuageux"
"2003-05-04 21:00","2003","05","04","21:00"," ","-9,90","","-11,70","","87,00","","34,00","","9,00","","24,10","","102,59","","","","-15,00","","Généralement nuageux"
"2003-05-04 22:00","2003","05","04","22:00"," ","-10,30","","-11,90","","88,00","","34,00","","9,00","","24,10","","102,56","","","","-15,00","","Généralement nuageux"
"2003-05-04 23:00","2003","05","04","23:00"," ","-11,20","","-12,90","","87,00","","28,00","","7,00","","24,10","","102,51","","","","-15,00","","Généralement nuageux"
"2003-05-05 00:00","2003","05","05","00:00"," ","-9,90","","-11,40","","89,00","","27,00","","7,00","","24,10","","102,45","","","","-14,00","","Nuageux"
"2003-05-05 01:00","2003","05","05","01:00"," ","-11,60","","-13,20","","88,00","","31,00","","13,00","","24,10","","102,41","","","","-18,00","","Généralement nuageux"
"2003-05-05 02:00","2003","05","05","02:00"," ","-13,40","","-14,90","","88,00","","32,00","","20,00","","24,10","","102,37","","","","-22,00","","Généralement nuageux"
"2003-05-05 03:00","2003","05","05","03:00"," ","-14,10","","-15,20","","91,00","","32,00","","20,00","","4,00","","102,32","","","","-23,00","","Brouillard"
"2003-05-05 04:00","2003","05","05","04:00"," ","-12,80","","-14,00","","91,00","","27,00","","9,00","","11,30","","102,29","","","","-18,00","","Nuageux"
"2003-05-05 05:00","2003","05","05","05:00"," ","-11,60","","-12,60","","92,00","","25,00","","13,00","","12,90","","102,25","","","","-18,00","","Averses de neige"
"2003-05-05 06:00","2003","05","05","06:00"," ","-10,30","","-11,20","","93,00","","27,00","","19,00","","12,90","","102,16","","","","-18,00","","Averses de neige"
"2003-05-05 07:00","2003","05","05","07:00"," ","-9,70","","-10,50","","94,00","","27,00","","20,00","","11,30","","102,12","","","","-17,00","","Averses de neige"
"2003-05-05 08:00","2003","05","05","08:00"," ","-8,50","","-9,20","","95,00","","26,00","","24,00","","9,70","","102,07","","","","-17,00","","Averses de neige"
"2003-05-05 09:00","2003","05","05","09:00"," ","-7,50","","-8,10","","95,00","","27,00","","28,00","","14,50","","102,00","","","","-16,00","","Nuageux"
"2003-05-05 10:00","2003","05","05","10:00"," ","-6,20","","-7,70","","89,00","","27,00","","33,00","","16,10","","101,93","","","","-15,00","","Nuageux"
"2003-05-05 11:00","2003","05","05","11:00"," ","-5,60","","-7,40","","87,00","","27,00","","41,00","","16,10","","101,87","","","","-15,00","","Nuageux"
"2003-05-05 12:00","2003","05","05","12:00"," ","-4,70","","-6,60","","87,00","","27,00","","37,00","","19,30","","101,81","","","","-13,00","","Nuageux"
"2003-05-05 13:00","2003","05","05","13:00"," ","-4,30","","-6,50","","85,00","","27,00","","37,00","","19,30","","101,75","","","","-13,00","","Nuageux"
"2003-05-05 14:00","2003","05","05","14:00"," ","-3,80","","-5,80","","86,00","","27,00","","37,00","","19,30","","101,69","","","","-12,00","","Nuageux"
"2003-05-05 15:00","2003","05","05","15:00"," ","-3,70","","-6,50","","81,00","","28,00","","37,00","","19,30","","101,64","","","","-12,00","","Généralement nuageux"
"2003-05-05 16:00","2003","05","05","16:00"," ","-3,80","","-6,30","","83,00","","28,00","","37,00","","19,30","","101,61","","","","-12,00","","Nuageux"
"2003-05-05 17:00","2003","05","05","17:00"," ","-4,30","","-5,90","","89,00","","27,00","","32,00","","19,30","","101,56","","","","-12,00","","Généralement nuageux"
"2003-05-05 18:00","2003","05","05","18:00"," ","-5,10","","-6,40","","91,00","","26,00","","33,00","","19,30","","101,50","","","","-13,00","","Généralement nuageux"
"2003-05-05 19:00","2003","05","05","19:00"," ","-5,40","","-6,80","","90,00","","26,00","","33,00","","19,30","","101,46","","","","-14,00","","Généralement nuageux"
"2003-05-05 20:00","2003","05","05","20:00"," ","-5,80","","-7,40","","88,00","","27,00","","37,00","","22,50","","101,39","","","","-15,00","","Généralement nuageux"
"2003-05-05 21:00","2003","05","05","21:00"," ","-5,60","","-7,40","","87,00","","26,00","","28,00","","24,10","","101,35","","","","-14,00","","Nuageux"
"2003-05-05 22:00","2003","05","05","22:00"," ","-6,30","","-7,70","","90,00","","25,00","","33,00","","24,10","","101,32","","","","-15,00","","Nuageux"
"2003-05-05 23:00","2003","05","05","23:00"," ","-7,60","","-9,00","","90,00","","25,00","","32,00","","24,10","","101,31","","","","-17,00","","Nuageux"
"2003-05-06 00:00","2003","05","06","00:00"," ","-8,60","","-10,00","","90,00","","25,00","","26,00","","24,10","","101,28","","","","-17,00","","Nuageux"
"2003-05-06 01:00","2003","05","06","01:00"," ","-10,20","","-11,70","","89,00","","25,00","","28,00","","11,30","","101,24","","","","-19,00","","Nuageux"
"2003-05-06 02:00","2003","05","06","02:00"," ","-11,20","","-12,90","","87,00","","26,00","","26,00","","6,40","","101,21","","","","-20,00","","Brouillard"
"2003-05-06 03:00","2003","05","06","03:00"," ","-12,80","","-14,60","","86,00","","26,00","","22,00","","16,10","","101,18","","","","-22,00","","Généralement nuageux"
"2003-05-06 04:00","2003","05","06","04:00"," ","-13,70","","-15,50","","86,00","","26,00","","17,00","","12,90","","101,15","","","","-22,00","","Généralement dégagé"
"2003-05-06 05:00","2003","05","06","05:00"," ","-14,00","","-15,90","","85,00","","25,00","","13,00","","16,10","","101,11","","","","-21,00","","Généralement dégagé"
"2003-05-06 06:00","2003","05","06","06:00"," ","-13,70","","-15,60","","86,00","","25,00","","9,00","","24,10","","101,07","","","","-19,00","","Généralement nuageux"
"2003-05-06 07:00","2003","05","06","07:00"," ","-12,70","","-15,20","","82,00","","14,00","","6,00","","24,10","","100,99","","","","-17,00","","Généralement dégagé"
"2003-05-06 08:00","2003","05","06","08:00"," ","-9,80","","-12,10","","83,00","","21,00","","19,00","","24,10","","100,90","","","","-17,00","","Généralement dégagé"
"2003-05-06 09:00","2003","05","06","09:00"," ","-9,00","","-11,30","","83,00","","19,00","","20,00","","24,10","","100,82","","","","-17,00","","Généralement dégagé"
"2003-05-06 10:00","2003","05","06","10:00"," ","-6,90","","-9,40","","82,00","","21,00","","20,00","","24,10","","100,76","","","","-14,00","","Généralement dégagé"
"2003-05-06 11:00","2003","05","06","11:00"," ","-5,10","","-8,00","","80,00","","21,00","","15,00","","24,10","","100,71","","","","-11,00","","Généralement dégagé"
"2003-05-06 12:00","2003","05","06","12:00"," ","-4,30","","-7,10","","81,00","","22,00","","28,00","","24,10","","100,63","","","","-12,00","","Généralement dégagé"
"2003-05-06 13:00","2003","05","06","13:00"," ","-3,70","","-6,80","","79,00","","22,00","","28,00","","24,10","","100,58","","","","-11,00","","Généralement dégagé"
"2003-05-06 14:00","2003","05","06","14:00"," ","-3,50","","-6,40","","80,00","","22,00","","26,00","","24,10","","100,51","","","","-11,00","","Généralement dégagé"
"2003-05-06 15:00","2003","05","06","15:00"," ","-3,20","","-6,20","","80,00","","22,00","","28,00","","24,10","","100,45","","","","-10,00","","Généralement nuageux"
"2003-05-06 16:00","2003","05","06","16:00"," ","-3,20","","-5,70","","83,00","","22,00","","22,00","","24,10","","100,41","","","","-10,00","","Généralement dégagé"
"2003-05-06 17:00","2003","05","06","17:00"," ","-3,60","","-6,10","","83,00","","23,00","","22,00","","24,10","","100,33","","","","-10,00","","Généralement dégagé"
"2003-05-06 18:00","2003","05","06","18:00"," ","-3,80","","-4,30","","96,00","","22,00","","19,00","","24,10","","100,29","","","","-10,00","","Généralement nuageux"
"2003-05-06 19:00","2003","05","06","19:00"," ","-5,10","","-6,10","","93,00","","30,00","","26,00","","2,40","","100,25","","","","-13,00","","Neige"
"2003-05-06 20:00","2003","05","06","20:00"," ","-6,30","","-7,20","","93,00","","26,00","","19,00","","19,30","","100,25","","","","-13,00","","Généralement nuageux"
"2003-05-06 21:00","2003","05","06","21:00"," ","-8,40","","-9,00","","95,00","","23,00","","15,00","","19,30","","100,23","","","","-15,00","","Généralement nuageux"
"2003-05-06 22:00","2003","05","06","22:00"," ","-9,90","","-10,90","","92,00","","24,00","","15,00","","19,30","","100,22","","","","-17,00","","Généralement nuageux"
"2003-05-06 23:00","2003","05","06","23:00"," ","-10,70","","-11,90","","91,00","","25,00","","13,00","","24,10","","100,20","","","","-17,00","","Généralement nuageux"
"2003-05-07 00:00","2003","05","07","00:00"," ","-11,20","","-12,30","","92,00","","25,00","","11,00","","24,10","","100,19","","","","-17,00","","Généralement dégagé"
"2003-05-07 01:00","2003","05","07","01:00"," ","-9,80","","-10,80","","92,00","","21,00","","19,00","","16,10","","100,16","","","","-17,00","","Averses de neige"
"2003-05-07 02:00","2003","05","07","02:00"," ","-6,90","","-7,50","","95,00","","23,00","","28,00","","1,60","","100,11","","","","-15,00","","Neige"
"2003-05-07 03:00","2003","05","07","03:00"," ","-7,30","","-8,00","","95,00","","26,00","","39,00","","1,60","","100,07","","","","-17,00","","Neige,Poudrerie élevée"
"2003-05-07 04:00","2003","05","07","04:00"," ","-7,50","","-8,30","","94,00","","27,00","","35,00","","3,20","","100,16","","","","-17,00","","Neige"
"2003-05-07 05:00","2003","05","07","05:00"," ","-8,30","","-9,00","","95,00","","26,00","","39,00","","1,60","","100,21","","","","-18,00","","Neige,Poudrerie élevée"
"2003-05-07 06:00","2003","05","07","06:00"," ","-9,90","","-11,10","","91,00","","26,00","","43,00","","1,20","","100,25","","","","-21,00","","Poudrerie élevée"
"2003-05-07 07:00","2003","05","07","07:00"," ","-10,30","","-11,70","","89,00","","26,00","","39,00","","0,60","","100,29","","","","-21,00","","Neige,Poudrerie élevée"
"2003-05-07 08:00","2003","05","07","08:00"," ","-10,30","","-12,00","","87,00","","27,00","","41,00","","0,60","","100,36","","","","-21,00","","Neige,Poudrerie élevée"
"2003-05-07 09:00","2003","05","07","09:00"," ","-12,80","","-14,90","","84,00","","32,00","","37,00","","1,00","","100,52","","","","-24,00","","Poudrerie élevée"
"2003-05-07 10:00","2003","05","07","10:00"," ","-13,20","","-15,40","","83,00","","31,00","","44,00","","0,80","","100,70","","","","-26,00","","Poudrerie élevée"
"2003-05-07 11:00","2003","05","07","11:00"," ","-13,00","","-15,00","","85,00","","30,00","","43,00","","0,80","","100,85","","","","-25,00","","Poudrerie élevée"
"2003-05-07 12:00","2003","05","07","12:00"," ","-12,60","","-15,70","","78,00","","29,00","","37,00","","4,80","","101,01","","","","-24,00","","Poudrerie élevée"
"2003-05-07 13:00","2003","05","07","13:00"," ","-12,30","","-15,20","","79,00","","27,00","","43,00","","9,70","","101,04","","","","-24,00","","Poudrerie élevée"
"2003-05-07 14:00","2003","05","07","14:00"," ","-11,60","","-13,70","","84,00","","26,00","","52,00","","3,20","","101,08","","","","-24,00","","Poudrerie élevée"
"2003-05-07 15:00","2003","05","07","15:00"," ","-10,50","","-12,50","","85,00","","27,00","","44,00","","4,00","","101,11","","","","-22,00","","Poudrerie élevée"
"2003-05-07 16:00","2003","05","07","16:00"," ","-9,50","","-11,80","","83,00","","26,00","","37,00","","16,10","","101,12","","","","-20,00","","Généralement nuageux"
"2003-05-07 17:00","2003","05","07","17:00"," ","-9,00","","-11,00","","85,00","","25,00","","41,00","","9,70","","101,12","","","","-20,00","","Poudrerie élevée"
"2003-05-07 18:00","2003","05","07","18:00"," ","-9,00","","-10,40","","90,00","","25,00","","46,00","","1,20","","101,12","","","","-20,00","","Neige,Poudrerie élevée"
"2003-05-07 19:00","2003","05","07","19:00"," ","-9,00","","-10,40","","90,00","","26,00","","50,00","","0,80","","101,13","","","","-20,00","","Neige,Poudrerie élevée"
"2003-05-07 20:00","2003","05","07","20:00"," ","-9,10","","-10,80","","87,00","","27,00","","44,00","","0,80","","101,18","","","","-20,00","","Neige,Poudrerie élevée"
"2003-05-07 21:00","2003","05","07","21:00"," ","-9,40","","-12,20","","80,00","","27,00","","30,00","","14,50","","101,24","","","","-19,00","","Nuageux"
"2003-05-07 22:00","2003","05","07","22:00"," ","-9,60","","-11,40","","87,00","","28,00","","28,00","","4,80","","101,26","","","","-19,00","","Neige"
"2003-05-07 23:00","2003","05","07","23:00"," ","-11,60","","-13,80","","84,00","","27,00","","33,00","","16,10","","101,30","","","","-22,00","","Généralement nuageux"
"2003-05-08 00:00","2003","05","08","00:00"," ","-13,50","","-15,90","","82,00","","27,00","","30,00","","16,10","","101,39","","","","-24,00","","Généralement dégagé"
"2003-05-08 01:00","2003","05","08","01:00"," ","-15,00","","-17,20","","83,00","","27,00","","24,00","","24,10","","101,44","","","","-25,00","","Généralement dégagé"
"2003-05-08 02:00","2003","05","08","02:00"," ","-15,70","","-17,70","","85,00","","27,00","","20,00","","24,10","","101,46","","","","-25,00","","Généralement nuageux"
"2003-05-08 03:00","2003","05","08","03:00"," ","-14,10","","-16,10","","85,00","","26,00","","17,00","","12,90","","101,48","","","","-22,00","","Neige"
"2003-05-08 04:00","2003","05","08","04:00"," ","-12,30","","-14,00","","87,00","","26,00","","24,00","","4,80","","101,47","","","","-22,00","","Neige"
"2003-05-08 05:00","2003","05","08","05:00"," ","-10,90","","-12,50","","88,00","","27,00","","17,00","","2,40","","101,45","","","","-18,00","","Neige"
"2003-05-08 06:00","2003","05","08","06:00"," ","-9,40","","-10,90","","89,00","","27,00","","28,00","","4,80","","101,45","","","","-18,00","","Neige"
"2003-05-08 07:00","2003","05","08","07:00"," ","-9,10","","-10,60","","89,00","","27,00","","35,00","","6,40","","101,43","","","","-19,00","","Neige"
"2003-05-08 08:00","2003","05","08","08:00"," ","-8,70","","-9,80","","92,00","","27,00","","41,00","","1,00","","101,47","","","","-19,00","","Neige,Poudrerie élevée"
"2003-05-08 09:00","2003","05","08","09:00"," ","-8,40","","-10,00","","88,00","","26,00","","37,00","","1,60","","101,50","","","","-18,00","","Neige,Poudrerie élevée"
"2003-05-08 10:00","2003","05","08","10:00"," ","-8,20","","-11,10","","80,00","","27,00","","35,00","","2,40","","101,54","","","","-18,00","","Neige"
"2003-05-08 11:00","2003","05","08","11:00"," ","-8,40","","-10,70","","83,00","","27,00","","41,00","","4,00","","101,57","","","","-19,00","","Neige"
"2003-05-08 12:00","2003","05","08","12:00"," ","-8,40","","-12,00","","75,00","","29,00","","39,00","","11,30","","101,62","","","","-19,00","","Généralement nuageux"
"2003-05-08 13:00","2003","05","08","13:00"," ","-8,00","","-11,70","","75,00","","28,00","","28,00","","4,00","","101,64","","","","-17,00","","Neige"
"2003-05-08 14:00","2003","05","08","14:00"," ","-7,90","","-10,70","","80,00","","28,00","","28,00","","4,00","","101,68","","","","-17,00","","Neige"
"2003-05-08 15:00","2003","05","08","15:00"," ","-7,50","","-11,20","","75,00","","27,00","","37,00","","4,00","","101,69","","","","-17,00","","Neige"
"2003-05-08 16:00","2003","05","08","16:00"," ","-8,00","","-11,30","","77,00","","28,00","","41,00","","4,00","","101,71","","","","-18,00","","Neige"
"2003-05-08 17:00","2003","05","08","17:00"," ","-7,90","","-11,20","","77,00","","28,00","","32,00","","8,00","","101,72","","","","-17,00","","Averses de neige"
"2003-05-08 18:00","2003","05","08","18:00"," ","-7,90","","-11,00","","78,00","","28,00","","26,00","","8,00","","101,73","","","","-16,00","","Averses de neige"
"2003-05-08 19:00","2003","05","08","19:00"," ","-8,10","","-11,40","","77,00","","28,00","","35,00","","8,00","","101,72","","","","-18,00","","Averses de neige"
"2003-05-08 20:00","2003","05","08","20:00"," ","-8,20","","-11,10","","80,00","","27,00","","28,00","","19,30","","101,74","","","","-17,00","","Averses de neige"
"2003-05-08 21:00","2003","05","08","21:00"," ","-8,30","","-11,30","","79,00","","27,00","","24,00","","16,10","","101,75","","","","-16,00","","Averses de neige"
"2003-05-08 22:00","2003","05","08","22:00"," ","-8,70","","-11,30","","81,00","","28,00","","22,00","","11,30","","101,74","","","","-17,00","","Averses de neige"
"2003-05-08 23:00","2003","05","08","23:00"," ","-8,90","","-11,70","","80,00","","26,00","","22,00","","8,00","","101,74","","","","-17,00","","Averses de neige"
"2003-05-09 00:00","2003","05","09","00:00"," ","-9,30","","-11,40","","85,00","","27,00","","24,00","","9,70","","101,75","","","","-18,00","","Averses de neige"
"2003-05-09 01:00","2003","05","09","01:00"," ","-10,20","","-12,20","","85,00","","27,00","","19,00","","6,40","","101,74","","","","-18,00","","Averses de neige"
"2003-05-09 02:00","2003","05","09","02:00"," ","-10,60","","-12,70","","85,00","","27,00","","26,00","","6,40","","101,72","","","","-20,00","","Averses de neige"
"2003-05-09 03:00","2003","05","09","03:00"," ","-11,10","","-13,30","","84,00","","27,00","","24,00","","12,90","","101,73","","","","-20,00","","Averses de neige"
"2003-05-09 04:00","2003","05","09","04:00"," ","-12,40","","-14,50","","84,00","","27,00","","24,00","","19,30","","101,74","","","","-22,00","","Averses de neige"
"2003-05-09 05:00","2003","05","09","05:00"," ","-12,70","","-14,60","","86,00","","27,00","","22,00","","16,10","","101,73","","","","-22,00","","Averses de neige"
"2003-05-09 06:00","2003","05","09","06:00"," ","-12,80","","-14,80","","85,00","","26,00","","20,00","","6,40","","101,75","","","","-21,00","","Averses de neige"
"2003-05-09 07:00","2003","05","09","07:00"," ","-12,20","","-14,30","","84,00","","26,00","","20,00","","16,10","","101,71","","","","-21,00","","Averses de neige"
"2003-05-09 08:00","2003","05","09","08:00"," ","-12,60","","-14,60","","85,00","","26,00","","32,00","","19,30","","101,69","","","","-23,00","","Averses de neige"
"2003-05-09 09:00","2003","05","09","09:00"," ","-11,50","","-13,60","","84,00","","27,00","","33,00","","17,70","","101,70","","","","-22,00","","Averses de neige"
"2003-05-09 10:00","2003","05","09","10:00"," ","-10,20","","-12,40","","84,00","","26,00","","26,00","","14,50","","101,67","","","","-19,00","","Averses de neige"
"2003-05-09 11:00","2003","05","09","11:00"," ","-9,30","","-11,80","","82,00","","28,00","","22,00","","12,90","","101,65","","","","-17,00","","Averses de neige"
"2003-05-09 12:00","2003","05","09","12:00"," ","-8,10","","-10,50","","83,00","","26,00","","22,00","","12,90","","101,63","","","","-16,00","","Averses de neige"
"2003-05-09 13:00","2003","05","09","13:00"," ","-7,60","","-10,60","","79,00","","27,00","","20,00","","12,90","","101,59","","","","-15,00","","Averses de neige"
"2003-05-09 14:00","2003","05","09","14:00"," ","-7,50","","-9,90","","83,00","","27,00","","17,00","","14,50","","101,57","","","","-14,00","","Averses de neige"
"2003-05-09 15:00","2003","05","09","15:00"," ","-7,20","","-11,40","","72,00","","27,00","","19,00","","12,90","","101,55","","","","-14,00","","Averses de neige"
"2003-05-09 16:00","2003","05","09","16:00"," ","-7,50","","-11,30","","74,00","","29,00","","15,00","","11,30","","101,52","","","","-14,00","","Averses de neige"
"2003-05-09 17:00","2003","05","09","17:00"," ","-7,50","","-11,60","","72,00","","27,00","","19,00","","12,90","","101,49","","","","-15,00","","Averses de neige"
"2003-05-09 18:00","2003","05","09","18:00"," ","-7,70","","-11,80","","72,00","","28,00","","11,00","","12,90","","101,46","","","","-13,00","","Averses de neige"
"2003-05-09 19:00","2003","05","09","19:00"," ","-7,90","","-11,50","","75,00","","25,00","","15,00","","12,90","","101,40","","","","-14,00","","Averses de neige"
"2003-05-09 20:00","2003","05","09","20:00"," ","-8,10","","-11,90","","74,00","","27,00","","7,00","","19,30","","101,35","","","","-12,00","","Averses de neige"
"2003-05-09 21:00","2003","05","09","21:00"," ","-8,30","","-11,50","","78,00","","23,00","","7,00","","19,30","","101,28","","","","-12,00","","Généralement nuageux"
"2003-05-09 22:00","2003","05","09","22:00"," ","-10,10","","-12,70","","81,00","","20,00","","7,00","","19,30","","101,22","","","","-14,00","","Généralement nuageux"
"2003-05-09 23:00","2003","05","09","23:00"," ","-12,40","","-14,20","","86,00","","15,00","","9,00","","19,30","","101,14","","","","-18,00","","Généralement nuageux"
"2003-05-10 00:00","2003","05","10","00:00"," ","-12,10","","-13,40","","90,00","","9,00","","9,00","","19,30","","101,05","","","","-17,00","","Généralement nuageux"
"2003-05-10 01:00","2003","05","10","01:00"," ","-12,00","","-13,60","","88,00","","9,00","","7,00","","19,30","","100,98","","","","-16,00","","Nuageux"
"2003-05-10 02:00","2003","05","10","02:00"," ","-12,10","","-13,60","","89,00","","9,00","","13,00","","24,10","","100,87","","","","-19,00","","Généralement nuageux"
"2003-05-10 03:00","2003","05","10","03:00"," ","-12,80","","-14,30","","88,00","","8,00","","17,00","","24,10","","100,79","","","","-21,00","","Généralement nuageux"
"2003-05-10 04:00","2003","05","10","04:00"," ","-12,10","","-13,60","","89,00","","8,00","","17,00","","24,10","","100,69","","","","-20,00","","Généralement nuageux"
"2003-05-10 05:00","2003","05","10","05:00"," ","-11,80","","-13,60","","86,00","","6,00","","17,00","","24,10","","100,63","","","","-19,00","","Généralement nuageux"
"2003-05-10 06:00","2003","05","10","06:00"," ","-11,00","","-12,80","","87,00","","5,00","","22,00","","19,30","","100,62","","","","-20,00","","Généralement nuageux"
"2003-05-10 07:00","2003","05","10","07:00"," ","-9,80","","-11,60","","87,00","","4,00","","26,00","","24,10","","100,58","","","","-19,00","","Généralement nuageux"
"2003-05-10 08:00","2003","05","10","08:00"," ","-10,60","","-12,40","","87,00","","3,00","","9,00","","24,10","","100,57","","","","-16,00","","Généralement nuageux"
"2003-05-10 09:00","2003","05","10","09:00"," ","-9,90","","-12,10","","84,00","","36,00","","24,00","","24,10","","100,63","","","","-18,00","","Généralement nuageux"
"2003-05-10 10:00","2003","05","10","10:00"," ","-9,40","","-11,90","","82,00","","1,00","","24,00","","24,10","","100,61","","","","-18,00","","Généralement dégagé"
"2003-05-10 11:00","2003","05","10","11:00"," ","-10,30","","-12,90","","81,00","","1,00","","22,00","","24,10","","100,63","","","","-19,00","","Généralement dégagé"
"2003-05-10 12:00","2003","05","10","12:00"," ","-10,40","","-13,60","","77,00","","1,00","","26,00","","24,10","","100,70","","","","-19,00","","Généralement dégagé"
"2003-05-10 13:00","2003","05","10","13:00"," ","-10,70","","-13,60","","79,00","","36,00","","26,00","","24,10","","100,76","","","","-20,00","","Dégagé"
"2003-05-10 14:00","2003","05","10","14:00"," ","-10,90","","-14,10","","77,00","","1,00","","26,00","","24,10","","100,82","","","","-20,00","","Dégagé"
"2003-05-10 15:00","2003","05","10","15:00"," ","-11,30","","-15,10","","73,00","","36,00","","26,00","","24,10","","100,86","","","","-21,00","","Dégagé"
"2003-05-10 16:00","2003","05","10","16:00"," ","-11,60","","-14,90","","76,00","","35,00","","24,00","","16,10","","100,90","","","","-21,00","","Cristaux de glace"
"2003-05-10 17:00","2003","05","10","17:00"," ","-12,30","","-15,40","","78,00","","34,00","","24,00","","16,10","","100,90","","","","-22,00","","Cristaux de glace"
"2003-05-10 18:00","2003","05","10","18:00"," ","-13,20","","-16,30","","77,00","","34,00","","24,00","","24,10","","100,95","","","","-23,00","","Dégagé"
"2003-05-10 19:00","2003","05","10","19:00"," ","-14,20","","-17,00","","79,00","","33,00","","19,00","","24,10","","100,98","","","","-23,00","","Dégagé"
"2003-05-10 20:00","2003","05","10","20:00"," ","-16,00","","-18,70","","80,00","","31,00","","19,00","","24,10","","100,98","","","","-25,00","","Dégagé"
"2003-05-10 21:00","2003","05","10","21:00"," ","-17,10","","-19,70","","80,00","","32,00","","22,00","","24,10","","100,99","","","","-27,00","","Dégagé"
"2003-05-10 22:00","2003","05","10","22:00"," ","-18,80","","-21,70","","78,00","","32,00","","24,00","","24,10","","101,02","","","","-30,00","","Généralement dégagé"
"2003-05-10 23:00","2003","05","10","23:00"," ","-21,20","","-24,90","","72,00","","32,00","","26,00","","24,10","","101,01","","","","-33,00","","Généralement dégagé"
"2003-05-11 00:00","2003","05","11","00:00"," ","-21,70","","-25,40","","72,00","","32,00","","22,00","","24,10","","101,04","","","","-33,00","","Généralement dégagé"
"2003-05-11 01:00","2003","05","11","01:00"," ","-21,00","","-24,30","","75,00","","34,00","","22,00","","24,10","","101,07","","","","-32,00","","Généralement dégagé"
"2003-05-11 02:00","2003","05","11","02:00"," ","-20,20","","-23,60","","74,00","","36,00","","20,00","","24,10","","101,07","","","","-31,00","","Généralement dégagé"
"2003-05-11 03:00","2003","05","11","03:00"," ","-21,40","","-25,00","","73,00","","35,00","","19,00","","24,10","","101,08","","","","-32,00","","Généralement dégagé"
"2003-05-11 04:00","2003","05","11","04:00"," ","-20,80","","-24,10","","75,00","","32,00","","9,00","","24,10","","101,08","","","","-28,00","","Généralement dégagé"
"2003-05-11 05:00","2003","05","11","05:00"," ","-22,20","","-26,00","","71,00","","31,00","","17,00","","24,10","","101,09","","","","-32,00","","Généralement dégagé"
"2003-05-11 06:00","2003","05","11","06:00"," ","-20,50","","-24,00","","74,00","","35,00","","9,00","","24,10","","101,11","","","","-27,00","","Généralement nuageux"
"2003-05-11 07:00","2003","05","11","07:00"," ","-19,70","","-23,50","","72,00","","3,00","","7,00","","24,10","","101,10","","","","-25,00","","Généralement dégagé"
"2003-05-11 08:00","2003","05","11","08:00"," ","-18,90","","-23,30","","68,00","","33,00","","6,00","","24,10","","101,08","","","","-24,00","","Généralement dégagé"
"2003-05-11 09:00","2003","05","11","09:00"," ","-18,10","","-22,10","","71,00","","32,00","","9,00","","16,10","","101,07","","","","-24,00","","Généralement dégagé"
"2003-05-11 10:00","2003","05","11","10:00"," ","-16,30","","-19,80","","74,00","","35,00","","13,00","","16,10","","101,06","","","","-24,00","","Généralement nuageux"
"2003-05-11 11:00","2003","05","11","11:00"," ","-15,60","","-19,30","","73,00","","33,00","","9,00","","16,10","","101,04","","","","-22,00","","Généralement nuageux"
"2003-05-11 12:00","2003","05","11","12:00"," ","-14,30","","-18,20","","72,00","","31,00","","13,00","","24,10","","101,02","","","","-21,00","","Généralement dégagé"
"2003-05-11 13:00","2003","05","11","13:00"," ","-13,00","","-16,90","","72,00","","35,00","","19,00","","24,10","","101,04","","","","-21,00","","Généralement dégagé"
"2003-05-11 14:00","2003","05","11","14:00"," ","-12,40","","-15,80","","76,00","","35,00","","17,00","","24,10","","101,03","","","","-20,00","","Généralement dégagé"
"2003-05-11 15:00","2003","05","11","15:00"," ","-12,30","","-15,80","","75,00","","36,00","","15,00","","24,10","","101,02","","","","-20,00","","Généralement dégagé"
"2003-05-11 16:00","2003","05","11","16:00"," ","-12,30","","-15,70","","76,00","","2,00","","17,00","","24,10","","101,05","","","","-20,00","","Généralement dégagé"
"2003-05-11 17:00","2003","05","11","17:00"," ","-12,70","","-15,70","","78,00","","1,00","","15,00","","24,10","","101,06","","","","-20,00","","Dégagé"
"2003-05-11 18:00","2003","05","11","18:00"," ","-13,50","","-16,50","","78,00","","1,00","","17,00","","24,10","","101,06","","","","-22,00","","Dégagé"
"2003-05-11 19:00","2003","05","11","19:00"," ","-14,20","","-17,20","","78,00","","1,00","","17,00","","24,10","","101,07","","","","-22,00","","Dégagé"
"2003-05-11 20:00","2003","05","11","20:00"," ","-14,80","","-18,10","","76,00","","1,00","","22,00","","24,10","","101,11","","","","-24,00","","Généralement dégagé"
"2003-05-11 21:00","2003","05","11","21:00"," ","-15,20","","-18,40","","76,00","","1,00","","22,00","","24,10","","101,12","","","","-25,00","","Généralement nuageux"
"2003-05-11 22:00","2003","05","11","22:00"," ","-16,70","","-19,50","","79,00","","1,00","","20,00","","24,10","","101,13","","","","-26,00","","Généralement nuageux"
"2003-05-11 23:00","2003","05","11","23:00"," ","-18,40","","-21,60","","76,00","","2,00","","11,00","","24,10","","101,16","","","","-26,00","","Généralement nuageux"
"2003-05-12 00:00","2003","05","12","00:00"," ","-20,10","","-24,50","","68,00","","2,00","","19,00","","24,10","","101,17","","","","-30,00","","Généralement nuageux"
"2003-05-12 01:00","2003","05","12","01:00"," ","-20,10","","-23,50","","74,00","","3,00","","15,00","","24,10","","101,18","","","","-29,00","","Généralement nuageux"
"2003-05-12 02:00","2003","05","12","02:00"," ","-21,70","","-24,80","","76,00","","4,00","","13,00","","24,10","","101,21","","","","-30,00","","Généralement nuageux"
"2003-05-12 03:00","2003","05","12","03:00"," ","-20,90","","-24,80","","71,00","","0,00","","0,00","","24,10","","101,23","","","","","","Généralement dégagé"
"2003-05-12 04:00","2003","05","12","04:00"," ","-22,80","","-26,70","","70,00","","31,00","","7,00","","24,10","","101,25","","","","-29,00","","Généralement dégagé"
"2003-05-12 05:00","2003","05","12","05:00"," ","-21,80","","-25,60","","71,00","","31,00","","11,00","","24,10","","101,28","","","","-30,00","","Généralement dégagé"
"2003-05-12 06:00","2003","05","12","06:00"," ","-21,30","","-25,10","","71,00","","31,00","","15,00","","24,10","","101,30","","","","-31,00","","Généralement dégagé"
"2003-05-12 07:00","2003","05","12","07:00"," ","-20,30","","-23,80","","74,00","","31,00","","9,00","","24,10","","101,32","","","","-27,00","","Généralement dégagé"
"2003-05-12 08:00","2003","05","12","08:00"," ","-18,70","","-21,90","","76,00","","0,00","","0,00","","24,10","","101,34","","","","","","Généralement dégagé"
"2003-05-12 09:00","2003","05","12","09:00"," ","-16,60","","-19,50","","78,00","","0,00","","0,00","","16,10","","101,33","","","","","","Généralement dégagé"
"2003-05-12 10:00","2003","05","12","10:00"," ","-14,40","","-17,80","","75,00","","0,00","","0,00","","16,10","","101,34","","","","","","Généralement dégagé"
"2003-05-12 11:00","2003","05","12","11:00"," ","-14,10","","-17,10","","78,00","","25,00","","4,00","","16,10","","101,35","","","","-17,00","","Généralement dégagé"
"2003-05-12 12:00","2003","05","12","12:00"," ","-13,30","","-17,30","","72,00","","0,00","","0,00","","24,10","","101,36","","","","","","Généralement dégagé"
"2003-05-12 13:00","2003","05","12","13:00"," ","-13,50","","-17,10","","74,00","","4,00","","6,00","","24,10","","101,37","","","","-18,00","","Généralement dégagé"
"2003-05-12 14:00","2003","05","12","14:00"," ","-12,60","","-16,80","","71,00","","0,00","","0,00","","24,10","","101,40","","","","","","Généralement dégagé"
"2003-05-12 15:00","2003","05","12","15:00"," ","-12,60","","-16,30","","74,00","","3,00","","6,00","","24,10","","101,40","","","","-17,00","","Généralement dégagé"
"2003-05-12 16:00","2003","05","12","16:00"," ","-12,50","","-15,90","","76,00","","6,00","","9,00","","24,10","","101,40","","","","-18,00","","Généralement dégagé"
"2003-05-12 17:00","2003","05","12","17:00"," ","-12,70","","-16,40","","74,00","","5,00","","13,00","","24,10","","101,40","","","","-20,00","","Dégagé"
"2003-05-12 18:00","2003","05","12","18:00"," ","-13,10","","-16,20","","77,00","","10,00","","11,00","","24,10","","101,39","","","","-19,00","","Dégagé"
"2003-05-12 19:00","2003","05","12","19:00"," ","-14,00","","-17,50","","75,00","","9,00","","11,00","","24,10","","101,40","","","","-20,00","","Dégagé"
"2003-05-12 20:00","2003","05","12","20:00"," ","-15,60","","-18,90","","76,00","","9,00","","11,00","","24,10","","101,42","","","","-22,00","","Dégagé"
"2003-05-12 21:00","2003","05","12","21:00"," ","-16,60","","-19,50","","78,00","","10,00","","7,00","","24,10","","101,44","","","","-22,00","","Généralement dégagé"
"2003-05-12 22:00","2003","05","12","22:00"," ","-18,50","","-21,80","","75,00","","8,00","","11,00","","24,10","","101,43","","","","-26,00","","Généralement dégagé"
"2003-05-12 23:00","2003","05","12","23:00"," ","-18,80","","-22,00","","76,00","","10,00","","13,00","","24,10","","101,44","","","","-27,00","","Généralement dégagé"
"2003-05-13 00:00","2003","05","13","00:00"," ","-20,00","","-23,50","","74,00","","8,00","","11,00","","24,10","","101,43","","","","-28,00","","Généralement dégagé"
"2003-05-13 01:00","2003","05","13","01:00"," ","-19,90","","-23,40","","74,00","","8,00","","17,00","","24,10","","101,42","","","","-30,00","","Généralement dégagé"
"2003-05-13 02:00","2003","05","13","02:00"," ","-20,40","","-23,80","","74,00","","9,00","","17,00","","24,10","","101,41","","","","-30,00","","Généralement dégagé"
"2003-05-13 03:00","2003","05","13","03:00"," ","-20,80","","-24,20","","74,00","","9,00","","19,00","","24,10","","101,41","","","","-31,00","","Généralement dégagé"
"2003-05-13 04:00","2003","05","13","04:00"," ","-20,20","","-23,50","","75,00","","9,00","","19,00","","24,10","","101,38","","","","-30,00","","Généralement nuageux"
"2003-05-13 05:00","2003","05","13","05:00"," ","-19,30","","-22,50","","76,00","","9,00","","20,00","","24,10","","101,37","","","","-30,00","","Généralement dégagé"
"2003-05-13 06:00","2003","05","13","06:00"," ","-17,80","","-20,50","","79,00","","10,00","","17,00","","4,80","","101,35","","","","-27,00","","Brouillard"
"2003-05-13 07:00","2003","05","13","07:00"," ","-16,50","","-18,70","","83,00","","11,00","","17,00","","4,00","","101,32","","","","-25,00","","Brouillard"
"2003-05-13 08:00","2003","05","13","08:00"," ","-14,90","","-17,40","","81,00","","11,00","","28,00","","12,90","","101,25","","","","-26,00","","Généralement nuageux"
"2003-05-13 09:00","2003","05","13","09:00"," ","-13,40","","-15,30","","86,00","","11,00","","30,00","","11,30","","101,20","","","","-24,00","","Généralement nuageux"
"2003-05-13 10:00","2003","05","13","10:00"," ","-12,20","","-14,60","","82,00","","11,00","","33,00","","11,30","","101,16","","","","-23,00","","Généralement nuageux"
"2003-05-13 11:00","2003","05","13","11:00"," ","-11,00","","-14,10","","78,00","","11,00","","37,00","","11,30","","101,08","","","","-22,00","","Généralement nuageux"
"2003-05-13 12:00","2003","05","13","12:00"," ","-10,50","","-13,50","","79,00","","11,00","","41,00","","9,70","","101,00","","","","-22,00","","Poudrerie élevée"
"2003-05-13 13:00","2003","05","13","13:00"," ","-10,10","","-13,20","","78,00","","11,00","","46,00","","4,80","","100,91","","","","-22,00","","Poudrerie élevée"
"2003-05-13 14:00","2003","05","13","14:00"," ","-9,90","","-12,40","","82,00","","11,00","","44,00","","3,20","","100,86","","","","-21,00","","Poudrerie élevée"
"2003-05-13 15:00","2003","05","13","15:00"," ","-9,60","","-12,00","","83,00","","11,00","","48,00","","1,60","","100,73","","","","-21,00","","Poudrerie élevée"
"2003-05-13 16:00","2003","05","13","16:00"," ","-9,70","","-12,00","","83,00","","11,00","","46,00","","1,00","","100,65","","","","-21,00","","Poudrerie élevée"
"2003-05-13 17:00","2003","05","13","17:00"," ","-9,80","","-12,10","","83,00","","10,00","","50,00","","0,20","","100,51","","","","-21,00","","Neige,Poudrerie élevée"
"2003-05-13 18:00","2003","05","13","18:00"," ","-9,70","","-11,80","","85,00","","10,00","","48,00","","0,20","","100,43","","","","-21,00","","Neige,Poudrerie élevée"
"2003-05-13 19:00","2003","05","13","19:00"," ","-9,40","","-11,50","","85,00","","11,00","","46,00","","0,20","","100,31","","","","-21,00","","Neige,Poudrerie élevée"
"2003-05-13 20:00","2003","05","13","20:00"," ","-9,20","","-11,40","","84,00","","12,00","","54,00","","0,20","","100,26","","","","-21,00","","Neige,Poudrerie élevée"
"2003-05-13 21:00","2003","05","13","21:00"," ","-8,80","","-11,00","","84,00","","9,00","","44,00","","0,20","","100,14","","","","-20,00","","Neige,Poudrerie élevée"
"2003-05-13 22:00","2003","05","13","22:00"," ","-8,40","","-10,30","","86,00","","12,00","","48,00","","0,20","","100,02","","","","-19,00","","Neige,Poudrerie élevée"
"2003-05-13 23:00","2003","05","13","23:00"," ","-8,20","","-10,20","","85,00","","11,00","","41,00","","0,40","","99,90","","","","-18,00","","Neige,Poudrerie élevée"
"2003-05-14 00:00","2003","05","14","00:00"," ","-7,90","","-10,00","","85,00","","11,00","","39,00","","0,80","","99,78","","","","-18,00","","Neige,Poudrerie élevée"
"2003-05-14 01:00","2003","05","14","01:00"," ","-7,80","","-9,90","","85,00","","11,00","","37,00","","1,00","","99,66","","","","-18,00","","Neige,Poudrerie élevée"
"2003-05-14 02:00","2003","05","14","02:00"," ","-7,60","","-9,60","","86,00","","11,00","","37,00","","1,00","","99,63","","","","-17,00","","Neige,Poudrerie élevée"
"2003-05-14 03:00","2003","05","14","03:00"," ","-7,50","","-9,50","","86,00","","12,00","","37,00","","1,00","","99,56","","","","-17,00","","Neige,Poudrerie élevée"
"2003-05-14 04:00","2003","05","14","04:00"," ","-7,20","","-9,30","","85,00","","11,00","","33,00","","1,60","","99,50","","","","-16,00","","Neige"
"2003-05-14 05:00","2003","05","14","05:00"," ","-6,90","","-9,00","","85,00","","12,00","","33,00","","2,00","","99,50","","","","-16,00","","Neige,Poudrerie élevée"
"2003-05-14 06:00","2003","05","14","06:00"," ","-6,50","","-8,70","","84,00","","11,00","","32,00","","6,40","","99,43","","","","-15,00","","Neige,Poudrerie élevée"
"2003-05-14 07:00","2003","05","14","07:00"," ","-5,90","","-8,20","","84,00","","13,00","","30,00","","4,80","","99,39","","","","-14,00","","Neige,Poudrerie élevée"
"2003-05-14 08:00","2003","05","14","08:00"," ","-5,00","","-7,30","","84,00","","13,00","","28,00","","3,20","","99,37","","","","-13,00","","Neige,Poudrerie élevée"
"2003-05-14 09:00","2003","05","14","09:00"," ","-4,30","","-6,50","","85,00","","15,00","","24,00","","4,00","","99,41","","","","-11,00","","Neige"
"2003-05-14 10:00","2003","05","14","10:00"," ","-3,80","","-6,00","","85,00","","17,00","","20,00","","6,40","","99,39","","","","-10,00","","Averses de neige"
"2003-05-14 11:00","2003","05","14","11:00"," ","-3,60","","-5,60","","86,00","","16,00","","15,00","","9,70","","99,38","","","","-9,00","","Averses de neige"
"2003-05-14 12:00","2003","05","14","12:00"," ","-2,90","","-4,70","","87,00","","16,00","","15,00","","9,70","","99,36","","","","-8,00","","Averses de neige"
"2003-05-14 13:00","2003","05","14","13:00"," ","-1,70","","-3,60","","87,00","","16,00","","9,00","","9,70","","99,37","","","","-5,00","","Averses de neige"
"2003-05-14 14:00","2003","05","14","14:00"," ","-1,70","","-3,50","","87,00","","15,00","","11,00","","9,70","","99,36","","","","-6,00","","Averses de neige"
"2003-05-14 15:00","2003","05","14","15:00"," ","-1,40","","-3,10","","88,00","","14,00","","9,00","","11,30","","99,35","","","","-5,00","","Nuageux"
"2003-05-14 16:00","2003","05","14","16:00"," ","-0,80","","-2,60","","88,00","","14,00","","13,00","","12,90","","99,36","","","","-5,00","","Nuageux"
"2003-05-14 17:00","2003","05","14","17:00"," ","-0,70","","-3,10","","84,00","","12,00","","11,00","","16,10","","99,35","","","","-4,00","","Généralement nuageux"
"2003-05-14 18:00","2003","05","14","18:00"," ","-0,90","","-3,30","","84,00","","7,00","","7,00","","16,10","","99,34","","","","-3,00","","Généralement nuageux"
"2003-05-14 19:00","2003","05","14","19:00"," ","-1,30","","-3,00","","88,00","","4,00","","9,00","","0,60","","99,35","","","","-5,00","","Brouillard verglaçant"
"2003-05-14 20:00","2003","05","14","20:00"," ","-1,60","","-3,60","","86,00","","7,00","","11,00","","0,40","","99,38","","","","-5,00","","Brouillard verglaçant"
"2003-05-14 21:00","2003","05","14","21:00"," ","-1,70","","-3,50","","87,00","","23,00","","7,00","","0,40","","99,43","","","","-4,00","","Brouillard verglaçant"
"2003-05-14 22:00","2003","05","14","22:00"," ","-1,90","","-3,90","","86,00","","18,00","","9,00","","0,60","","99,51","","","","-5,00","","Bruine verglaçante,Brouillard verglaçant"
"2003-05-14 23:00","2003","05","14","23:00"," ","-2,00","","-4,20","","85,00","","27,00","","20,00","","4,80","","99,53","","","","-8,00","","Bruine verglaçante,Brouillard"
"2003-05-15 00:00","2003","05","15","00:00"," ","-4,40","","-7,10","","81,00","","27,00","","32,00","","16,10","","99,57","","","","-12,00","","Nuageux"
"2003-05-15 01:00","2003","05","15","01:00"," ","-5,20","","-7,90","","81,00","","27,00","","30,00","","19,30","","99,62","","","","-13,00","","Généralement nuageux"
"2003-05-15 02:00","2003","05","15","02:00"," ","-5,80","","-8,60","","81,00","","26,00","","32,00","","24,10","","99,67","","","","-14,00","","Généralement nuageux"
"2003-05-15 03:00","2003","05","15","03:00"," ","-6,50","","-9,60","","79,00","","26,00","","33,00","","24,10","","99,72","","","","-15,00","","Généralement nuageux"
"2003-05-15 04:00","2003","05","15","04:00"," ","-8,10","","-11,40","","77,00","","28,00","","32,00","","24,10","","99,76","","","","-17,00","","Généralement dégagé"
"2003-05-15 05:00","2003","05","15","05:00"," ","-8,80","","-12,20","","76,00","","26,00","","37,00","","24,10","","99,81","","","","-19,00","","Généralement dégagé"
"2003-05-15 06:00","2003","05","15","06:00"," ","-9,20","","-12,30","","78,00","","26,00","","33,00","","24,10","","99,83","","","","-19,00","","Dégagé"
"2003-05-15 07:00","2003","05","15","07:00"," ","-8,90","","-12,20","","77,00","","26,00","","33,00","","24,10","","99,86","","","","-18,00","","Dégagé"
"2003-05-15 08:00","2003","05","15","08:00"," ","-8,30","","-11,50","","78,00","","26,00","","28,00","","24,10","","99,89","","","","-17,00","","Généralement dégagé"
"2003-05-15 09:00","2003","05","15","09:00"," ","-7,70","","-11,20","","76,00","","26,00","","33,00","","24,10","","99,91","","","","-17,00","","Généralement dégagé"
"2003-05-15 10:00","2003","05","15","10:00"," ","-7,00","","-10,80","","74,00","","26,00","","32,00","","24,10","","99,94","","","","-16,00","","Généralement dégagé"
"2003-05-15 11:00","2003","05","15","11:00"," ","-6,40","","-9,90","","76,00","","26,00","","33,00","","24,10","","99,95","","","","-15,00","","Généralement nuageux"
"2003-05-15 12:00","2003","05","15","12:00"," ","-6,00","","-9,80","","74,00","","26,00","","37,00","","24,10","","99,98","","","","-15,00","","Généralement nuageux"
"2003-05-15 13:00","2003","05","15","13:00"," ","-5,40","","-9,40","","73,00","","27,00","","32,00","","24,10","","100,03","","","","-14,00","","Généralement nuageux"
"2003-05-15 14:00","2003","05","15","14:00"," ","-5,20","","-9,10","","74,00","","27,00","","32,00","","24,10","","100,12","","","","-13,00","","Généralement nuageux"
"2003-05-15 15:00","2003","05","15","15:00"," ","-4,90","","-9,30","","71,00","","27,00","","30,00","","24,10","","100,18","","","","-13,00","","Généralement nuageux"
"2003-05-15 16:00","2003","05","15","16:00"," ","-4,70","","-8,50","","75,00","","27,00","","28,00","","24,10","","100,24","","","","-12,00","","Généralement nuageux"
"2003-05-15 17:00","2003","05","15","17:00"," ","-4,70","","-8,90","","72,00","","28,00","","24,00","","24,10","","100,25","","","","-12,00","","Nuageux"
"2003-05-15 18:00","2003","05","15","18:00"," ","-5,00","","-8,90","","74,00","","30,00","","20,00","","24,10","","100,26","","","","-12,00","","Généralement nuageux"
"2003-05-15 19:00","2003","05","15","19:00"," ","-5,60","","-9,50","","74,00","","31,00","","22,00","","24,10","","100,34","","","","-13,00","","Généralement nuageux"
"2003-05-15 20:00","2003","05","15","20:00"," ","-6,00","","-9,60","","76,00","","30,00","","22,00","","24,10","","100,40","","","","-13,00","","Généralement nuageux"
"2003-05-15 21:00","2003","05","15","21:00"," ","-7,20","","-10,70","","76,00","","28,00","","19,00","","24,10","","100,46","","","","-14,00","","Généralement nuageux"
"2003-05-15 22:00","2003","05","15","22:00"," ","-9,10","","-12,60","","76,00","","27,00","","26,00","","24,10","","100,49","","","","-18,00","","Généralement dégagé"
"2003-05-15 23:00","2003","05","15","23:00"," ","-9,10","","-12,40","","77,00","","28,00","","24,00","","24,10","","100,49","","","","-17,00","","Généralement dégagé"
"2003-05-16 00:00","2003","05","16","00:00"," ","-12,30","","-15,70","","76,00","","32,00","","11,00","","24,10","","100,53","","","","-18,00","","Généralement dégagé"
"2003-05-16 01:00","2003","05","16","01:00"," ","-12,20","","-15,40","","77,00","","32,00","","24,00","","24,10","","100,54","","","","-21,00","","Généralement dégagé"
"2003-05-16 02:00","2003","05","16","02:00"," ","-12,90","","-16,00","","78,00","","31,00","","22,00","","24,10","","100,61","","","","-22,00","","Généralement dégagé"
"2003-05-16 03:00","2003","05","16","03:00"," ","-13,70","","-16,70","","78,00","","32,00","","11,00","","24,10","","100,66","","","","-20,00","","Généralement nuageux"
"2003-05-16 04:00","2003","05","16","04:00"," ","-13,00","","-16,30","","76,00","","32,00","","7,00","","24,10","","100,68","","","","-18,00","","Généralement nuageux"
"2003-05-16 05:00","2003","05","16","05:00"," ","-11,20","","-14,50","","77,00","","31,00","","11,00","","24,10","","100,69","","","","-17,00","","Nuageux"
"2003-05-16 06:00","2003","05","16","06:00"," ","-9,60","","-13,00","","76,00","","32,00","","13,00","","24,10","","100,72","","","","-16,00","","Nuageux"
"2003-05-16 07:00","2003","05","16","07:00"," ","-8,70","","-12,20","","76,00","","31,00","","11,00","","24,10","","100,76","","","","-14,00","","Nuageux"
"2003-05-16 08:00","2003","05","16","08:00"," ","-7,60","","-11,00","","77,00","","31,00","","9,00","","24,10","","100,81","","","","-12,00","","Nuageux"
"2003-05-16 09:00","2003","05","16","09:00"," ","-6,90","","-10,40","","76,00","","31,00","","7,00","","24,10","","100,85","","","","-10,00","","Nuageux"
"2003-05-16 10:00","2003","05","16","10:00"," ","-5,80","","-9,60","","74,00","","33,00","","9,00","","24,10","","100,89","","","","-10,00","","Nuageux"
"2003-05-16 11:00","2003","05","16","11:00"," ","-5,30","","-9,60","","72,00","","33,00","","9,00","","24,10","","100,94","","","","-9,00","","Nuageux"
"2003-05-16 12:00","2003","05","16","12:00"," ","-4,70","","-8,80","","73,00","","31,00","","15,00","","24,10","","101,03","","","","-10,00","","Nuageux"
"2003-05-16 13:00","2003","05","16","13:00"," ","-5,70","","-9,30","","76,00","","31,00","","20,00","","24,10","","101,09","","","","-12,00","","Généralement nuageux"
"2003-05-16 14:00","2003","05","16","14:00"," ","-5,90","","-9,90","","73,00","","31,00","","26,00","","24,10","","101,16","","","","-14,00","","Généralement dégagé"
"2003-05-16 15:00","2003","05","16","15:00"," ","-6,00","","-10,30","","72,00","","31,00","","28,00","","24,10","","101,24","","","","-14,00","","Généralement nuageux"
"2003-05-16 16:00","2003","05","16","16:00"," ","-6,20","","-10,60","","71,00","","31,00","","33,00","","24,10","","101,32","","","","-15,00","","Généralement nuageux"
"2003-05-16 17:00","2003","05","16","17:00"," ","-5,90","","-10,30","","71,00","","31,00","","28,00","","24,10","","101,38","","","","-14,00","","Généralement dégagé"
"2003-05-16 18:00","2003","05","16","18:00"," ","-6,20","","-10,60","","71,00","","32,00","","24,00","","24,10","","101,43","","","","-14,00","","Dégagé"
"2003-05-16 19:00","2003","05","16","19:00"," ","-7,00","","-11,00","","73,00","","30,00","","20,00","","24,10","","101,53","","","","-14,00","","Généralement dégagé"
"2003-05-16 20:00","2003","05","16","20:00"," ","-7,90","","-12,00","","72,00","","31,00","","22,00","","24,10","","101,64","","","","-16,00","","Généralement nuageux"
"2003-05-16 21:00","2003","05","16","21:00"," ","-7,70","","-11,60","","74,00","","28,00","","11,00","","24,10","","101,73","","","","-13,00","","Généralement nuageux"
"2003-05-16 22:00","2003","05","16","22:00"," ","-9,00","","-12,60","","75,00","","29,00","","20,00","","24,10","","101,78","","","","-17,00","","Généralement dégagé"
"2003-05-16 23:00","2003","05","16","23:00"," ","-12,00","","-15,30","","76,00","","32,00","","19,00","","24,10","","101,76","","","","-20,00","","Généralement dégagé"
"2003-05-17 00:00","2003","05","17","00:00"," ","-12,70","","-15,90","","77,00","","32,00","","19,00","","24,10","","101,78","","","","-21,00","","Dégagé"
"2003-05-17 01:00","2003","05","17","01:00"," ","-13,80","","-17,10","","76,00","","31,00","","20,00","","24,10","","101,88","","","","-23,00","","Généralement dégagé"
"2003-05-17 02:00","2003","05","17","02:00"," ","-13,60","","-16,90","","76,00","","31,00","","22,00","","24,10","","101,92","","","","-23,00","","Dégagé"
"2003-05-17 03:00","2003","05","17","03:00"," ","-15,30","","-18,40","","77,00","","32,00","","19,00","","24,10","","102,00","","","","-24,00","","Dégagé"
"2003-05-17 04:00","2003","05","17","04:00"," ","-15,10","","-18,20","","77,00","","32,00","","22,00","","24,10","","102,06","","","","-25,00","","Dégagé"
"2003-05-17 05:00","2003","05","17","05:00"," ","-14,40","","-17,90","","75,00","","32,00","","24,00","","24,10","","102,07","","","","-24,00","","Dégagé"
"2003-05-17 06:00","2003","05","17","06:00"," ","-14,10","","-17,70","","74,00","","31,00","","19,00","","24,10","","102,08","","","","-23,00","","Dégagé"
"2003-05-17 07:00","2003","05","17","07:00"," ","-13,10","","-16,70","","74,00","","32,00","","13,00","","24,10","","102,14","","","","-20,00","","Dégagé"
"2003-05-17 08:00","2003","05","17","08:00"," ","-12,20","","-15,80","","74,00","","1,00","","9,00","","24,10","","102,15","","","","-17,00","","Dégagé"
"2003-05-17 09:00","2003","05","17","09:00"," ","-10,80","","-14,70","","73,00","","36,00","","11,00","","24,10","","102,18","","","","-17,00","","Dégagé"
"2003-05-17 10:00","2003","05","17","10:00"," ","-10,50","","-14,50","","72,00","","3,00","","7,00","","24,10","","102,24","","","","-15,00","","Dégagé"
"2003-05-17 11:00","2003","05","17","11:00"," ","-10,00","","-13,40","","76,00","","36,00","","6,00","","24,10","","102,24","","","","-14,00","","Généralement dégagé"
"2003-05-17 12:00","2003","05","17","12:00"," ","-9,20","","-12,40","","78,00","","4,00","","7,00","","24,10","","102,27","","","","-13,00","","Généralement dégagé"
"2003-05-17 13:00","2003","05","17","13:00"," ","-8,50","","-12,10","","75,00","","36,00","","4,00","","24,10","","102,28","","","","-11,00","","Généralement dégagé"
"2003-05-17 14:00","2003","05","17","14:00"," ","-7,90","","-11,80","","74,00","","36,00","","15,00","","24,10","","102,29","","","","-14,00","","Généralement dégagé"
"2003-05-17 15:00","2003","05","17","15:00"," ","-7,60","","-11,60","","73,00","","36,00","","15,00","","24,10","","102,34","","","","-14,00","","Généralement nuageux"
"2003-05-17 16:00","2003","05","17","16:00"," ","-6,90","","-11,10","","72,00","","35,00","","17,00","","24,10","","102,32","","","","-13,00","","Généralement nuageux"
"2003-05-17 17:00","2003","05","17","17:00"," ","-7,30","","-11,50","","72,00","","36,00","","20,00","","24,10","","102,30","","","","-14,00","","Généralement dégagé"
"2003-05-17 18:00","2003","05","17","18:00"," ","-8,00","","-12,50","","70,00","","2,00","","19,00","","24,10","","102,31","","","","-15,00","","Généralement dégagé"
"2003-05-17 19:00","2003","05","17","19:00"," ","-9,00","","-13,10","","72,00","","1,00","","15,00","","24,10","","102,33","","","","-16,00","","Généralement dégagé"
"2003-05-17 20:00","2003","05","17","20:00"," ","-10,10","","-14,10","","72,00","","36,00","","19,00","","24,10","","102,32","","","","-18,00","","Généralement dégagé"
"2003-05-17 21:00","2003","05","17","21:00"," ","-10,50","","-14,80","","71,00","","36,00","","20,00","","24,10","","102,31","","","","-18,00","","Généralement nuageux"
"2003-05-17 22:00","2003","05","17","22:00"," ","-11,30","","-15,50","","71,00","","36,00","","24,00","","24,10","","102,29","","","","-20,00","","Généralement nuageux"
"2003-05-17 23:00","2003","05","17","23:00"," ","-11,60","","-15,90","","70,00","","36,00","","26,00","","24,10","","102,27","","","","-21,00","","Généralement nuageux"
"2003-05-18 00:00","2003","05","18","00:00"," ","-11,80","","-15,80","","72,00","","35,00","","24,00","","24,10","","102,29","","","","-21,00","","Généralement nuageux"
"2003-05-18 01:00","2003","05","18","01:00"," ","-13,30","","-17,20","","72,00","","36,00","","19,00","","24,10","","102,31","","","","-22,00","","Généralement nuageux"
"2003-05-18 02:00","2003","05","18","02:00"," ","-14,20","","-17,90","","73,00","","36,00","","22,00","","24,10","","102,32","","","","-24,00","","Généralement nuageux"
"2003-05-18 03:00","2003","05","18","03:00"," ","-13,90","","-17,70","","73,00","","1,00","","19,00","","16,10","","102,34","","","","-23,00","","Neige"
"2003-05-18 04:00","2003","05","18","04:00"," ","-12,60","","-16,70","","71,00","","1,00","","19,00","","16,10","","102,32","","","","-21,00","","Neige"
"2003-05-18 05:00","2003","05","18","05:00"," ","-10,70","","-14,90","","71,00","","36,00","","26,00","","12,90","","102,26","","","","-20,00","","Neige"
"2003-05-18 06:00","2003","05","18","06:00"," ","-10,10","","-14,00","","73,00","","34,00","","26,00","","12,90","","102,20","","","","-19,00","","Neige"
"2003-05-18 07:00","2003","05","18","07:00"," ","-8,70","","-12,40","","75,00","","34,00","","24,00","","12,90","","102,14","","","","-17,00","","Neige"
"2003-05-18 08:00","2003","05","18","08:00"," ","-7,90","","-12,70","","68,00","","36,00","","37,00","","9,70","","102,11","","","","-18,00","","Neige"
"2003-05-18 09:00","2003","05","18","09:00"," ","-8,50","","-13,10","","69,00","","36,00","","44,00","","11,30","","102,13","","","","-19,00","","Neige"
"2003-05-18 10:00","2003","05","18","10:00"," ","-8,10","","-12,40","","71,00","","1,00","","35,00","","4,80","","102,15","","","","-18,00","","Neige"
"2003-05-18 11:00","2003","05","18","11:00"," ","-9,30","","-13,60","","71,00","","36,00","","37,00","","4,80","","102,15","","","","-19,00","","Neige"
"2003-05-18 12:00","2003","05","18","12:00"," ","-8,90","","-13,20","","71,00","","1,00","","39,00","","6,40","","102,16","","","","-19,00","","Neige"
"2003-05-18 13:00","2003","05","18","13:00"," ","-8,90","","-13,50","","69,00","","1,00","","35,00","","12,90","","102,17","","","","-19,00","","Neige"
"2003-05-18 14:00","2003","05","18","14:00"," ","-8,00","","-12,50","","70,00","","36,00","","28,00","","12,90","","102,13","","","","-17,00","","Neige"
"2003-05-18 15:00","2003","05","18","15:00"," ","-8,00","","-12,30","","71,00","","36,00","","30,00","","11,30","","102,18","","","","-17,00","","Neige"
"2003-05-18 16:00","2003","05","18","16:00"," ","-8,30","","-12,70","","71,00","","36,00","","28,00","","24,10","","102,18","","","","-17,00","","Généralement nuageux"
"2003-05-18 17:00","2003","05","18","17:00"," ","-8,10","","-12,30","","72,00","","36,00","","26,00","","24,10","","102,18","","","","-16,00","","Généralement nuageux"
"2003-05-18 18:00","2003","05","18","18:00"," ","-8,50","","-12,90","","70,00","","36,00","","30,00","","24,10","","102,18","","","","-18,00","","Généralement nuageux"
"2003-05-18 19:00","2003","05","18","19:00"," ","-8,50","","-12,90","","70,00","","36,00","","26,00","","24,10","","102,17","","","","-17,00","","Généralement nuageux"
"2003-05-18 20:00","2003","05","18","20:00"," ","-9,10","","-13,50","","70,00","","35,00","","22,00","","24,10","","102,17","","","","-17,00","","Généralement nuageux"
"2003-05-18 21:00","2003","05","18","21:00"," ","-11,50","","-15,40","","73,00","","33,00","","20,00","","24,10","","102,17","","","","-20,00","","Généralement nuageux"
"2003-05-18 22:00","2003","05","18","22:00"," ","-13,50","","-17,20","","74,00","","33,00","","22,00","","24,10","","102,17","","","","-23,00","","Généralement nuageux"
"2003-05-18 23:00","2003","05","18","23:00"," ","-12,70","","-16,30","","74,00","","31,00","","22,00","","24,10","","102,16","","","","-22,00","","Généralement nuageux"
"2003-05-19 00:00","2003","05","19","00:00"," ","-11,40","","-15,00","","75,00","","31,00","","22,00","","24,10","","102,11","","","","-20,00","","Généralement nuageux"
"2003-05-19 01:00","2003","05","19","01:00"," ","-11,90","","-15,60","","74,00","","32,00","","22,00","","24,10","","102,08","","","","-21,00","","Généralement nuageux"
"2003-05-19 02:00","2003","05","19","02:00"," ","-12,20","","-15,70","","75,00","","32,00","","22,00","","24,10","","102,08","","","","-21,00","","Généralement nuageux"
"2003-05-19 03:00","2003","05","19","03:00"," ","-11,80","","-15,30","","75,00","","32,00","","22,00","","24,10","","102,06","","","","-21,00","","Généralement nuageux"
"2003-05-19 04:00","2003","05","19","04:00"," ","-10,50","","-14,10","","75,00","","32,00","","19,00","","24,10","","102,04","","","","-18,00","","Généralement nuageux"
"2003-05-19 05:00","2003","05","19","05:00"," ","-10,10","","-13,80","","74,00","","33,00","","19,00","","24,10","","102,00","","","","-18,00","","Généralement nuageux"
"2003-05-19 06:00","2003","05","19","06:00"," ","-9,60","","-13,30","","74,00","","32,00","","24,00","","24,10","","101,96","","","","-18,00","","Généralement nuageux"
"2003-05-19 07:00","2003","05","19","07:00"," ","-9,10","","-12,60","","76,00","","32,00","","24,00","","16,10","","101,91","","","","-17,00","","Neige"
"2003-05-19 08:00","2003","05","19","08:00"," ","-8,30","","-11,70","","76,00","","32,00","","24,00","","16,10","","101,86","","","","-16,00","","Neige en grains"
"2003-05-19 09:00","2003","05","19","09:00"," ","-7,50","","-11,00","","76,00","","31,00","","24,00","","16,10","","101,82","","","","-15,00","","Neige en grains"
"2003-05-19 10:00","2003","05","19","10:00"," ","-7,10","","-10,70","","75,00","","32,00","","30,00","","9,70","","101,77","","","","-16,00","","Averses de neige"
"2003-05-19 11:00","2003","05","19","11:00"," ","-7,10","","-12,10","","67,00","","35,00","","28,00","","9,70","","101,73","","","","-15,00","","Averses de neige"
"2003-05-19 12:00","2003","05","19","12:00"," ","-7,30","","-12,90","","64,00","","36,00","","32,00","","12,90","","101,71","","","","-16,00","","Averses de neige"
"2003-05-19 13:00","2003","05","19","13:00"," ","-7,60","","-12,30","","69,00","","35,00","","35,00","","9,70","","101,68","","","","-17,00","","Averses de neige"
"2003-05-19 14:00","2003","05","19","14:00"," ","-7,60","","-13,50","","63,00","","34,00","","32,00","","11,30","","101,66","","","","-17,00","","Averses de neige"
"2003-05-19 15:00","2003","05","19","15:00"," ","-7,60","","-13,00","","65,00","","34,00","","28,00","","11,30","","101,65","","","","-16,00","","Averses de neige"
"2003-05-19 16:00","2003","05","19","16:00"," ","-7,50","","-12,60","","67,00","","34,00","","24,00","","12,90","","101,61","","","","-15,00","","Averses de neige"
"2003-05-19 17:00","2003","05","19","17:00"," ","-7,90","","-13,30","","65,00","","34,00","","30,00","","12,90","","101,57","","","","-17,00","","Averses de neige"
"2003-05-19 18:00","2003","05","19","18:00"," ","-8,00","","-13,60","","64,00","","34,00","","24,00","","24,10","","101,53","","","","-16,00","","Averses de neige"
"2003-05-19 19:00","2003","05","19","19:00"," ","-8,30","","-13,10","","68,00","","33,00","","20,00","","24,10","","101,52","","","","-16,00","","Averses de neige"
"2003-05-19 20:00","2003","05","19","20:00"," ","-9,00","","-13,80","","68,00","","32,00","","26,00","","24,10","","101,46","","","","-18,00","","Averses de neige"
"2003-05-19 21:00","2003","05","19","21:00"," ","-9,70","","-13,80","","72,00","","30,00","","32,00","","24,10","","101,43","","","","-19,00","","Averses de neige"
"2003-05-19 22:00","2003","05","19","22:00"," ","-10,80","","-15,00","","71,00","","31,00","","24,00","","24,10","","101,39","","","","-20,00","","Averses de neige"
"2003-05-19 23:00","2003","05","19","23:00"," ","-12,60","","-16,50","","73,00","","30,00","","28,00","","24,10","","101,34","","","","-23,00","","Généralement dégagé"
"2003-05-20 00:00","2003","05","20","00:00"," ","-13,80","","-17,70","","72,00","","31,00","","26,00","","24,10","","101,27","","","","-24,00","","Généralement dégagé"
"2003-05-20 01:00","2003","05","20","01:00"," ","-14,50","","-18,20","","73,00","","30,00","","22,00","","24,10","","101,25","","","","-24,00","","Généralement dégagé"
"2003-05-20 02:00","2003","05","20","02:00"," ","-14,30","","-18,10","","73,00","","32,00","","30,00","","24,10","","101,17","","","","-25,00","","Généralement dégagé"
"2003-05-20 03:00","2003","05","20","03:00"," ","-15,40","","-19,00","","74,00","","30,00","","30,00","","24,10","","101,13","","","","-27,00","","Généralement nuageux"
"2003-05-20 04:00","2003","05","20","04:00"," ","-15,10","","-18,70","","74,00","","31,00","","30,00","","24,10","","101,08","","","","-26,00","","Généralement nuageux"
"2003-05-20 05:00","2003","05","20","05:00"," ","-14,70","","-18,30","","74,00","","31,00","","32,00","","24,10","","101,04","","","","-26,00","","Généralement nuageux"
"2003-05-20 06:00","2003","05","20","06:00"," ","-14,00","","-17,60","","74,00","","31,00","","37,00","","24,10","","100,99","","","","-26,00","","Généralement nuageux"
"2003-05-20 07:00","2003","05","20","07:00"," ","-13,20","","-17,00","","73,00","","30,00","","37,00","","24,10","","100,95","","","","-25,00","","Généralement dégagé"
"2003-05-20 08:00","2003","05","20","08:00"," ","-11,70","","-15,50","","73,00","","31,00","","32,00","","16,10","","100,89","","","","-22,00","","Généralement dégagé"
"2003-05-20 09:00","2003","05","20","09:00"," ","-10,70","","-14,80","","72,00","","31,00","","37,00","","16,10","","100,82","","","","-21,00","","Généralement dégagé"
"2003-05-20 10:00","2003","05","20","10:00"," ","-9,50","","-13,30","","74,00","","31,00","","37,00","","16,10","","100,76","","","","-20,00","","Généralement dégagé"
"2003-05-20 11:00","2003","05","20","11:00"," ","-8,20","","-11,80","","75,00","","32,00","","37,00","","16,10","","100,72","","","","-18,00","","Généralement dégagé"
"2003-05-20 12:00","2003","05","20","12:00"," ","-7,50","","-11,60","","72,00","","32,00","","41,00","","14,50","","100,70","","","","-18,00","","Généralement dégagé"
"2003-05-20 13:00","2003","05","20","13:00"," ","-6,00","","-11,10","","67,00","","32,00","","37,00","","17,70","","100,70","","","","-15,00","","Généralement dégagé"
"2003-05-20 14:00","2003","05","20","14:00"," ","-6,30","","-10,90","","70,00","","32,00","","39,00","","16,10","","100,66","","","","-16,00","","Généralement dégagé"
"2003-05-20 15:00","2003","05","20","15:00"," ","-6,40","","-10,70","","71,00","","33,00","","37,00","","16,10","","100,66","","","","-16,00","","Généralement dégagé"
"2003-05-20 16:00","2003","05","20","16:00"," ","-6,30","","-10,60","","72,00","","33,00","","33,00","","19,30","","100,64","","","","-15,00","","Généralement nuageux"
"2003-05-20 17:00","2003","05","20","17:00"," ","-5,80","","-9,90","","73,00","","32,00","","37,00","","19,30","","100,62","","","","-15,00","","Généralement nuageux"
"2003-05-20 18:00","2003","05","20","18:00"," ","-6,40","","-10,30","","74,00","","32,00","","37,00","","22,50","","100,58","","","","-16,00","","Généralement nuageux"
"2003-05-20 19:00","2003","05","20","19:00"," ","-6,70","","-10,80","","73,00","","31,00","","37,00","","22,50","","100,55","","","","-16,00","","Généralement nuageux"
"2003-05-20 20:00","2003","05","20","20:00"," ","-7,30","","-11,20","","74,00","","32,00","","35,00","","24,10","","100,51","","","","-17,00","","Généralement nuageux"
"2003-05-20 21:00","2003","05","20","21:00"," ","-7,30","","-10,90","","75,00","","30,00","","37,00","","24,10","","100,49","","","","-17,00","","Généralement nuageux"
"2003-05-20 22:00","2003","05","20","22:00"," ","-7,80","","-11,60","","74,00","","32,00","","32,00","","24,10","","100,48","","","","-17,00","","Généralement nuageux"
"2003-05-20 23:00","2003","05","20","23:00"," ","-7,90","","-11,60","","75,00","","32,00","","33,00","","24,10","","100,47","","","","-17,00","","Généralement nuageux"
"2003-05-21 00:00","2003","05","21","00:00"," ","-8,70","","-12,40","","75,00","","32,00","","32,00","","24,10","","100,45","","","","-18,00","","Généralement nuageux"
"2003-05-21 01:00","2003","05","21","01:00"," ","-9,30","","-13,00","","74,00","","32,00","","35,00","","24,10","","100,44","","","","-19,00","","Généralement nuageux"
"2003-05-21 02:00","2003","05","21","02:00"," ","-10,50","","-14,20","","74,00","","32,00","","33,00","","24,10","","100,42","","","","-21,00","","Généralement nuageux"
"2003-05-21 03:00","2003","05","21","03:00"," ","-11,60","","-15,50","","73,00","","32,00","","30,00","","24,10","","100,43","","","","-22,00","","Généralement nuageux"
"2003-05-21 04:00","2003","05","21","04:00"," ","-11,40","","-15,20","","73,00","","32,00","","32,00","","24,10","","100,42","","","","-22,00","","Généralement dégagé"
"2003-05-21 05:00","2003","05","21","05:00"," ","-12,60","","-16,20","","74,00","","31,00","","30,00","","24,10","","100,45","","","","-23,00","","Généralement dégagé"
"2003-05-21 06:00","2003","05","21","06:00"," ","-11,20","","-14,90","","74,00","","31,00","","26,00","","24,10","","100,44","","","","-20,00","","Généralement dégagé"
"2003-05-21 07:00","2003","05","21","07:00"," ","-10,70","","-14,50","","74,00","","31,00","","33,00","","24,10","","100,42","","","","-21,00","","Généralement dégagé"
"2003-05-21 08:00","2003","05","21","08:00"," ","-9,80","","-13,60","","74,00","","30,00","","26,00","","16,10","","100,43","","","","-19,00","","Dégagé"
"2003-05-21 09:00","2003","05","21","09:00"," ","-8,70","","-12,30","","75,00","","31,00","","26,00","","16,10","","100,41","","","","-17,00","","Dégagé"
"2003-05-21 10:00","2003","05","21","10:00"," ","-7,70","","-11,80","","72,00","","31,00","","26,00","","16,10","","100,39","","","","-16,00","","Dégagé"
"2003-05-21 11:00","2003","05","21","11:00"," ","-6,70","","-10,60","","74,00","","31,00","","28,00","","16,10","","100,37","","","","-15,00","","Dégagé"
"2003-05-21 12:00","2003","05","21","12:00"," ","-6,10","","-10,00","","74,00","","29,00","","30,00","","22,50","","100,36","","","","-14,00","","Généralement dégagé"
"2003-05-21 13:00","2003","05","21","13:00"," ","-4,70","","-9,00","","72,00","","29,00","","26,00","","24,10","","100,31","","","","-12,00","","Généralement dégagé"
"2003-05-21 14:00","2003","05","21","14:00"," ","-3,90","","-8,10","","73,00","","29,00","","30,00","","24,10","","100,27","","","","-12,00","","Généralement dégagé"
"2003-05-21 15:00","2003","05","21","15:00"," ","-3,90","","-8,00","","73,00","","28,00","","32,00","","24,10","","100,26","","","","-12,00","","Généralement dégagé"
"2003-05-21 16:00","2003","05","21","16:00"," ","-3,60","","-8,10","","71,00","","28,00","","32,00","","24,10","","100,24","","","","-11,00","","Généralement dégagé"
"2003-05-21 17:00","2003","05","21","17:00"," ","-3,60","","-8,10","","71,00","","28,00","","26,00","","24,10","","100,21","","","","-11,00","","Généralement dégagé"
"2003-05-21 18:00","2003","05","21","18:00"," ","-4,20","","-8,40","","72,00","","28,00","","30,00","","24,10","","100,18","","","","-12,00","","Généralement dégagé"
"2003-05-21 19:00","2003","05","21","19:00"," ","-5,40","","-9,20","","75,00","","29,00","","22,00","","24,10","","100,15","","","","-12,00","","Généralement dégagé"
"2003-05-21 20:00","2003","05","21","20:00"," ","-5,80","","-9,80","","73,00","","29,00","","32,00","","24,10","","100,12","","","","-14,00","","Généralement dégagé"
"2003-05-21 21:00","2003","05","21","21:00"," ","-7,00","","-10,90","","74,00","","30,00","","22,00","","24,10","","100,08","","","","-14,00","","Généralement dégagé"
"2003-05-21 22:00","2003","05","21","22:00"," ","-8,40","","-12,00","","75,00","","28,00","","22,00","","24,10","","100,06","","","","-16,00","","Généralement dégagé"
"2003-05-21 23:00","2003","05","21","23:00"," ","-9,90","","-13,40","","76,00","","26,00","","13,00","","24,10","","100,05","","","","-16,00","","Généralement dégagé"
"2003-05-22 00:00","2003","05","22","00:00"," ","-11,70","","-15,20","","75,00","","25,00","","19,00","","24,10","","100,02","","","","-20,00","","Généralement dégagé"
"2003-05-22 01:00","2003","05","22","01:00"," ","-11,30","","-14,40","","78,00","","30,00","","22,00","","12,90","","100,00","","","","-20,00","","Généralement dégagé"
"2003-05-22 02:00","2003","05","22","02:00"," ","-10,70","","-13,60","","79,00","","31,00","","24,00","","6,40","","99,99","","","","-19,00","","Brouillard"
"2003-05-22 03:00","2003","05","22","03:00"," ","-10,60","","-13,40","","80,00","","28,00","","19,00","","0,80","","99,99","","","","-18,00","","Brouillard verglaçant"
"2003-05-22 04:00","2003","05","22","04:00"," ","-10,20","","-13,20","","79,00","","27,00","","20,00","","8,00","","99,97","","","","-18,00","","Brouillard"
"2003-05-22 05:00","2003","05","22","05:00"," ","-9,20","","-11,80","","81,00","","27,00","","19,00","","12,90","","99,96","","","","-17,00","","Généralement nuageux"
"2003-05-22 06:00","2003","05","22","06:00"," ","-7,70","","-10,40","","81,00","","26,00","","13,00","","16,10","","99,93","","","","-13,00","","Averses de neige"
"2003-05-22 07:00","2003","05","22","07:00"," ","-7,00","","-9,70","","81,00","","26,00","","11,00","","12,90","","99,89","","","","-12,00","","Averses de neige"
"2003-05-22 08:00","2003","05","22","08:00"," ","-6,10","","-8,60","","82,00","","27,00","","9,00","","12,90","","99,87","","","","-10,00","","Averses de neige"
"2003-05-22 09:00","2003","05","22","09:00"," ","-5,30","","-8,00","","81,00","","27,00","","13,00","","8,00","","99,84","","","","-10,00","","Averses de neige"
"2003-05-22 10:00","2003","05","22","10:00"," ","-4,70","","-7,60","","80,00","","27,00","","15,00","","12,90","","99,83","","","","-10,00","","Averses de neige"
"2003-05-22 11:00","2003","05","22","11:00"," ","-3,70","","-6,90","","78,00","","27,00","","20,00","","11,30","","99,83","","","","-10,00","","Averses de neige"
"2003-05-22 12:00","2003","05","22","12:00"," ","-2,90","","-6,30","","77,00","","27,00","","13,00","","11,30","","99,84","","","","-8,00","","Averses de neige"
"2003-05-22 13:00","2003","05","22","13:00"," ","-2,00","","-5,20","","79,00","","26,00","","22,00","","11,30","","99,85","","","","-8,00","","Averses de neige"
"2003-05-22 14:00","2003","05","22","14:00"," ","-1,50","","-4,90","","78,00","","26,00","","19,00","","16,10","","99,86","","","","-7,00","","Nuageux"
"2003-05-22 15:00","2003","05","22","15:00"," ","-1,20","","-4,80","","76,00","","27,00","","17,00","","12,90","","99,89","","","","-6,00","","Averses de neige"
"2003-05-22 16:00","2003","05","22","16:00"," ","-0,70","","-4,10","","78,00","","27,00","","17,00","","16,10","","99,93","","","","-6,00","","Généralement nuageux"
"2003-05-22 17:00","2003","05","22","17:00"," ","-0,40","","-3,50","","80,00","","27,00","","15,00","","8,00","","99,95","","","","-5,00","","Bruine verglaçante"
"2003-05-22 18:00","2003","05","22","18:00"," ","-0,30","","-3,10","","81,00","","28,00","","13,00","","6,40","","99,97","","","","-4,00","","Neige roulée"
"2003-05-22 19:00","2003","05","22","19:00"," ","-1,30","","-4,40","","79,00","","33,00","","9,00","","16,10","","100,04","","","","-5,00","","Nuageux"
"2003-05-22 20:00","2003","05","22","20:00"," ","-1,70","","-4,60","","81,00","","32,00","","9,00","","16,10","","100,12","","","","-5,00","","Nuageux"
"2003-05-22 21:00","2003","05","22","21:00"," ","-2,70","","-6,30","","76,00","","33,00","","20,00","","19,30","","100,19","","","","-9,00","","Nuageux"
"2003-05-22 22:00","2003","05","22","22:00"," ","-6,40","","-9,90","","76,00","","32,00","","20,00","","24,10","","100,25","","","","-13,00","","Généralement nuageux"
"2003-05-22 23:00","2003","05","22","23:00"," ","-4,90","","-8,50","","76,00","","33,00","","11,00","","24,10","","100,33","","","","-9,00","","Nuageux"
"2003-05-23 00:00","2003","05","23","00:00"," ","-5,20","","-8,90","","75,00","","31,00","","7,00","","24,10","","100,41","","","","-8,00","","Nuageux"
"2003-05-23 01:00","2003","05","23","01:00"," ","-4,50","","-9,20","","70,00","","30,00","","15,00","","24,10","","100,47","","","","-10,00","","Nuageux"
"2003-05-23 02:00","2003","05","23","02:00"," ","-5,50","","-9,60","","73,00","","33,00","","17,00","","24,10","","100,54","","","","-12,00","","Nuageux"
"2003-05-23 03:00","2003","05","23","03:00"," ","-7,50","","-11,80","","71,00","","33,00","","15,00","","24,10","","100,60","","","","-14,00","","Généralement dégagé"
"2003-05-23 04:00","2003","05","23","04:00"," ","-10,40","","-14,30","","73,00","","32,00","","13,00","","24,10","","100,67","","","","-17,00","","Généralement dégagé"
"2003-05-23 05:00","2003","05","23","05:00"," ","-10,10","","-14,10","","72,00","","27,00","","9,00","","24,10","","100,75","","","","-15,00","","Généralement dégagé"
"2003-05-23 06:00","2003","05","23","06:00"," ","-10,50","","-14,60","","72,00","","27,00","","9,00","","24,10","","100,83","","","","-15,00","","Dégagé"
"2003-05-23 07:00","2003","05","23","07:00"," ","-12,10","","-16,30","","71,00","","32,00","","17,00","","24,10","","100,89","","","","-20,00","","Dégagé"
"2003-05-23 08:00","2003","05","23","08:00"," ","-10,50","","-15,30","","68,00","","31,00","","11,00","","24,10","","100,97","","","","-16,00","","Dégagé"
"2003-05-23 09:00","2003","05","23","09:00"," ","-9,40","","-14,10","","69,00","","29,00","","20,00","","24,10","","101,00","","","","-17,00","","Généralement dégagé"
"2003-05-23 10:00","2003","05","23","10:00"," ","-8,80","","-13,40","","69,00","","29,00","","19,00","","24,10","","100,99","","","","-16,00","","Généralement dégagé"
"2003-05-23 11:00","2003","05","23","11:00"," ","-7,70","","-12,90","","66,00","","27,00","","22,00","","24,10","","101,00","","","","-15,00","","Généralement dégagé"
"2003-05-23 12:00","2003","05","23","12:00"," ","-5,00","","-8,90","","74,00","","26,00","","20,00","","24,10","","101,00","","","","-12,00","","Nuageux"
"2003-05-23 13:00","2003","05","23","13:00"," ","-3,80","","-8,10","","72,00","","26,00","","19,00","","24,10","","100,99","","","","-10,00","","Nuageux"
"2003-05-23 14:00","2003","05","23","14:00"," ","-2,60","","-6,20","","76,00","","24,00","","26,00","","24,10","","100,99","","","","-9,00","","Nuageux"
"2003-05-23 15:00","2003","05","23","15:00"," ","-1,40","","-4,80","","78,00","","26,00","","33,00","","24,10","","100,99","","","","-9,00","","Nuageux"
"2003-05-23 16:00","2003","05","23","16:00"," ","-1,70","","-5,10","","78,00","","26,00","","28,00","","24,10","","101,01","","","","-8,00","","Nuageux"
"2003-05-23 17:00","2003","05","23","17:00"," ","-1,50","","-4,90","","78,00","","26,00","","35,00","","14,50","","101,01","","","","-9,00","","Nuageux"
"2003-05-23 18:00","2003","05","23","18:00"," ","-2,50","","-6,30","","75,00","","28,00","","22,00","","16,10","","101,02","","","","-9,00","","Nuageux"
"2003-05-23 19:00","2003","05","23","19:00"," ","-4,50","","-8,70","","72,00","","32,00","","22,00","","14,50","","101,06","","","","-11,00","","Bruine verglaçante,Neige en grains"
"2003-05-23 20:00","2003","05","23","20:00"," ","-5,60","","-9,90","","72,00","","33,00","","22,00","","14,50","","101,10","","","","-13,00","","Bruine verglaçante,Neige en grains"
"2003-05-23 21:00","2003","05","23","21:00"," ","-6,20","","-10,40","","72,00","","33,00","","19,00","","17,70","","101,10","","","","-13,00","","Bruine verglaçante,Neige en grains"
"2003-05-23 22:00","2003","05","23","22:00"," ","-6,90","","-11,30","","71,00","","31,00","","17,00","","24,10","","101,13","","","","-13,00","","Neige en grains"
"2003-05-23 23:00","2003","05","23","23:00"," ","-7,30","","-11,40","","72,00","","31,00","","13,00","","24,10","","101,15","","","","-13,00","","Généralement nuageux"
"2003-05-24 00:00","2003","05","24","00:00"," ","-9,60","","-13,60","","73,00","","33,00","","19,00","","24,10","","101,17","","","","-17,00","","Généralement nuageux"
"2003-05-24 01:00","2003","05","24","01:00"," ","-10,60","","-14,80","","71,00","","31,00","","11,00","","24,10","","101,19","","","","-16,00","","Généralement nuageux"
"2003-05-24 02:00","2003","05","24","02:00"," ","-7,40","","-12,40","","67,00","","28,00","","15,00","","24,10","","101,20","","","","-14,00","","Généralement nuageux"
"2003-05-24 03:00","2003","05","24","03:00"," ","-8,60","","-13,00","","70,00","","27,00","","11,00","","24,10","","101,23","","","","-14,00","","Généralement nuageux"
"2003-05-24 04:00","2003","05","24","04:00"," ","-7,90","","-12,20","","71,00","","27,00","","11,00","","24,10","","101,22","","","","-13,00","","Généralement nuageux"
"2003-05-24 05:00","2003","05","24","05:00"," ","-7,90","","-12,20","","71,00","","27,00","","13,00","","24,10","","101,25","","","","-14,00","","Généralement nuageux"
"2003-05-24 06:00","2003","05","24","06:00"," ","-8,20","","-12,50","","71,00","","28,00","","13,00","","24,10","","101,24","","","","-14,00","","Généralement nuageux"
"2003-05-24 07:00","2003","05","24","07:00"," ","-7,90","","-12,50","","69,00","","29,00","","11,00","","24,10","","101,25","","","","-13,00","","Généralement nuageux"
"2003-05-24 08:00","2003","05","24","08:00"," ","-7,90","","-11,90","","73,00","","30,00","","15,00","","24,10","","101,26","","","","-14,00","","Généralement nuageux"
"2003-05-24 09:00","2003","05","24","09:00"," ","-6,30","","-10,80","","70,00","","29,00","","9,00","","24,10","","101,26","","","","-11,00","","Généralement nuageux"
"2003-05-24 10:00","2003","05","24","10:00"," ","-5,70","","-10,40","","69,00","","30,00","","9,00","","24,10","","101,25","","","","-10,00","","Généralement dégagé"
"2003-05-24 11:00","2003","05","24","11:00"," ","-5,40","","-10,10","","69,00","","1,00","","9,00","","24,10","","101,24","","","","-9,00","","Généralement dégagé"
"2003-05-24 12:00","2003","05","24","12:00"," ","-5,70","","-10,30","","70,00","","6,00","","6,00","","24,10","","101,24","","","","-9,00","","Généralement nuageux"
"2003-05-24 13:00","2003","05","24","13:00"," ","-5,60","","-10,20","","70,00","","5,00","","6,00","","24,10","","101,21","","","","-8,00","","Généralement nuageux"
"2003-05-24 14:00","2003","05","24","14:00"," ","-5,70","","-10,10","","71,00","","5,00","","13,00","","24,10","","101,20","","","","-11,00","","Généralement nuageux"
"2003-05-24 15:00","2003","05","24","15:00"," ","-5,00","","-9,60","","70,00","","9,00","","15,00","","24,10","","101,17","","","","-11,00","","Généralement nuageux"
"2003-05-24 16:00","2003","05","24","16:00"," ","-4,70","","-9,20","","71,00","","12,00","","19,00","","24,10","","101,12","","","","-11,00","","Généralement nuageux"
"2003-05-24 17:00","2003","05","24","17:00"," ","-4,90","","-9,60","","70,00","","10,00","","26,00","","24,10","","101,07","","","","-12,00","","Généralement nuageux"
"2003-05-24 18:00","2003","05","24","18:00"," ","-5,60","","-9,60","","73,00","","11,00","","22,00","","24,10","","101,02","","","","-13,00","","Généralement nuageux"
"2003-05-24 19:00","2003","05","24","19:00"," ","-5,80","","-9,60","","74,00","","10,00","","24,00","","24,10","","100,95","","","","-13,00","","Nuageux"
"2003-05-24 20:00","2003","05","24","20:00"," ","-6,30","","-9,90","","76,00","","11,00","","17,00","","24,10","","100,91","","","","-13,00","","Nuageux"
"2003-05-24 21:00","2003","05","24","21:00"," ","-6,50","","-10,20","","75,00","","10,00","","22,00","","24,10","","100,84","","","","-14,00","","Nuageux"
"2003-05-24 22:00","2003","05","24","22:00"," ","-6,60","","-10,50","","74,00","","9,00","","22,00","","24,10","","100,78","","","","-14,00","","Nuageux"
"2003-05-24 23:00","2003","05","24","23:00"," ","-6,80","","-10,40","","75,00","","10,00","","26,00","","24,10","","100,72","","","","-15,00","","Nuageux"
"2003-05-25 00:00","2003","05","25","00:00"," ","-6,70","","-10,50","","74,00","","9,00","","37,00","","24,10","","100,65","","","","-16,00","","Nuageux"
"2003-05-25 01:00","2003","05","25","01:00"," ","-6,80","","-10,50","","75,00","","9,00","","30,00","","24,10","","100,59","","","","-15,00","","Nuageux"
"2003-05-25 02:00","2003","05","25","02:00"," ","-6,70","","-10,30","","76,00","","9,00","","43,00","","24,10","","100,53","","","","-17,00","","Nuageux"
"2003-05-25 03:00","2003","05","25","03:00"," ","-6,70","","-10,30","","76,00","","9,00","","43,00","","24,10","","100,49","","","","-17,00","","Nuageux"
"2003-05-25 04:00","2003","05","25","04:00"," ","-6,80","","-10,20","","77,00","","9,00","","39,00","","12,90","","100,45","","","","-16,00","","Nuageux"
"2003-05-25 05:00","2003","05","25","05:00"," ","-6,80","","-10,20","","77,00","","9,00","","50,00","","11,30","","100,45","","","","-17,00","","Neige en grains"
"2003-05-25 06:00","2003","05","25","06:00"," ","-6,70","","-10,30","","76,00","","9,00","","41,00","","11,30","","100,42","","","","-16,00","","Nuageux"
"2003-05-25 07:00","2003","05","25","07:00"," ","-6,90","","-10,50","","75,00","","8,00","","48,00","","11,30","","100,45","","","","-17,00","","Nuageux"
"2003-05-25 08:00","2003","05","25","08:00"," ","-6,70","","-10,20","","76,00","","8,00","","46,00","","12,90","","100,46","","","","-17,00","","Nuageux"
"2003-05-25 09:00","2003","05","25","09:00"," ","-6,60","","-10,30","","75,00","","8,00","","41,00","","12,90","","100,47","","","","-16,00","","Nuageux"
"2003-05-25 10:00","2003","05","25","10:00"," ","-6,30","","-9,90","","76,00","","8,00","","41,00","","12,90","","100,48","","","","-16,00","","Nuageux"
"2003-05-25 11:00","2003","05","25","11:00"," ","-6,30","","-10,20","","74,00","","8,00","","41,00","","16,10","","100,50","","","","-16,00","","Nuageux"
"2003-05-25 12:00","2003","05","25","12:00"," ","-5,90","","-9,40","","76,00","","8,00","","37,00","","12,90","","100,50","","","","-15,00","","Nuageux"
"2003-05-25 13:00","2003","05","25","13:00"," ","-5,70","","-9,30","","76,00","","8,00","","50,00","","16,10","","100,53","","","","-16,00","","Nuageux"
"2003-05-25 14:00","2003","05","25","14:00"," ","-5,30","","-9,00","","75,00","","7,00","","43,00","","16,10","","100,53","","","","-15,00","","Nuageux"
"2003-05-25 15:00","2003","05","25","15:00"," ","-5,30","","-9,00","","75,00","","7,00","","46,00","","16,10","","100,56","","","","-15,00","","Bruine verglaçante"
"2003-05-25 16:00","2003","05","25","16:00"," ","-4,90","","-8,70","","75,00","","7,00","","37,00","","16,10","","100,52","","","","-14,00","","Bruine verglaçante"
"2003-05-25 17:00","2003","05","25","17:00"," ","-4,90","","-8,20","","78,00","","8,00","","41,00","","14,50","","100,55","","","","-14,00","","Bruine verglaçante"
"2003-05-25 18:00","2003","05","25","18:00"," ","-4,90","","-8,40","","76,00","","8,00","","41,00","","14,50","","100,57","","","","-14,00","","Bruine verglaçante"
"2003-05-25 19:00","2003","05","25","19:00"," ","-5,40","","-9,10","","75,00","","8,00","","39,00","","14,50","","100,54","","","","-15,00","","Nuageux"
"2003-05-25 20:00","2003","05","25","20:00"," ","-5,60","","-9,20","","76,00","","8,00","","41,00","","16,10","","100,52","","","","-15,00","","Nuageux"
"2003-05-25 21:00","2003","05","25","21:00"," ","-5,70","","-9,00","","77,00","","8,00","","37,00","","16,10","","100,48","","","","-15,00","","Nuageux"
"2003-05-25 22:00","2003","05","25","22:00"," ","-5,60","","-9,00","","77,00","","8,00","","37,00","","19,30","","100,41","","","","-15,00","","Nuageux"
"2003-05-25 23:00","2003","05","25","23:00"," ","-5,50","","-8,90","","77,00","","8,00","","39,00","","19,30","","100,34","","","","-15,00","","Nuageux"
"2003-05-26 00:00","2003","05","26","00:00"," ","-5,40","","-8,80","","77,00","","9,00","","37,00","","20,90","","100,35","","","","-14,00","","Nuageux"
"2003-05-26 01:00","2003","05","26","01:00"," ","-5,40","","-8,90","","76,00","","8,00","","35,00","","20,90","","100,36","","","","-14,00","","Nuageux"
"2003-05-26 02:00","2003","05","26","02:00"," ","-5,40","","-8,70","","78,00","","8,00","","33,00","","20,90","","100,33","","","","-14,00","","Nuageux"
"2003-05-26 03:00","2003","05","26","03:00"," ","-5,20","","-8,50","","78,00","","7,00","","41,00","","22,50","","100,18","","","","-14,00","","Bruine verglaçante"
"2003-05-26 04:00","2003","05","26","04:00"," ","-5,00","","-8,10","","79,00","","7,00","","48,00","","17,70","","100,13","","","","-15,00","","Bruine verglaçante,Granules de glace ou grésil"
"2003-05-26 05:00","2003","05","26","05:00"," ","-4,80","","-7,90","","79,00","","7,00","","43,00","","4,00","","100,10","","","","-14,00","","Bruine verglaçante,Granules de glace ou grésil"
"2003-05-26 06:00","2003","05","26","06:00"," ","-3,20","","-6,00","","81,00","","8,00","","48,00","","4,00","","99,94","","","","-12,00","","Bruine verglaçante,Granules de glace ou grésil"
"2003-05-26 07:00","2003","05","26","07:00"," ","-2,80","","-5,80","","80,00","","8,00","","43,00","","4,00","","99,93","","","","-11,00","","Bruine verglaçante,Granules de glace ou grésil"
"2003-05-26 08:00","2003","05","26","08:00"," ","-3,00","","-5,50","","83,00","","9,00","","52,00","","1,60","","99,80","","","","-12,00","","Bruine verglaçante,Granules de glace ou grésil,Poudrerie élevée"
"2003-05-26 09:00","2003","05","26","09:00"," ","-3,30","","-5,90","","82,00","","8,00","","52,00","","1,60","","99,78","","","","-13,00","","Bruine verglaçante,Granules de glace ou grésil,Poudrerie élevée"
"2003-05-26 10:00","2003","05","26","10:00"," ","-3,00","","-5,50","","83,00","","8,00","","54,00","","1,60","","99,77","","","","-13,00","","Bruine verglaçante,Granules de glace ou grésil,Poudrerie élevée"
"2003-05-26 11:00","2003","05","26","11:00"," ","-2,70","","-5,50","","81,00","","8,00","","41,00","","2,40","","99,79","","","","-11,00","","Bruine verglaçante,Granules de glace ou grésil,Poudrerie élevée"
"2003-05-26 12:00","2003","05","26","12:00"," ","-2,60","","-5,10","","83,00","","8,00","","39,00","","1,60","","99,71","","","","-11,00","","Bruine verglaçante,Granules de glace ou grésil"
"2003-05-26 13:00","2003","05","26","13:00"," ","-2,60","","-5,20","","82,00","","8,00","","41,00","","1,60","","99,72","","","","-11,00","","Bruine verglaçante,Granules de glace ou grésil"
"2003-05-26 14:00","2003","05","26","14:00"," ","-1,90","","-4,40","","83,00","","8,00","","41,00","","2,40","","99,65","","","","-10,00","","Bruine verglaçante,Granules de glace ou grésil"
"2003-05-26 15:00","2003","05","26","15:00"," ","-1,40","","-4,00","","82,00","","8,00","","37,00","","1,20","","99,68","","","","-9,00","","Bruine verglaçante,Granules de glace ou grésil"
"2003-05-26 16:00","2003","05","26","16:00"," ","-1,10","","-3,70","","82,00","","8,00","","33,00","","1,60","","99,66","","","","-8,00","","Bruine verglaçante"
"2003-05-26 17:00","2003","05","26","17:00"," ","-0,80","","-3,50","","82,00","","8,00","","39,00","","3,20","","99,65","","","","-8,00","","Bruine verglaçante"
"2003-05-26 18:00","2003","05","26","18:00"," ","-0,70","","-3,30","","83,00","","8,00","","32,00","","3,20","","99,64","","","","-8,00","","Bruine verglaçante"
"2003-05-26 19:00","2003","05","26","19:00"," ","-0,60","","-3,30","","82,00","","8,00","","22,00","","0,80","","99,71","","","","-6,00","","Bruine verglaçante,Brouillard verglaçant"
"2003-05-26 20:00","2003","05","26","20:00"," ","-0,90","","-3,60","","82,00","","7,00","","19,00","","0,80","","99,73","","","","-6,00","","Brouillard verglaçant"
"2003-05-26 21:00","2003","05","26","21:00"," ","-1,20","","-3,90","","82,00","","7,00","","20,00","","0,40","","99,75","","","","-7,00","","Bruine verglaçante,Brouillard verglaçant"
"2003-05-26 22:00","2003","05","26","22:00"," ","-1,50","","-4,30","","81,00","","6,00","","22,00","","3,20","","99,78","","","","-7,00","","Neige en grains"
"2003-05-26 23:00","2003","05","26","23:00"," ","-2,00","","-5,10","","79,00","","6,00","","28,00","","3,20","","99,82","","","","-9,00","","Neige en grains"
"2003-05-27 00:00","2003","05","27","00:00"," ","-2,30","","-5,50","","79,00","","6,00","","32,00","","3,20","","99,83","","","","-10,00","","Neige en grains"
"2003-05-27 01:00","2003","05","27","01:00"," ","-2,80","","-5,90","","79,00","","5,00","","37,00","","3,20","","99,85","","","","-11,00","","Neige en grains"
"2003-05-27 02:00","2003","05","27","02:00"," ","-3,00","","-6,30","","78,00","","4,00","","30,00","","1,60","","99,90","","","","-10,00","","Neige"
"2003-05-27 03:00","2003","05","27","03:00"," ","-3,50","","-6,70","","78,00","","4,00","","33,00","","1,60","","99,95","","","","-11,00","","Neige"
"2003-05-27 04:00","2003","05","27","04:00"," ","-3,70","","-7,00","","78,00","","4,00","","35,00","","1,20","","99,98","","","","-12,00","","Bruine verglaçante,Granules de glace ou grésil"
"2003-05-27 05:00","2003","05","27","05:00"," ","-3,70","","-7,10","","77,00","","3,00","","37,00","","1,20","","100,01","","","","-12,00","","Neige,Brouillard"
"2003-05-27 06:00","2003","05","27","06:00"," ","-3,70","","-7,20","","77,00","","3,00","","39,00","","1,20","","100,05","","","","-12,00","","Neige,Brouillard"
"2003-05-27 07:00","2003","05","27","07:00"," ","-3,70","","-7,10","","77,00","","3,00","","44,00","","0,80","","100,11","","","","-13,00","","Neige,Poudrerie élevée"
"2003-05-27 08:00","2003","05","27","08:00"," ","-3,50","","-7,00","","77,00","","3,00","","46,00","","0,80","","100,16","","","","-13,00","","Neige,Poudrerie élevée"
"2003-05-27 09:00","2003","05","27","09:00"," ","-3,10","","-6,60","","77,00","","3,00","","44,00","","1,20","","100,21","","","","-12,00","","Neige,Poudrerie élevée"
"2003-05-27 10:00","2003","05","27","10:00"," ","-2,80","","-6,30","","77,00","","3,00","","48,00","","0,80","","100,24","","","","-12,00","","Neige,Poudrerie élevée"
"2003-05-27 11:00","2003","05","27","11:00"," ","-2,50","","-6,20","","76,00","","3,00","","56,00","","0,60","","100,28","","","","-12,00","","Neige,Poudrerie élevée"
"2003-05-27 12:00","2003","05","27","12:00"," ","-2,10","","-5,70","","76,00","","3,00","","56,00","","1,20","","100,38","","","","-11,00","","Bruine verglaçante,Neige,Poudrerie élevée"
"2003-05-27 13:00","2003","05","27","13:00"," ","-2,00","","-4,60","","82,00","","4,00","","56,00","","2,40","","100,48","","","","-11,00","","Neige,Poudrerie élevée"
"2003-05-27 14:00","2003","05","27","14:00"," ","-2,20","","-5,00","","81,00","","2,00","","43,00","","3,60","","100,58","","","","-11,00","","Neige,Poudrerie élevée"
"2003-05-27 15:00","2003","05","27","15:00"," ","-2,10","","-4,80","","82,00","","3,00","","37,00","","4,80","","100,66","","","","-10,00","","Neige,Poudrerie élevée"
"2003-05-27 16:00","2003","05","27","16:00"," ","-1,80","","-4,60","","81,00","","2,00","","41,00","","8,00","","100,75","","","","-10,00","","Neige,Poudrerie élevée"
"2003-05-27 17:00","2003","05","27","17:00"," ","-1,60","","-4,40","","81,00","","2,00","","43,00","","16,10","","100,84","","","","-10,00","","Averses de neige"
"2003-05-27 18:00","2003","05","27","18:00"," ","-1,80","","-4,40","","82,00","","2,00","","37,00","","16,10","","100,92","","","","-10,00","","Nuageux"
"2003-05-27 19:00","2003","05","27","19:00"," ","-2,00","","-4,80","","81,00","","2,00","","41,00","","12,90","","100,95","","","","-10,00","","Nuageux"
"2003-05-27 20:00","2003","05","27","20:00"," ","-2,10","","-5,70","","76,00","","2,00","","37,00","","12,90","","101,02","","","","-10,00","","Nuageux"
"2003-05-27 21:00","2003","05","27","21:00"," ","-2,90","","-6,80","","74,00","","3,00","","39,00","","12,90","","101,07","","","","-11,00","","Généralement nuageux"
"2003-05-27 22:00","2003","05","27","22:00"," ","-3,80","","-7,50","","75,00","","3,00","","35,00","","11,30","","101,15","","","","-12,00","","Généralement nuageux"
"2003-05-27 23:00","2003","05","27","23:00"," ","-5,30","","-9,00","","75,00","","3,00","","37,00","","11,30","","101,24","","","","-14,00","","Généralement nuageux"
"2003-05-28 00:00","2003","05","28","00:00"," ","-6,20","","-9,80","","76,00","","3,00","","35,00","","16,10","","101,33","","","","-15,00","","Généralement nuageux"
"2003-05-28 01:00","2003","05","28","01:00"," ","-7,20","","-10,90","","75,00","","2,00","","39,00","","12,90","","101,35","","","","-17,00","","Généralement nuageux"
"2003-05-28 02:00","2003","05","28","02:00"," ","-7,60","","-9,20","","88,00","","2,00","","41,00","","16,10","","101,41","","","","-18,00","","Généralement nuageux"
"2003-05-28 03:00","2003","05","28","03:00"," ","-8,50","","-8,70","","98,00","","1,00","","28,00","","14,50","","101,49","","","","-17,00","","Généralement nuageux"
"2003-05-28 04:00","2003","05","28","04:00"," ","-8,50","","-8,80","","98,00","","2,00","","32,00","","16,10","","101,54","","","","-18,00","","Généralement nuageux"
"2003-05-28 05:00","2003","05","28","05:00"," ","-8,10","","-8,30","","98,00","","1,00","","30,00","","16,10","","101,66","","","","-17,00","","Généralement nuageux"
"2003-05-28 06:00","2003","05","28","06:00"," ","-7,80","","-8,20","","97,00","","3,00","","32,00","","19,30","","101,72","","","","-17,00","","Généralement nuageux"
"2003-05-28 07:00","2003","05","28","07:00"," ","-7,20","","-7,70","","96,00","","2,00","","30,00","","20,90","","101,74","","","","-16,00","","Généralement dégagé"
"2003-05-28 08:00","2003","05","28","08:00"," ","-6,90","","-7,50","","95,00","","3,00","","26,00","","24,10","","101,81","","","","-15,00","","Généralement dégagé"
"2003-05-28 09:00","2003","05","28","09:00"," ","-6,50","","-7,10","","95,00","","3,00","","22,00","","24,10","","101,85","","","","-14,00","","Généralement dégagé"
"2003-05-28 10:00","2003","05","28","10:00"," ","-5,60","","-6,20","","96,00","","2,00","","6,00","","24,10","","101,89","","","","-8,00","","Généralement dégagé"
"2003-05-28 11:00","2003","05","28","11:00"," ","-4,90","","-5,70","","94,00","","2,00","","19,00","","24,10","","101,93","","","","-11,00","","Généralement dégagé"
"2003-05-28 12:00","2003","05","28","12:00"," ","-3,50","","-4,60","","92,00","","36,00","","19,00","","24,10","","101,96","","","","-9,00","","Généralement dégagé"
"2003-05-28 13:00","2003","05","28","13:00"," ","-2,80","","-3,90","","92,00","","36,00","","20,00","","24,10","","101,95","","","","-9,00","","Généralement dégagé"
"2003-05-28 14:00","2003","05","28","14:00"," ","-2,00","","-3,00","","93,00","","2,00","","19,00","","24,10","","101,98","","","","-8,00","","Généralement dégagé"
"2003-05-28 15:00","2003","05","28","15:00"," ","-1,80","","-3,00","","91,00","","4,00","","9,00","","24,10","","102,00","","","","-5,00","","Dégagé"
"2003-05-28 16:00","2003","05","28","16:00"," ","-1,80","","-3,20","","90,00","","1,00","","7,00","","24,10","","102,01","","","","-4,00","","Dégagé"
"2003-05-28 17:00","2003","05","28","17:00"," ","-1,40","","-2,70","","91,00","","32,00","","6,00","","24,10","","102,00","","","","-4,00","","Dégagé"
"2003-05-28 18:00","2003","05","28","18:00"," ","-1,70","","-2,50","","94,00","","32,00","","6,00","","24,10","","101,97","","","","-4,00","","Dégagé"
"2003-05-28 19:00","2003","05","28","19:00"," ","-2,10","","-2,60","","96,00","","29,00","","9,00","","24,10","","101,96","","","","-6,00","","Dégagé"
"2003-05-28 20:00","2003","05","28","20:00"," ","-2,10","","-2,90","","94,00","","29,00","","4,00","","24,10","","101,93","","","","-4,00","","Dégagé"
"2003-05-28 21:00","2003","05","28","21:00"," ","-5,20","","-5,20","","100,00","","25,00","","9,00","","3,20","","101,88","","","","-9,00","","Brouillard"
"2003-05-28 22:00","2003","05","28","22:00"," ","-5,50","","-5,50","","100,00","","26,00","","17,00","","0,80","","101,84","","","","-12,00","","Brouillard verglaçant"
"2003-05-28 23:00","2003","05","28","23:00"," ","-5,70","","-5,70","","100,00","","28,00","","15,00","","12,90","","101,82","","","","-11,00","","Dégagé"
"2003-05-29 00:00","2003","05","29","00:00"," ","-5,80","","-5,80","","100,00","","27,00","","13,00","","11,30","","101,81","","","","-11,00","","Dégagé"
"2003-05-29 01:00","2003","05","29","01:00"," ","-8,50","","-8,50","","100,00","","25,00","","7,00","","8,00","","101,78","","","","-12,00","","Brouillard"
"2003-05-29 02:00","2003","05","29","02:00"," ","-9,70","","-9,70","","100,00","","23,00","","6,00","","1,60","","101,76","","","","-13,00","","Brouillard"
"2003-05-29 03:00","2003","05","29","03:00"," ","-10,40","","-10,40","","100,00","","22,00","","9,00","","8,00","","101,72","","","","-15,00","","Brouillard"
"2003-05-29 04:00","2003","05","29","04:00"," ","-11,30","","-11,40","","99,00","","0,00","","0,00","","9,70","","101,71","","","","","","Brouillard"
"2003-05-29 05:00","2003","05","29","05:00"," ","-10,20","","-10,20","","100,00","","21,00","","4,00","","16,10","","101,69","","","","-13,00","","Généralement nuageux"
"2003-05-29 06:00","2003","05","29","06:00"," ","-8,70","","-8,70","","100,00","","24,00","","6,00","","17,70","","101,64","","","","-12,00","","Généralement nuageux"
"2003-05-29 07:00","2003","05","29","07:00"," ","-7,80","","-7,80","","100,00","","21,00","","6,00","","24,10","","101,58","","","","-11,00","","Généralement nuageux"
"2003-05-29 08:00","2003","05","29","08:00"," ","-5,90","","-5,90","","100,00","","23,00","","13,00","","24,10","","101,52","","","","-11,00","","Généralement dégagé"
"2003-05-29 09:00","2003","05","29","09:00"," ","-4,30","","-4,30","","100,00","","21,00","","15,00","","24,10","","101,47","","","","-10,00","","Généralement nuageux"
"2003-05-29 10:00","2003","05","29","10:00"," ","-2,80","","-3,30","","96,00","","22,00","","19,00","","24,10","","101,44","","","","-9,00","","Généralement nuageux"
"2003-05-29 11:00","2003","05","29","11:00"," ","-1,30","","-3,00","","88,00","","24,00","","17,00","","24,10","","101,41","","","","-6,00","","Généralement nuageux"
"2003-05-29 12:00","2003","05","29","12:00"," ","-0,50","","-2,70","","85,00","","23,00","","19,00","","24,10","","101,39","","","","-6,00","","Généralement nuageux"
"2003-05-29 13:00","2003","05","29","13:00"," ","0,30","","-1,20","","90,00","","23,00","","19,00","","24,10","","101,35","","","","","","Généralement dégagé"
"2003-05-29 14:00","2003","05","29","14:00"," ","0,70","","-0,20","","94,00","","25,00","","20,00","","24,10","","101,32","","","","","","Généralement dégagé"
"2003-05-29 15:00","2003","05","29","15:00"," ","1,20","","-0,80","","86,00","","23,00","","22,00","","24,10","","101,25","","","","","","Dégagé"
"2003-05-29 16:00","2003","05","29","16:00"," ","0,90","","-0,30","","92,00","","22,00","","15,00","","24,10","","101,22","","","","","","Dégagé"
"2003-05-29 17:00","2003","05","29","17:00"," ","1,10","","-0,30","","90,00","","22,00","","15,00","","24,10","","101,18","","","","","","Dégagé"
"2003-05-29 18:00","2003","05","29","18:00"," ","0,30","","-0,30","","96,00","","20,00","","9,00","","24,10","","101,14","","","","","","Dégagé"
"2003-05-29 19:00","2003","05","29","19:00"," ","0,10","","-0,70","","94,00","","21,00","","19,00","","24,10","","101,09","","","","","","Dégagé"
"2003-05-29 20:00","2003","05","29","20:00"," ","-0,20","","-0,40","","99,00","","22,00","","19,00","","24,10","","101,04","","","","-5,00","","Dégagé"
"2003-05-29 21:00","2003","05","29","21:00"," ","-1,30","","-2,00","","95,00","","21,00","","15,00","","24,10","","101,01","","","","-6,00","","Généralement dégagé"
"2003-05-29 22:00","2003","05","29","22:00"," ","-2,40","","-3,10","","95,00","","21,00","","13,00","","24,10","","100,95","","","","-7,00","","Généralement nuageux"
"2003-05-29 23:00","2003","05","29","23:00"," ","-3,30","","-3,80","","96,00","","20,00","","19,00","","24,10","","100,93","","","","-9,00","","Généralement nuageux"
"2003-05-30 00:00","2003","05","30","00:00"," ","-2,70","","-3,50","","94,00","","23,00","","9,00","","24,10","","100,89","","","","-6,00","","Généralement nuageux"
"2003-05-30 01:00","2003","05","30","01:00"," ","-3,50","","-4,00","","96,00","","21,00","","11,00","","24,10","","100,85","","","","-8,00","","Généralement nuageux"
"2003-05-30 02:00","2003","05","30","02:00"," ","-3,90","","-4,10","","99,00","","21,00","","9,00","","24,10","","100,78","","","","-8,00","","Généralement nuageux"
"2003-05-30 03:00","2003","05","30","03:00"," ","-3,90","","-4,30","","97,00","","21,00","","11,00","","24,10","","100,74","","","","-8,00","","Généralement nuageux"
"2003-05-30 04:00","2003","05","30","04:00"," ","-4,00","","-4,40","","97,00","","19,00","","6,00","","24,10","","100,69","","","","-7,00","","Généralement nuageux"
"2003-05-30 05:00","2003","05","30","05:00"," ","-3,50","","-3,90","","97,00","","21,00","","9,00","","24,10","","100,66","","","","-7,00","","Généralement nuageux"
"2003-05-30 06:00","2003","05","30","06:00"," ","-2,90","","-3,20","","98,00","","23,00","","9,00","","24,10","","100,64","","","","-6,00","","Généralement nuageux"
"2003-05-30 07:00","2003","05","30","07:00"," ","-2,60","","-3,00","","97,00","","21,00","","7,00","","24,10","","100,60","","","","-5,00","","Généralement nuageux"
"2003-05-30 08:00","2003","05","30","08:00"," ","-0,90","","-1,70","","94,00","","22,00","","7,00","","24,10","","100,58","","","","-3,00","","Généralement nuageux"
"2003-05-30 09:00","2003","05","30","09:00"," ","-0,60","","-1,20","","96,00","","22,00","","9,00","","24,10","","100,54","","","","-4,00","","Généralement dégagé"
"2003-05-30 10:00","2003","05","30","10:00"," ","0,30","","-0,30","","96,00","","20,00","","9,00","","24,10","","100,51","","","","","","Généralement dégagé"
"2003-05-30 11:00","2003","05","30","11:00"," ","0,80","","0,00","","94,00","","20,00","","13,00","","24,10","","100,47","","","","","","Généralement dégagé"
"2003-05-30 12:00","2003","05","30","12:00"," ","1,10","","0,50","","96,00","","18,00","","9,00","","24,10","","100,45","","","","","","Généralement dégagé"
"2003-05-30 13:00","2003","05","30","13:00"," ","1,40","","0,70","","95,00","","19,00","","19,00","","24,10","","100,42","","","","","","Généralement dégagé"
"2003-05-30 14:00","2003","05","30","14:00"," ","1,60","","0,70","","94,00","","20,00","","19,00","","24,10","","100,42","","","","","","Généralement dégagé"
"2003-05-30 15:00","2003","05","30","15:00"," ","1,70","","0,70","","93,00","","21,00","","19,00","","24,10","","100,40","","","","","","Généralement dégagé"
"2003-05-30 16:00","2003","05","30","16:00"," ","1,80","","0,70","","92,00","","20,00","","11,00","","24,10","","100,36","","","","","","Généralement dégagé"
"2003-05-30 17:00","2003","05","30","17:00"," ","2,50","","0,70","","88,00","","22,00","","15,00","","24,10","","100,35","","","","","","Généralement nuageux"
"2003-05-30 18:00","2003","05","30","18:00"," ","1,80","","0,90","","94,00","","23,00","","7,00","","24,10","","100,36","","","","","","Généralement nuageux"
"2003-05-30 19:00","2003","05","30","19:00"," ","1,30","","0,90","","97,00","","29,00","","17,00","","24,10","","100,39","","","","","","Nuageux"
"2003-05-30 20:00","2003","05","30","20:00"," ","0,80","","0,50","","98,00","","34,00","","13,00","","12,90","","100,37","","","","","","Averses de pluie"
"2003-05-30 21:00","2003","05","30","21:00"," ","0,70","","0,70","","100,00","","34,00","","17,00","","12,90","","100,43","","","","","","Averses de pluie,Averses de neige"
"2003-05-30 22:00","2003","05","30","22:00"," ","0,60","","0,60","","100,00","","33,00","","17,00","","16,10","","100,53","","","","","","Nuageux"
"2003-05-30 23:00","2003","05","30","23:00"," ","0,50","","0,50","","100,00","","32,00","","19,00","","16,10","","100,61","","","","","","Nuageux"
"2003-05-31 00:00","2003","05","31","00:00"," ","0,30","","-0,30","","96,00","","33,00","","22,00","","24,10","","100,69","","","","","","Généralement nuageux"
"2003-05-31 01:00","2003","05","31","01:00"," ","-0,10","","-0,60","","96,00","","32,00","","20,00","","24,10","","100,79","","","","-5,00","","Généralement nuageux"
"2003-05-31 02:00","2003","05","31","02:00"," ","0,10","","-0,70","","94,00","","33,00","","35,00","","24,10","","100,82","","","","","","Généralement nuageux"
"2003-05-31 03:00","2003","05","31","03:00"," ","-0,80","","-1,40","","96,00","","30,00","","19,00","","24,10","","100,89","","","","-6,00","","Généralement dégagé"
"2003-05-31 04:00","2003","05","31","04:00"," ","-0,80","","-1,20","","97,00","","28,00","","13,00","","24,10","","100,96","","","","-5,00","","Généralement nuageux"
"2003-05-31 05:00","2003","05","31","05:00"," ","-0,80","","-1,70","","94,00","","30,00","","37,00","","24,10","","100,98","","","","-8,00","","Généralement nuageux"
"2003-05-31 06:00","2003","05","31","06:00"," ","-1,30","","-2,10","","94,00","","29,00","","28,00","","24,10","","101,07","","","","-8,00","","Généralement nuageux"
"2003-05-31 07:00","2003","05","31","07:00"," ","-0,50","","-2,30","","88,00","","31,00","","26,00","","24,10","","101,15","","","","-7,00","","Généralement nuageux"
"2003-05-31 08:00","2003","05","31","08:00"," ","-1,00","","-2,90","","87,00","","32,00","","32,00","","24,10","","101,21","","","","-8,00","","Généralement dégagé"
"2003-05-31 09:00","2003","05","31","09:00"," ","-0,90","","-2,90","","86,00","","33,00","","24,00","","24,10","","101,29","","","","-7,00","","Généralement nuageux"
"2003-05-31 10:00","2003","05","31","10:00"," ","-0,80","","-3,40","","83,00","","34,00","","22,00","","24,10","","101,35","","","","-7,00","","Généralement nuageux"
"2003-05-31 11:00","2003","05","31","11:00"," ","-1,00","","-5,40","","72,00","","32,00","","24,00","","24,10","","101,41","","","","-7,00","","Généralement nuageux"
"2003-05-31 12:00","2003","05","31","12:00"," ","-0,80","","-4,50","","76,00","","32,00","","28,00","","24,10","","101,48","","","","-7,00","","Généralement nuageux"
"2003-05-31 13:00","2003","05","31","13:00"," ","-0,60","","-3,90","","78,00","","30,00","","28,00","","24,10","","101,54","","","","-7,00","","Généralement nuageux"
"2003-05-31 14:00","2003","05","31","14:00"," ","-0,50","","-3,30","","81,00","","32,00","","28,00","","24,10","","101,57","","","","-7,00","","Nuageux"
"2003-05-31 15:00","2003","05","31","15:00"," ","-0,60","","-3,00","","84,00","","31,00","","32,00","","24,10","","101,62","","","","-7,00","","Nuageux"
"2003-05-31 16:00","2003","05","31","16:00"," ","-0,70","","-4,20","","77,00","","32,00","","28,00","","24,10","","101,65","","","","-7,00","","Nuageux"
"2003-05-31 17:00","2003","05","31","17:00"," ","-0,40","","-3,50","","80,00","","32,00","","22,00","","24,10","","101,65","","","","-6,00","","Nuageux"
"2003-05-31 18:00","2003","05","31","18:00"," ","-0,10","","-3,40","","78,00","","29,00","","19,00","","24,10","","101,67","","","","-5,00","","Généralement nuageux"
"2003-05-31 19:00","2003","05","31","19:00"," ","0,10","","-2,60","","82,00","","30,00","","19,00","","24,10","","101,66","","","","","","Généralement nuageux"
"2003-05-31 20:00","2003","05","31","20:00"," ","-1,00","","-2,20","","92,00","","26,00","","11,00","","24,10","","101,68","","","","-5,00","","Généralement nuageux"
"2003-05-31 21:00","2003","05","31","21:00"," ","-1,20","","-2,30","","92,00","","26,00","","9,00","","24,10","","101,66","","","","-4,00","","Généralement nuageux"
"2003-05-31 22:00","2003","05","31","22:00"," ","-1,00","","-2,00","","93,00","","24,00","","13,00","","24,10","","101,66","","","","-5,00","","Généralement nuageux"
"2003-05-31 23:00","2003","05","31","23:00"," ","-1,00","","-1,70","","95,00","","25,00","","11,00","","24,10","","101,66","","","","-5,00","","Nuageux"
