"Nom de la Station","DANIELS HARBOUR"
"Province","NEWFOUNDLAND"
"Latitude","50,24"
"Longitude","-57,58"
"Altitude","19,00"
"Identification Climat","8401400"
"Identification OMM","71185"
"Identification TC","WDH"
"Toutes les heures sont exprimées en heure normale locale (HNL). Pour convertir l'heure locale en heure avancée de l'Est (HAE), ajoutez 1 heure s'il y a lieu."

"Légende"
"M","Données Manquantes"
"E","Valeur Estimée"
"ND","Non Disponible"
"**","Données fournies par un partenaire, non assujetties à un révision par les Archives climatiques nationales du Canada"

"Date/Heure","Année","Mois","Jour","Heure","Qualité des Données","Temp (°C)","Temp Indicateur","Point de rosée (°C)","Point de rosée Indicateur","Hum. rel (%)","Hum. rel. Indicateur","Dir. du vent (10s deg)","Dir. du vent Indicateur","Vit. du vent (km/h)","Vit. du vent Indicateur","Visibilité (km)","Visibilité Indicateur","Pression à la station (kPa)","Pression à la station Indicateur","Hmdx","Hmdx Indicateur","Refroid. éolien","Refroid. éolien Indicateur","Temps"
"1996-10-01 00:00","1996","10","01","00:00"," ","","","","","","","","","","","","","","","","","","",""
"1996-10-01 01:00","1996","10","01","01:00"," ","","","","","","","","","","","","","","","","","","",""
"1996-10-01 02:00","1996","10","01","02:00"," ","","","","","","","","","","","","","","","","","","",""
"1996-10-01 03:00","1996","10","01","03:00"," ","","","","","","","","","","","","","","","","","","",""
"1996-10-01 03:30","1996","10","01","03:30"," ","6,00","","1,60","","73,00","","28,00","","37,00","","25,00","","101,23","","","","","","Généralement dégagé"
"1996-10-01 04:00","1996","10","01","04:00"," ","","","","","","","","","","","","","","","","","","",""
"1996-10-01 04:30","1996","10","01","04:30"," ","5,40","","1,10","","74,00","","29,00","","37,00","","25,00","","101,30","","","","","","Généralement dégagé"
"1996-10-01 05:00","1996","10","01","05:00"," ","","","","","","","","","","","","","","","","","","",""
"1996-10-01 05:30","1996","10","01","05:30"," ","5,30","","2,20","","80,00","","29,00","","28,00","","25,00","","101,40","","","","","","Généralement dégagé"
"1996-10-01 06:00","1996","10","01","06:00"," ","","","","","","","","","","","","","","","","","","",""
"1996-10-01 06:30","1996","10","01","06:30"," ","5,20","","2,10","","80,00","","28,00","","30,00","","25,00","","101,46","","","","","","Généralement dégagé"
"1996-10-01 07:00","1996","10","01","07:00"," ","","","","","","","","","","","","","","","","","","",""
"1996-10-01 08:00","1996","10","01","08:00"," ","","","","","","","","","","","","","","","","","","",""
"1996-10-01 08:30","1996","10","01","08:30"," ","6,00","","2,00","","75,00","","28,00","","28,00","","25,00","","101,67","","","","","","Généralement dégagé"
"1996-10-01 09:00","1996","10","01","09:00"," ","","","","","","","","","","","","","","","","","","",""
"1996-10-01 09:30","1996","10","01","09:30"," ","6,70","","2,80","","76,00","","27,00","","30,00","","25,00","","101,77","","","","","","Généralement dégagé"
"1996-10-01 10:00","1996","10","01","10:00"," ","","","","","","","","","","","","","","","","","","",""
"1996-10-01 10:30","1996","10","01","10:30"," ","7,00","","2,70","","74,00","","27,00","","22,00","","25,00","","101,80","","","","","","Généralement dégagé"
"1996-10-01 11:00","1996","10","01","11:00"," ","","","","","","","","","","","","","","","","","","",""
"1996-10-01 11:30","1996","10","01","11:30"," ","6,80","","2,00","","71,00","","27,00","","22,00","","25,00","","101,90","","","","","","Généralement dégagé"
"1996-10-01 12:00","1996","10","01","12:00"," ","","","","","","","","","","","","","","","","","","",""
"1996-10-01 12:30","1996","10","01","12:30"," ","7,30","","0,50","","62,00","","25,00","","22,00","","25,00","","101,90","","","","","","Généralement dégagé"
"1996-10-01 13:00","1996","10","01","13:00"," ","","","","","","","","","","","","","","","","","","",""
"1996-10-01 13:30","1996","10","01","13:30"," ","7,50","","-0,30","","58,00","","25,00","","24,00","","25,00","","101,94","","","","","","Généralement dégagé"
"1996-10-01 14:00","1996","10","01","14:00"," ","","","","","","","","","","","","","","","","","","",""
"1996-10-01 14:30","1996","10","01","14:30"," ","8,00","","-0,50","","55,00","","25,00","","26,00","","25,00","","101,94","","","","","","Généralement dégagé"
"1996-10-01 15:00","1996","10","01","15:00"," ","","","","","","","","","","","","","","","","","","",""
"1996-10-01 16:00","1996","10","01","16:00"," ","","","","","","","","","","","","","","","","","","",""
"1996-10-01 17:00","1996","10","01","17:00"," ","","","","","","","","","","","","","","","","","","",""
"1996-10-01 18:00","1996","10","01","18:00"," ","","","","","","","","","","","","","","","","","","",""
"1996-10-01 19:00","1996","10","01","19:00"," ","","","","","","","","","","","","","","","","","","",""
"1996-10-01 20:00","1996","10","01","20:00"," ","","","","","","","","","","","","","","","","","","",""
"1996-10-01 21:00","1996","10","01","21:00"," ","","","","","","","","","","","","","","","","","","",""
"1996-10-01 22:00","1996","10","01","22:00"," ","","","","","","","","","","","","","","","","","","",""
"1996-10-01 23:00","1996","10","01","23:00"," ","","","","","","","","","","","","","","","","","","",""
"1996-10-02 00:00","1996","10","02","00:00"," ","","","","","","","","","","","","","","","","","","",""
"1996-10-02 01:00","1996","10","02","01:00"," ","","","","","","","","","","","","","","","","","","",""
"1996-10-02 02:00","1996","10","02","02:00"," ","","","","","","","","","","","","","","","","","","",""
"1996-10-02 03:00","1996","10","02","03:00"," ","","","","","","","","","","","","","","","","","","",""
"1996-10-02 03:30","1996","10","02","03:30"," ","7,20","","5,20","","87,00","","25,00","","22,00","","25,00","","102,17","","","","","","Généralement nuageux"
"1996-10-02 04:00","1996","10","02","04:00"," ","","","","","","","","","","","","","","","","","","",""
"1996-10-02 04:30","1996","10","02","04:30"," ","7,00","","5,00","","87,00","","24,00","","19,00","","25,00","","102,17","","","","","","Généralement dégagé"
"1996-10-02 05:00","1996","10","02","05:00"," ","","","","","","","","","","","","","","","","","","",""
"1996-10-02 05:30","1996","10","02","05:30"," ","5,50","","4,50","","93,00","","17,00","","9,00","","25,00","","102,14","","","","","","Généralement nuageux"
"1996-10-02 06:00","1996","10","02","06:00"," ","","","","","","","","","","","","","","","","","","",""
"1996-10-02 06:30","1996","10","02","06:30"," ","7,00","","5,00","","87,00","","18,00","","11,00","","25,00","","102,14","","","","","","Généralement nuageux"
"1996-10-02 07:00","1996","10","02","07:00"," ","","","","","","","","","","","","","","","","","","",""
"1996-10-02 07:30","1996","10","02","07:30"," ","7,00","","5,60","","91,00","","18,00","","11,00","","25,00","","102,11","","","","","","Généralement nuageux"
"1996-10-02 08:00","1996","10","02","08:00"," ","","","","","","","","","","","","","","","","","","",""
"1996-10-02 08:30","1996","10","02","08:30"," ","8,00","","5,00","","81,00","","18,00","","19,00","","25,00","","102,04","","","","","","Nuageux"
"1996-10-02 09:00","1996","10","02","09:00"," ","","","","","","","","","","","","","","","","","","",""
"1996-10-02 09:30","1996","10","02","09:30"," ","8,00","","3,90","","75,00","","19,00","","13,00","","25,00","","102,04","","","","","","Nuageux"
"1996-10-02 10:00","1996","10","02","10:00"," ","","","","","","","","","","","","","","","","","","",""
"1996-10-02 10:30","1996","10","02","10:30"," ","9,00","","3,90","","70,00","","16,00","","7,00","","25,00","","101,87","","","","","","Nuageux"
"1996-10-02 11:00","1996","10","02","11:00"," ","","","","","","","","","","","","","","","","","","",""
"1996-10-02 11:30","1996","10","02","11:30"," ","9,70","","5,30","","74,00","","18,00","","19,00","","25,00","","101,73","","","","","","Nuageux"
"1996-10-02 12:00","1996","10","02","12:00"," ","","","","","","","","","","","","","","","","","","",""
"1996-10-02 12:30","1996","10","02","12:30"," ","11,00","","7,20","","77,00","","20,00","","28,00","","25,00","","101,67","","","","","","Nuageux"
"1996-10-02 13:00","1996","10","02","13:00"," ","","","","","","","","","","","","","","","","","","",""
"1996-10-02 13:30","1996","10","02","13:30"," ","11,50","","7,80","","78,00","","20,00","","37,00","","25,00","","101,60","","","","","","Nuageux"
"1996-10-02 14:00","1996","10","02","14:00"," ","","","","","","","","","","","","","","","","","","",""
"1996-10-02 14:30","1996","10","02","14:30"," ","12,10","","8,60","","79,00","","21,00","","43,00","","25,00","","101,53","","","","","","Généralement nuageux"
"1996-10-02 15:00","1996","10","02","15:00"," ","","","","","","","","","","","","","","","","","","",""
"1996-10-02 16:00","1996","10","02","16:00"," ","","","","","","","","","","","","","","","","","","",""
"1996-10-02 17:00","1996","10","02","17:00"," ","","","","","","","","","","","","","","","","","","",""
"1996-10-02 18:00","1996","10","02","18:00"," ","","","","","","","","","","","","","","","","","","",""
"1996-10-02 19:00","1996","10","02","19:00"," ","","","","","","","","","","","","","","","","","","",""
"1996-10-02 20:00","1996","10","02","20:00"," ","","","","","","","","","","","","","","","","","","",""
"1996-10-02 21:00","1996","10","02","21:00"," ","","","","","","","","","","","","","","","","","","",""
"1996-10-02 22:00","1996","10","02","22:00"," ","","","","","","","","","","","","","","","","","","",""
"1996-10-02 23:00","1996","10","02","23:00"," ","","","","","","","","","","","","","","","","","","",""
"1996-10-03 00:00","1996","10","03","00:00"," ","","","","","","","","","","","","","","","","","","",""
"1996-10-03 01:00","1996","10","03","01:00"," ","","","","","","","","","","","","","","","","","","",""
"1996-10-03 02:00","1996","10","03","02:00"," ","","","","","","","","","","","","","","","","","","",""
"1996-10-03 03:00","1996","10","03","03:00"," ","","","","","","","","","","","","","","","","","","",""
"1996-10-03 03:30","1996","10","03","03:30"," ","13,60","","5,80","","59,00","","20,00","","37,00","","25,00","","101,16","","","","","","Dégagé"
"1996-10-03 04:00","1996","10","03","04:00"," ","","","","","","","","","","","","","","","","","","",""
"1996-10-03 04:30","1996","10","03","04:30"," ","14,00","","7,10","","63,00","","20,00","","32,00","","25,00","","101,13","","","","","","Dégagé"
"1996-10-03 05:00","1996","10","03","05:00"," ","","","","","","","","","","","","","","","","","","",""
"1996-10-03 05:30","1996","10","03","05:30"," ","15,00","","9,70","","71,00","","20,00","","28,00","","25,00","","101,09","","","","","","Généralement dégagé"
"1996-10-03 06:00","1996","10","03","06:00"," ","","","","","","","","","","","","","","","","","","",""
"1996-10-03 06:30","1996","10","03","06:30"," ","15,50","","9,30","","67,00","","20,00","","37,00","","25,00","","101,03","","","","","","Généralement nuageux"
"1996-10-03 07:00","1996","10","03","07:00"," ","","","","","","","","","","","","","","","","","","",""
"1996-10-03 07:30","1996","10","03","07:30"," ","16,50","","9,50","","63,00","","18,00","","43,00","","25,00","","100,96","","","","","","Généralement dégagé"
"1996-10-03 08:00","1996","10","03","08:00"," ","","","","","","","","","","","","","","","","","","",""
"1996-10-03 08:30","1996","10","03","08:30"," ","16,00","","7,90","","59,00","","18,00","","46,00","","25,00","","100,96","","","","","","Généralement nuageux"
"1996-10-03 09:00","1996","10","03","09:00"," ","","","","","","","","","","","","","","","","","","",""
"1996-10-03 09:30","1996","10","03","09:30"," ","18,00","","7,20","","49,00","","18,00","","33,00","","25,00","","100,82","","","","","","Généralement dégagé"
"1996-10-03 10:00","1996","10","03","10:00"," ","","","","","","","","","","","","","","","","","","",""
"1996-10-03 10:30","1996","10","03","10:30"," ","19,50","","9,10","","51,00","","18,00","","37,00","","25,00","","100,79","","","","","","Généralement nuageux"
"1996-10-03 11:00","1996","10","03","11:00"," ","","","","","","","","","","","","","","","","","","",""
"1996-10-03 11:30","1996","10","03","11:30"," ","19,50","","10,20","","55,00","","18,00","","37,00","","25,00","","100,69","","","","","","Généralement nuageux"
"1996-10-03 12:00","1996","10","03","12:00"," ","","","","","","","","","","","","","","","","","","",""
"1996-10-03 12:30","1996","10","03","12:30"," ","19,50","","10,80","","57,00","","18,00","","37,00","","25,00","","100,65","","","","","","Généralement nuageux"
"1996-10-03 13:00","1996","10","03","13:00"," ","","","","","","","","","","","","","","","","","","",""
"1996-10-03 13:30","1996","10","03","13:30"," ","20,00","","10,80","","55,00","","19,00","","46,00","","25,00","","100,48","","","","","","Généralement nuageux"
"1996-10-03 14:00","1996","10","03","14:00"," ","","","","","","","","","","","","","","","","","","",""
"1996-10-03 14:30","1996","10","03","14:30"," ","19,20","","10,40","","57,00","","21,00","","32,00","","25,00","","100,45","","","","","","Généralement nuageux"
"1996-10-03 15:00","1996","10","03","15:00"," ","","","","","","","","","","","","","","","","","","",""
"1996-10-03 16:00","1996","10","03","16:00"," ","","","","","","","","","","","","","","","","","","",""
"1996-10-03 17:00","1996","10","03","17:00"," ","","","","","","","","","","","","","","","","","","",""
"1996-10-03 18:00","1996","10","03","18:00"," ","","","","","","","","","","","","","","","","","","",""
"1996-10-03 19:00","1996","10","03","19:00"," ","","","","","","","","","","","","","","","","","","",""
"1996-10-03 20:00","1996","10","03","20:00"," ","","","","","","","","","","","","","","","","","","",""
"1996-10-03 21:00","1996","10","03","21:00"," ","","","","","","","","","","","","","","","","","","",""
"1996-10-03 22:00","1996","10","03","22:00"," ","","","","","","","","","","","","","","","","","","",""
"1996-10-03 23:00","1996","10","03","23:00"," ","","","","","","","","","","","","","","","","","","",""
"1996-10-04 00:00","1996","10","04","00:00"," ","","","","","","","","","","","","","","","","","","",""
"1996-10-04 01:00","1996","10","04","01:00"," ","","","","","","","","","","","","","","","","","","",""
"1996-10-04 02:00","1996","10","04","02:00"," ","","","","","","","","","","","","","","","","","","",""
"1996-10-04 03:00","1996","10","04","03:00"," ","","","","","","","","","","","","","","","","","","",""
"1996-10-04 03:30","1996","10","04","03:30"," ","5,40","","2,30","","80,00","","35,00","","19,00","","25,00","","101,23","","","","","","Généralement nuageux"
"1996-10-04 04:00","1996","10","04","04:00"," ","","","","","","","","","","","","","","","","","","",""
"1996-10-04 04:30","1996","10","04","04:30"," ","5,20","","2,10","","80,00","","36,00","","13,00","","25,00","","101,30","","","","","","Généralement nuageux"
"1996-10-04 05:00","1996","10","04","05:00"," ","","","","","","","","","","","","","","","","","","",""
"1996-10-04 05:30","1996","10","04","05:30"," ","5,00","","1,40","","78,00","","36,00","","19,00","","25,00","","101,36","","","","","","Généralement nuageux"
"1996-10-04 06:00","1996","10","04","06:00"," ","","","","","","","","","","","","","","","","","","",""
"1996-10-04 06:30","1996","10","04","06:30"," ","4,70","","1,30","","79,00","","1,00","","19,00","","25,00","","101,46","","","","","","Généralement nuageux"
"1996-10-04 07:00","1996","10","04","07:00"," ","","","","","","","","","","","","","","","","","","",""
"1996-10-04 07:30","1996","10","04","07:30"," ","5,00","","1,60","","79,00","","36,00","","19,00","","25,00","","101,57","","","","","","Généralement nuageux"
"1996-10-04 08:00","1996","10","04","08:00"," ","","","","","","","","","","","","","","","","","","",""
"1996-10-04 08:30","1996","10","04","08:30"," ","5,30","","1,70","","78,00","","1,00","","19,00","","25,00","","101,60","","","","","","Généralement nuageux"
"1996-10-04 09:00","1996","10","04","09:00"," ","","","","","","","","","","","","","","","","","","",""
"1996-10-04 09:30","1996","10","04","09:30"," ","6,00","","2,00","","75,00","","36,00","","15,00","","25,00","","101,60","","","","","","Nuageux"
"1996-10-04 10:00","1996","10","04","10:00"," ","","","","","","","","","","","","","","","","","","",""
"1996-10-04 10:30","1996","10","04","10:30"," ","6,40","","2,50","","76,00","","36,00","","19,00","","25,00","","101,63","","","","","","Nuageux"
"1996-10-04 11:00","1996","10","04","11:00"," ","","","","","","","","","","","","","","","","","","",""
"1996-10-04 11:30","1996","10","04","11:30"," ","6,80","","2,50","","74,00","","36,00","","15,00","","25,00","","101,67","","","","","","Généralement nuageux"
"1996-10-04 12:00","1996","10","04","12:00"," ","","","","","","","","","","","","","","","","","","",""
"1996-10-04 12:30","1996","10","04","12:30"," ","6,60","","2,20","","73,00","","36,00","","15,00","","25,00","","101,67","","","","","","Généralement nuageux"
"1996-10-04 13:00","1996","10","04","13:00"," ","","","","","","","","","","","","","","","","","","",""
"1996-10-04 13:30","1996","10","04","13:30"," ","6,80","","3,00","","77,00","","33,00","","9,00","","25,00","","101,67","","","","","","Généralement nuageux"
"1996-10-04 14:00","1996","10","04","14:00"," ","","","","","","","","","","","","","","","","","","",""
"1996-10-04 14:30","1996","10","04","14:30"," ","5,40","","3,90","","90,00","","34,00","","7,00","","25,00","","101,67","","","","","","Généralement nuageux"
"1996-10-04 15:00","1996","10","04","15:00"," ","","","","","","","","","","","","","","","","","","",""
"1996-10-04 16:00","1996","10","04","16:00"," ","","","","","","","","","","","","","","","","","","",""
"1996-10-04 17:00","1996","10","04","17:00"," ","","","","","","","","","","","","","","","","","","",""
"1996-10-04 18:00","1996","10","04","18:00"," ","","","","","","","","","","","","","","","","","","",""
"1996-10-04 19:00","1996","10","04","19:00"," ","","","","","","","","","","","","","","","","","","",""
"1996-10-04 20:00","1996","10","04","20:00"," ","","","","","","","","","","","","","","","","","","",""
"1996-10-04 21:00","1996","10","04","21:00"," ","","","","","","","","","","","","","","","","","","",""
"1996-10-04 22:00","1996","10","04","22:00"," ","","","","","","","","","","","","","","","","","","",""
"1996-10-04 23:00","1996","10","04","23:00"," ","","","","","","","","","","","","","","","","","","",""
"1996-10-05 00:00","1996","10","05","00:00"," ","","","","","","","","","","","","","","","","","","",""
"1996-10-05 01:00","1996","10","05","01:00"," ","","","","","","","","","","","","","","","","","","",""
"1996-10-05 02:00","1996","10","05","02:00"," ","","","","","","","","","","","","","","","","","","",""
"1996-10-05 03:00","1996","10","05","03:00"," ","","","","","","","","","","","","","","","","","","",""
"1996-10-05 03:30","1996","10","05","03:30"," ","4,00","","2,90","","93,00","","0,00","","0,00","","25,00","","102,31","","","","","","Généralement nuageux"
"1996-10-05 04:00","1996","10","05","04:00"," ","","","","","","","","","","","","","","","","","","",""
"1996-10-05 04:30","1996","10","05","04:30"," ","5,60","","4,30","","91,00","","35,00","","19,00","","25,00","","102,38","","","","","","Généralement nuageux"
"1996-10-05 05:00","1996","10","05","05:00"," ","","","","","","","","","","","","","","","","","","",""
"1996-10-05 06:00","1996","10","05","06:00"," ","","","","","","","","","","","","","","","","","","",""
"1996-10-05 06:30","1996","10","05","06:30"," ","5,20","","2,60","","83,00","","36,00","","20,00","","25,00","","101,90","","","","","","Généralement nuageux"
"1996-10-05 07:00","1996","10","05","07:00"," ","","","","","","","","","","","","","","","","","","",""
"1996-10-05 07:30","1996","10","05","07:30"," ","5,00","","2,80","","86,00","","33,00","","22,00","","25,00","","101,97","","","","","","Généralement nuageux"
"1996-10-05 08:00","1996","10","05","08:00"," ","","","","","","","","","","","","","","","","","","",""
"1996-10-05 08:30","1996","10","05","08:30"," ","5,50","","2,90","","83,00","","33,00","","22,00","","25,00","","102,07","","","","","","Généralement nuageux"
"1996-10-05 09:00","1996","10","05","09:00"," ","","","","","","","","","","","","","","","","","","",""
"1996-10-05 09:30","1996","10","05","09:30"," ","5,30","","2,90","","84,00","","36,00","","19,00","","25,00","","102,17","","","","","","Généralement nuageux"
"1996-10-05 10:00","1996","10","05","10:00"," ","","","","","","","","","","","","","","","","","","",""
"1996-10-05 10:30","1996","10","05","10:30"," ","5,00","","2,80","","86,00","","36,00","","19,00","","25,00","","102,24","","","","","","Nuageux"
"1996-10-05 11:00","1996","10","05","11:00"," ","","","","","","","","","","","","","","","","","","",""
"1996-10-05 11:30","1996","10","05","11:30"," ","5,00","","2,80","","86,00","","35,00","","9,00","","25,00","","102,31","","","","","","Nuageux"
"1996-10-05 12:00","1996","10","05","12:00"," ","","","","","","","","","","","","","","","","","","",""
"1996-10-05 13:00","1996","10","05","13:00"," ","","","","","","","","","","","","","","","","","","",""
"1996-10-05 13:30","1996","10","05","13:30"," ","6,00","","2,00","","75,00","","30,00","","13,00","","25,00","","102,34","","","","","","Généralement nuageux"
"1996-10-05 14:00","1996","10","05","14:00"," ","","","","","","","","","","","","","","","","","","",""
"1996-10-05 14:30","1996","10","05","14:30"," ","6,50","","2,60","","76,00","","30,00","","9,00","","25,00","","102,41","","","","","","Généralement nuageux"
"1996-10-05 15:00","1996","10","05","15:00"," ","","","","","","","","","","","","","","","","","","",""
"1996-10-05 16:00","1996","10","05","16:00"," ","","","","","","","","","","","","","","","","","","",""
"1996-10-05 17:00","1996","10","05","17:00"," ","","","","","","","","","","","","","","","","","","",""
"1996-10-05 18:00","1996","10","05","18:00"," ","","","","","","","","","","","","","","","","","","",""
"1996-10-05 19:00","1996","10","05","19:00"," ","","","","","","","","","","","","","","","","","","",""
"1996-10-05 20:00","1996","10","05","20:00"," ","","","","","","","","","","","","","","","","","","",""
"1996-10-05 21:00","1996","10","05","21:00"," ","","","","","","","","","","","","","","","","","","",""
"1996-10-05 22:00","1996","10","05","22:00"," ","","","","","","","","","","","","","","","","","","",""
"1996-10-05 23:00","1996","10","05","23:00"," ","","","","","","","","","","","","","","","","","","",""
"1996-10-06 00:00","1996","10","06","00:00"," ","","","","","","","","","","","","","","","","","","",""
"1996-10-06 01:00","1996","10","06","01:00"," ","","","","","","","","","","","","","","","","","","",""
"1996-10-06 02:00","1996","10","06","02:00"," ","","","","","","","","","","","","","","","","","","",""
"1996-10-06 03:00","1996","10","06","03:00"," ","","","","","","","","","","","","","","","","","","",""
"1996-10-06 03:30","1996","10","06","03:30"," ","6,50","","4,40","","86,00","","24,00","","46,00","","25,00","","102,65","","","","","","Généralement nuageux"
"1996-10-06 04:00","1996","10","06","04:00"," ","","","","","","","","","","","","","","","","","","",""
"1996-10-06 04:30","1996","10","06","04:30"," ","6,50","","3,50","","81,00","","24,00","","33,00","","25,00","","102,65","","","","","","Généralement nuageux"
"1996-10-06 05:00","1996","10","06","05:00"," ","","","","","","","","","","","","","","","","","","",""
"1996-10-06 05:30","1996","10","06","05:30"," ","6,60","","3,90","","83,00","","24,00","","30,00","","25,00","","102,65","","","","","","Généralement nuageux"
"1996-10-06 06:00","1996","10","06","06:00"," ","","","","","","","","","","","","","","","","","","",""
"1996-10-06 06:30","1996","10","06","06:30"," ","6,80","","3,00","","77,00","","24,00","","32,00","","25,00","","102,58","","","","","","Généralement dégagé"
"1996-10-06 07:00","1996","10","06","07:00"," ","","","","","","","","","","","","","","","","","","",""
"1996-10-06 07:30","1996","10","06","07:30"," ","7,20","","4,10","","81,00","","23,00","","28,00","","25,00","","102,51","","","","","","Nuageux"
"1996-10-06 08:00","1996","10","06","08:00"," ","","","","","","","","","","","","","","","","","","",""
"1996-10-06 08:30","1996","10","06","08:30"," ","8,00","","4,30","","77,00","","24,00","","30,00","","25,00","","102,44","","","","","","Nuageux"
"1996-10-06 09:00","1996","10","06","09:00"," ","","","","","","","","","","","","","","","","","","",""
"1996-10-06 09:30","1996","10","06","09:30"," ","8,70","","4,90","","77,00","","24,00","","33,00","","25,00","","102,41","","","","","","Nuageux"
"1996-10-06 10:00","1996","10","06","10:00"," ","","","","","","","","","","","","","","","","","","",""
"1996-10-06 10:30","1996","10","06","10:30"," ","10,00","","5,70","","75,00","","23,00","","37,00","","25,00","","102,34","","","","","","Généralement nuageux"
"1996-10-06 11:00","1996","10","06","11:00"," ","","","","","","","","","","","","","","","","","","",""
"1996-10-06 11:30","1996","10","06","11:30"," ","9,50","","5,60","","77,00","","23,00","","37,00","","25,00","","102,28","","","","","","Généralement nuageux"
"1996-10-06 12:00","1996","10","06","12:00"," ","","","","","","","","","","","","","","","","","","",""
"1996-10-06 12:30","1996","10","06","12:30"," ","10,00","","6,10","","77,00","","23,00","","41,00","","25,00","","102,14","","","","","","Nuageux"
"1996-10-06 13:00","1996","10","06","13:00"," ","","","","","","","","","","","","","","","","","","",""
"1996-10-06 13:30","1996","10","06","13:30"," ","10,00","","6,10","","77,00","","22,00","","52,00","","25,00","","102,04","","","","","","Nuageux"
"1996-10-06 14:00","1996","10","06","14:00"," ","","","","","","","","","","","","","","","","","","",""
"1996-10-06 14:30","1996","10","06","14:30"," ","9,80","","4,10","","68,00","","22,00","","50,00","","25,00","","102,01","","","","","","Nuageux"
"1996-10-06 15:00","1996","10","06","15:00"," ","","","","","","","","","","","","","","","","","","",""
"1996-10-06 16:00","1996","10","06","16:00"," ","","","","","","","","","","","","","","","","","","",""
"1996-10-06 17:00","1996","10","06","17:00"," ","","","","","","","","","","","","","","","","","","",""
"1996-10-06 18:00","1996","10","06","18:00"," ","","","","","","","","","","","","","","","","","","",""
"1996-10-06 19:00","1996","10","06","19:00"," ","","","","","","","","","","","","","","","","","","",""
"1996-10-06 20:00","1996","10","06","20:00"," ","","","","","","","","","","","","","","","","","","",""
"1996-10-06 21:00","1996","10","06","21:00"," ","","","","","","","","","","","","","","","","","","",""
"1996-10-06 22:00","1996","10","06","22:00"," ","","","","","","","","","","","","","","","","","","",""
"1996-10-06 23:00","1996","10","06","23:00"," ","","","","","","","","","","","","","","","","","","",""
"1996-10-07 00:00","1996","10","07","00:00"," ","","","","","","","","","","","","","","","","","","",""
"1996-10-07 01:00","1996","10","07","01:00"," ","","","","","","","","","","","","","","","","","","",""
"1996-10-07 02:00","1996","10","07","02:00"," ","","","","","","","","","","","","","","","","","","",""
"1996-10-07 03:00","1996","10","07","03:00"," ","","","","","","","","","","","","","","","","","","",""
"1996-10-07 03:30","1996","10","07","03:30"," ","9,20","","7,70","","90,00","","21,00","","46,00","","25,00","","101,50","","","","","","Généralement dégagé"
"1996-10-07 04:00","1996","10","07","04:00"," ","","","","","","","","","","","","","","","","","","",""
"1996-10-07 04:30","1996","10","07","04:30"," ","9,30","","7,40","","88,00","","21,00","","46,00","","25,00","","101,43","","","","","","Généralement nuageux"
"1996-10-07 05:00","1996","10","07","05:00"," ","","","","","","","","","","","","","","","","","","",""
"1996-10-07 05:30","1996","10","07","05:30"," ","9,50","","7,20","","86,00","","20,00","","46,00","","25,00","","101,46","","","","","","Nuageux"
"1996-10-07 06:00","1996","10","07","06:00"," ","","","","","","","","","","","","","","","","","","",""
"1996-10-07 06:30","1996","10","07","06:30"," ","9,20","","6,90","","86,00","","21,00","","46,00","","25,00","","101,46","","","","","","Nuageux"
"1996-10-07 07:00","1996","10","07","07:00"," ","","","","","","","","","","","","","","","","","","",""
"1996-10-07 07:30","1996","10","07","07:30"," ","9,30","","7,00","","86,00","","21,00","","46,00","","25,00","","101,50","","","","","","Généralement nuageux"
"1996-10-07 08:00","1996","10","07","08:00"," ","","","","","","","","","","","","","","","","","","",""
"1996-10-07 08:30","1996","10","07","08:30"," ","9,60","","7,30","","86,00","","21,00","","37,00","","25,00","","101,46","","","","","","Nuageux"
"1996-10-07 09:00","1996","10","07","09:00"," ","","","","","","","","","","","","","","","","","","",""
"1996-10-07 09:30","1996","10","07","09:30"," ","9,60","","7,30","","86,00","","21,00","","37,00","","25,00","","101,60","","","","","","Nuageux"
"1996-10-07 10:00","1996","10","07","10:00"," ","","","","","","","","","","","","","","","","","","",""
"1996-10-07 10:30","1996","10","07","10:30"," ","9,70","","7,40","","86,00","","21,00","","41,00","","25,00","","101,60","","","","","","Nuageux"
"1996-10-07 11:00","1996","10","07","11:00"," ","","","","","","","","","","","","","","","","","","",""
"1996-10-07 11:30","1996","10","07","11:30"," ","9,70","","7,40","","86,00","","20,00","","32,00","","25,00","","101,63","","","","","","Nuageux"
"1996-10-07 12:00","1996","10","07","12:00"," ","","","","","","","","","","","","","","","","","","",""
"1996-10-07 12:30","1996","10","07","12:30"," ","10,20","","8,00","","86,00","","21,00","","32,00","","16,10","","101,60","","","","","","Nuageux"
"1996-10-07 13:00","1996","10","07","13:00"," ","","","","","","","","","","","","","","","","","","",""
"1996-10-07 13:30","1996","10","07","13:30"," ","10,60","","8,00","","84,00","","20,00","","35,00","","24,10","","101,57","","","","","","Généralement nuageux"
"1996-10-07 14:00","1996","10","07","14:00"," ","","","","","","","","","","","","","","","","","","",""
"1996-10-07 14:30","1996","10","07","14:30"," ","9,80","","7,90","","88,00","","21,00","","32,00","","19,30","","101,60","","","","","","Nuageux"
"1996-10-07 15:00","1996","10","07","15:00"," ","","","","","","","","","","","","","","","","","","",""
"1996-10-07 16:00","1996","10","07","16:00"," ","","","","","","","","","","","","","","","","","","",""
"1996-10-07 17:00","1996","10","07","17:00"," ","","","","","","","","","","","","","","","","","","",""
"1996-10-07 18:00","1996","10","07","18:00"," ","","","","","","","","","","","","","","","","","","",""
"1996-10-07 19:00","1996","10","07","19:00"," ","","","","","","","","","","","","","","","","","","",""
"1996-10-07 20:00","1996","10","07","20:00"," ","","","","","","","","","","","","","","","","","","",""
"1996-10-07 21:00","1996","10","07","21:00"," ","","","","","","","","","","","","","","","","","","",""
"1996-10-07 22:00","1996","10","07","22:00"," ","","","","","","","","","","","","","","","","","","",""
"1996-10-07 23:00","1996","10","07","23:00"," ","","","","","","","","","","","","","","","","","","",""
"1996-10-08 00:00","1996","10","08","00:00"," ","","","","","","","","","","","","","","","","","","",""
"1996-10-08 01:00","1996","10","08","01:00"," ","","","","","","","","","","","","","","","","","","",""
"1996-10-08 02:00","1996","10","08","02:00"," ","","","","","","","","","","","","","","","","","","",""
"1996-10-08 03:00","1996","10","08","03:00"," ","","","","","","","","","","","","","","","","","","",""
"1996-10-08 03:30","1996","10","08","03:30"," ","8,50","","5,50","","81,00","","12,00","","6,00","","25,00","","101,60","","","","","","Généralement nuageux"
"1996-10-08 04:00","1996","10","08","04:00"," ","","","","","","","","","","","","","","","","","","",""
"1996-10-08 04:30","1996","10","08","04:30"," ","7,00","","6,00","","93,00","","12,00","","13,00","","25,00","","101,57","","","","","","Généralement nuageux"
"1996-10-08 05:00","1996","10","08","05:00"," ","","","","","","","","","","","","","","","","","","",""
"1996-10-08 05:30","1996","10","08","05:30"," ","7,50","","5,50","","87,00","","15,00","","20,00","","25,00","","101,43","","","","","","Généralement nuageux"
"1996-10-08 06:00","1996","10","08","06:00"," ","","","","","","","","","","","","","","","","","","",""
"1996-10-08 06:30","1996","10","08","06:30"," ","8,00","","6,00","","87,00","","12,00","","9,00","","25,00","","101,43","","","","","","Généralement dégagé"
"1996-10-08 07:00","1996","10","08","07:00"," ","","","","","","","","","","","","","","","","","","",""
"1996-10-08 07:30","1996","10","08","07:30"," ","8,50","","6,60","","88,00","","14,00","","17,00","","25,00","","101,43","","","","","","Généralement dégagé"
"1996-10-08 08:00","1996","10","08","08:00"," ","","","","","","","","","","","","","","","","","","",""
"1996-10-08 08:30","1996","10","08","08:30"," ","9,60","","6,50","","81,00","","14,00","","22,00","","25,00","","101,36","","","","","","Généralement nuageux"
"1996-10-08 09:00","1996","10","08","09:00"," ","","","","","","","","","","","","","","","","","","",""
"1996-10-08 09:30","1996","10","08","09:30"," ","9,50","","6,00","","79,00","","14,00","","13,00","","25,00","","101,33","","","","","","Généralement nuageux"
"1996-10-08 10:00","1996","10","08","10:00"," ","","","","","","","","","","","","","","","","","","",""
"1996-10-08 10:30","1996","10","08","10:30"," ","10,30","","6,90","","79,00","","15,00","","13,00","","25,00","","101,30","","","","","","Généralement nuageux"
"1996-10-08 11:00","1996","10","08","11:00"," ","","","","","","","","","","","","","","","","","","",""
"1996-10-08 11:30","1996","10","08","11:30"," ","11,00","","7,20","","77,00","","15,00","","9,00","","25,00","","101,19","","","","","","Nuageux"
"1996-10-08 12:00","1996","10","08","12:00"," ","","","","","","","","","","","","","","","","","","",""
"1996-10-08 12:30","1996","10","08","12:30"," ","10,70","","6,50","","75,00","","0,00","","0,00","","25,00","","101,16","","","","","","Généralement nuageux"
"1996-10-08 13:00","1996","10","08","13:00"," ","","","","","","","","","","","","","","","","","","",""
"1996-10-08 13:30","1996","10","08","13:30"," ","10,50","","6,70","","77,00","","19,00","","6,00","","25,00","","101,09","","","","","","Nuageux"
"1996-10-08 14:00","1996","10","08","14:00"," ","","","","","","","","","","","","","","","","","","",""
"1996-10-08 14:30","1996","10","08","14:30"," ","11,50","","6,80","","73,00","","20,00","","9,00","","25,00","","101,06","","","","","","Nuageux"
"1996-10-08 15:00","1996","10","08","15:00"," ","","","","","","","","","","","","","","","","","","",""
"1996-10-08 16:00","1996","10","08","16:00"," ","","","","","","","","","","","","","","","","","","",""
"1996-10-08 17:00","1996","10","08","17:00"," ","","","","","","","","","","","","","","","","","","",""
"1996-10-08 18:00","1996","10","08","18:00"," ","","","","","","","","","","","","","","","","","","",""
"1996-10-08 19:00","1996","10","08","19:00"," ","","","","","","","","","","","","","","","","","","",""
"1996-10-08 20:00","1996","10","08","20:00"," ","","","","","","","","","","","","","","","","","","",""
"1996-10-08 21:00","1996","10","08","21:00"," ","","","","","","","","","","","","","","","","","","",""
"1996-10-08 22:00","1996","10","08","22:00"," ","","","","","","","","","","","","","","","","","","",""
"1996-10-08 23:00","1996","10","08","23:00"," ","","","","","","","","","","","","","","","","","","",""
"1996-10-09 00:00","1996","10","09","00:00"," ","","","","","","","","","","","","","","","","","","",""
"1996-10-09 01:00","1996","10","09","01:00"," ","","","","","","","","","","","","","","","","","","",""
"1996-10-09 02:00","1996","10","09","02:00"," ","","","","","","","","","","","","","","","","","","",""
"1996-10-09 03:00","1996","10","09","03:00"," ","","","","","","","","","","","","","","","","","","",""
"1996-10-09 03:30","1996","10","09","03:30"," ","8,00","","7,00","","93,00","","36,00","","17,00","","16,10","","101,13","","","","","","Nuageux"
"1996-10-09 04:00","1996","10","09","04:00"," ","","","","","","","","","","","","","","","","","","",""
"1996-10-09 04:30","1996","10","09","04:30"," ","7,30","","6,70","","96,00","","36,00","","19,00","","16,10","","101,16","","","","","","Nuageux"
"1996-10-09 05:00","1996","10","09","05:00"," ","","","","","","","","","","","","","","","","","","",""
"1996-10-09 05:30","1996","10","09","05:30"," ","6,50","","5,90","","96,00","","4,00","","6,00","","16,10","","101,16","","","","","","Nuageux"
"1996-10-09 06:00","1996","10","09","06:00"," ","","","","","","","","","","","","","","","","","","",""
"1996-10-09 06:30","1996","10","09","06:30"," ","6,50","","6,10","","97,00","","0,00","","0,00","","16,10","","101,16","","","","","","Nuageux"
"1996-10-09 07:00","1996","10","09","07:00"," ","","","","","","","","","","","","","","","","","","",""
"1996-10-09 07:30","1996","10","09","07:30"," ","6,50","","5,90","","96,00","","0,00","","0,00","","16,10","","101,16","","","","","","Nuageux"
"1996-10-09 08:00","1996","10","09","08:00"," ","","","","","","","","","","","","","","","","","","",""
"1996-10-09 08:30","1996","10","09","08:30"," ","7,60","","6,40","","92,00","","0,00","","0,00","","25,00","","101,13","","","","","","Nuageux"
"1996-10-09 09:00","1996","10","09","09:00"," ","","","","","","","","","","","","","","","","","","",""
"1996-10-09 09:30","1996","10","09","09:30"," ","8,50","","7,50","","93,00","","0,00","","0,00","","25,00","","101,13","","","","","","Nuageux"
"1996-10-09 10:00","1996","10","09","10:00"," ","","","","","","","","","","","","","","","","","","",""
"1996-10-09 10:30","1996","10","09","10:30"," ","8,00","","7,00","","93,00","","12,00","","13,00","","25,00","","100,99","","","","","","Nuageux"
"1996-10-09 11:00","1996","10","09","11:00"," ","","","","","","","","","","","","","","","","","","",""
"1996-10-09 11:30","1996","10","09","11:30"," ","9,00","","5,60","","79,00","","12,00","","9,00","","25,00","","100,96","","","","","","Nuageux"
"1996-10-09 12:00","1996","10","09","12:00"," ","","","","","","","","","","","","","","","","","","",""
"1996-10-09 12:30","1996","10","09","12:30"," ","9,00","","5,40","","78,00","","13,00","","17,00","","25,00","","100,89","","","","","","Nuageux"
"1996-10-09 13:00","1996","10","09","13:00"," ","","","","","","","","","","","","","","","","","","",""
"1996-10-09 13:30","1996","10","09","13:30"," ","8,50","","5,50","","81,00","","12,00","","7,00","","25,00","","100,79","","","","","","Nuageux"
"1996-10-09 14:00","1996","10","09","14:00"," ","","","","","","","","","","","","","","","","","","",""
"1996-10-09 14:30","1996","10","09","14:30"," ","8,50","","5,50","","81,00","","12,00","","19,00","","25,00","","100,65","","","","","","Nuageux"
"1996-10-09 15:00","1996","10","09","15:00"," ","","","","","","","","","","","","","","","","","","",""
"1996-10-09 16:00","1996","10","09","16:00"," ","","","","","","","","","","","","","","","","","","",""
"1996-10-09 17:00","1996","10","09","17:00"," ","","","","","","","","","","","","","","","","","","",""
"1996-10-09 18:00","1996","10","09","18:00"," ","","","","","","","","","","","","","","","","","","",""
"1996-10-09 19:00","1996","10","09","19:00"," ","","","","","","","","","","","","","","","","","","",""
"1996-10-09 20:00","1996","10","09","20:00"," ","","","","","","","","","","","","","","","","","","",""
"1996-10-09 21:00","1996","10","09","21:00"," ","","","","","","","","","","","","","","","","","","",""
"1996-10-09 22:00","1996","10","09","22:00"," ","","","","","","","","","","","","","","","","","","",""
"1996-10-09 23:00","1996","10","09","23:00"," ","","","","","","","","","","","","","","","","","","",""
"1996-10-10 00:00","1996","10","10","00:00"," ","","","","","","","","","","","","","","","","","","",""
"1996-10-10 01:00","1996","10","10","01:00"," ","","","","","","","","","","","","","","","","","","",""
"1996-10-10 02:00","1996","10","10","02:00"," ","","","","","","","","","","","","","","","","","","",""
"1996-10-10 03:00","1996","10","10","03:00"," ","","","","","","","","","","","","","","","","","","",""
"1996-10-10 03:30","1996","10","10","03:30"," ","5,30","","4,90","","97,00","","3,00","","22,00","","19,30","","98,79","","","","","","Pluie"
"1996-10-10 04:00","1996","10","10","04:00"," ","","","","","","","","","","","","","","","","","","",""
"1996-10-10 04:30","1996","10","10","04:30"," ","5,20","","4,80","","97,00","","2,00","","22,00","","19,30","","98,76","","","","","","Pluie"
"1996-10-10 05:00","1996","10","10","05:00"," ","","","","","","","","","","","","","","","","","","",""
"1996-10-10 05:30","1996","10","10","05:30"," ","5,20","","4,80","","97,00","","2,00","","24,00","","19,30","","98,76","","","","","","Nuageux"
"1996-10-10 06:00","1996","10","10","06:00"," ","","","","","","","","","","","","","","","","","","",""
"1996-10-10 06:30","1996","10","10","06:30"," ","5,20","","4,80","","97,00","","2,00","","19,00","","12,90","","98,83","","","","","","Pluie"
"1996-10-10 07:00","1996","10","10","07:00"," ","","","","","","","","","","","","","","","","","","",""
"1996-10-10 07:30","1996","10","10","07:30"," ","5,70","","5,30","","97,00","","2,00","","30,00","","12,90","","98,96","","","","","","Pluie"
"1996-10-10 08:00","1996","10","10","08:00"," ","","","","","","","","","","","","","","","","","","",""
"1996-10-10 08:30","1996","10","10","08:30"," ","6,50","","6,10","","97,00","","2,00","","30,00","","12,90","","99,10","","","","","","Pluie"
"1996-10-10 09:00","1996","10","10","09:00"," ","","","","","","","","","","","","","","","","","","",""
"1996-10-10 09:30","1996","10","10","09:30"," ","6,00","","6,00","","100,00","","34,00","","32,00","","12,90","","99,27","","","","","","Pluie"
"1996-10-10 10:00","1996","10","10","10:00"," ","","","","","","","","","","","","","","","","","","",""
"1996-10-10 10:30","1996","10","10","10:30"," ","5,40","","5,40","","100,00","","36,00","","37,00","","12,90","","99,44","","","","","","Pluie"
"1996-10-10 11:00","1996","10","10","11:00"," ","","","","","","","","","","","","","","","","","","",""
"1996-10-10 11:30","1996","10","10","11:30"," ","5,00","","4,60","","97,00","","36,00","","33,00","","12,90","","99,50","","","","","","Pluie"
"1996-10-10 12:00","1996","10","10","12:00"," ","","","","","","","","","","","","","","","","","","",""
"1996-10-10 12:30","1996","10","10","12:30"," ","6,50","","4,90","","89,00","","35,00","","28,00","","16,10","","99,81","","","","","","Nuageux"
"1996-10-10 13:00","1996","10","10","13:00"," ","","","","","","","","","","","","","","","","","","",""
"1996-10-10 13:30","1996","10","10","13:30"," ","7,00","","5,00","","87,00","","32,00","","19,00","","16,10","","99,94","","","","","","Nuageux"
"1996-10-10 14:00","1996","10","10","14:00"," ","","","","","","","","","","","","","","","","","","",""
"1996-10-10 14:30","1996","10","10","14:30"," ","7,20","","4,80","","85,00","","33,00","","20,00","","24,10","","100,01","","","","","","Généralement nuageux"
"1996-10-10 15:00","1996","10","10","15:00"," ","","","","","","","","","","","","","","","","","","",""
"1996-10-10 16:00","1996","10","10","16:00"," ","","","","","","","","","","","","","","","","","","",""
"1996-10-10 17:00","1996","10","10","17:00"," ","","","","","","","","","","","","","","","","","","",""
"1996-10-10 18:00","1996","10","10","18:00"," ","","","","","","","","","","","","","","","","","","",""
"1996-10-10 19:00","1996","10","10","19:00"," ","","","","","","","","","","","","","","","","","","",""
"1996-10-10 20:00","1996","10","10","20:00"," ","","","","","","","","","","","","","","","","","","",""
"1996-10-10 21:00","1996","10","10","21:00"," ","","","","","","","","","","","","","","","","","","",""
"1996-10-10 22:00","1996","10","10","22:00"," ","","","","","","","","","","","","","","","","","","",""
"1996-10-10 23:00","1996","10","10","23:00"," ","","","","","","","","","","","","","","","","","","",""
"1996-10-11 00:00","1996","10","11","00:00"," ","","","","","","","","","","","","","","","","","","",""
"1996-10-11 01:00","1996","10","11","01:00"," ","","","","","","","","","","","","","","","","","","",""
"1996-10-11 02:00","1996","10","11","02:00"," ","","","","","","","","","","","","","","","","","","",""
"1996-10-11 03:00","1996","10","11","03:00"," ","","","","","","","","","","","","","","","","","","",""
"1996-10-11 03:30","1996","10","11","03:30"," ","7,90","","7,10","","95,00","","22,00","","6,00","","25,00","","100,32","","","","","","Nuageux"
"1996-10-11 04:00","1996","10","11","04:00"," ","","","","","","","","","","","","","","","","","","",""
"1996-10-11 04:30","1996","10","11","04:30"," ","7,40","","7,20","","99,00","","18,00","","6,00","","16,10","","100,25","","","","","","Pluie"
"1996-10-11 05:00","1996","10","11","05:00"," ","","","","","","","","","","","","","","","","","","",""
"1996-10-11 05:30","1996","10","11","05:30"," ","7,30","","6,90","","97,00","","19,00","","6,00","","16,10","","100,25","","","","","","Pluie"
"1996-10-11 06:00","1996","10","11","06:00"," ","","","","","","","","","","","","","","","","","","",""
"1996-10-11 06:30","1996","10","11","06:30"," ","7,40","","7,40","","100,00","","0,00","","0,00","","3,20","","100,25","","","","","","Pluie,Brouillard"
"1996-10-11 07:00","1996","10","11","07:00"," ","","","","","","","","","","","","","","","","","","",""
"1996-10-11 07:30","1996","10","11","07:30"," ","7,50","","7,50","","100,00","","0,00","","0,00","","3,20","","100,21","","","","","","Pluie,Brouillard"
"1996-10-11 08:00","1996","10","11","08:00"," ","","","","","","","","","","","","","","","","","","",""
"1996-10-11 08:30","1996","10","11","08:30"," ","7,80","","7,80","","100,00","","0,00","","0,00","","3,20","","100,21","","","","","","Pluie,Brouillard"
"1996-10-11 09:00","1996","10","11","09:00"," ","","","","","","","","","","","","","","","","","","",""
"1996-10-11 09:30","1996","10","11","09:30"," ","7,60","","7,60","","100,00","","0,00","","0,00","","3,20","","100,15","","","","","","Pluie,Brouillard"
"1996-10-11 10:00","1996","10","11","10:00"," ","","","","","","","","","","","","","","","","","","",""
"1996-10-11 10:30","1996","10","11","10:30"," ","7,50","","7,50","","100,00","","36,00","","19,00","","3,20","","100,11","","","","","","Pluie,Brouillard"
"1996-10-11 11:00","1996","10","11","11:00"," ","","","","","","","","","","","","","","","","","","",""
"1996-10-11 11:30","1996","10","11","11:30"," ","6,70","","6,70","","100,00","","36,00","","22,00","","3,20","","100,15","","","","","","Pluie,Brouillard"
"1996-10-11 12:00","1996","10","11","12:00"," ","","","","","","","","","","","","","","","","","","",""
"1996-10-11 12:30","1996","10","11","12:30"," ","6,70","","6,70","","100,00","","36,00","","19,00","","3,20","","100,18","","","","","","Pluie,Brouillard"
"1996-10-11 13:00","1996","10","11","13:00"," ","","","","","","","","","","","","","","","","","","",""
"1996-10-11 13:30","1996","10","11","13:30"," ","6,60","","6,60","","100,00","","35,00","","13,00","","12,90","","100,25","","","","","","Pluie"
"1996-10-11 14:00","1996","10","11","14:00"," ","","","","","","","","","","","","","","","","","","",""
"1996-10-11 14:30","1996","10","11","14:30"," ","6,60","","6,40","","99,00","","31,00","","13,00","","12,90","","100,32","","","","","","Pluie"
"1996-10-11 15:00","1996","10","11","15:00"," ","","","","","","","","","","","","","","","","","","",""
"1996-10-11 16:00","1996","10","11","16:00"," ","","","","","","","","","","","","","","","","","","",""
"1996-10-11 17:00","1996","10","11","17:00"," ","","","","","","","","","","","","","","","","","","",""
"1996-10-11 18:00","1996","10","11","18:00"," ","","","","","","","","","","","","","","","","","","",""
"1996-10-11 19:00","1996","10","11","19:00"," ","","","","","","","","","","","","","","","","","","",""
"1996-10-11 20:00","1996","10","11","20:00"," ","","","","","","","","","","","","","","","","","","",""
"1996-10-11 21:00","1996","10","11","21:00"," ","","","","","","","","","","","","","","","","","","",""
"1996-10-11 22:00","1996","10","11","22:00"," ","","","","","","","","","","","","","","","","","","",""
"1996-10-11 23:00","1996","10","11","23:00"," ","","","","","","","","","","","","","","","","","","",""
"1996-10-12 00:00","1996","10","12","00:00"," ","","","","","","","","","","","","","","","","","","",""
"1996-10-12 01:00","1996","10","12","01:00"," ","","","","","","","","","","","","","","","","","","",""
"1996-10-12 02:00","1996","10","12","02:00"," ","","","","","","","","","","","","","","","","","","",""
"1996-10-12 03:00","1996","10","12","03:00"," ","","","","","","","","","","","","","","","","","","",""
"1996-10-12 03:30","1996","10","12","03:30"," ","4,00","","2,90","","93,00","","24,00","","28,00","","16,10","","101,23","","","","","","Nuageux"
"1996-10-12 04:00","1996","10","12","04:00"," ","","","","","","","","","","","","","","","","","","",""
"1996-10-12 04:30","1996","10","12","04:30"," ","4,50","","-0,20","","71,00","","27,00","","22,00","","25,00","","101,30","","","","","","Généralement dégagé"
"1996-10-12 05:00","1996","10","12","05:00"," ","","","","","","","","","","","","","","","","","","",""
"1996-10-12 05:30","1996","10","12","05:30"," ","4,60","","0,90","","77,00","","24,00","","19,00","","25,00","","101,30","","","","","","Généralement nuageux"
"1996-10-12 06:00","1996","10","12","06:00"," ","","","","","","","","","","","","","","","","","","",""
"1996-10-12 06:30","1996","10","12","06:30"," ","5,50","","1,00","","73,00","","22,00","","28,00","","25,00","","101,23","","","","","","Généralement nuageux"
"1996-10-12 07:00","1996","10","12","07:00"," ","","","","","","","","","","","","","","","","","","",""
"1996-10-12 07:30","1996","10","12","07:30"," ","5,50","","-0,40","","66,00","","24,00","","28,00","","25,00","","101,30","","","","","","Généralement nuageux"
"1996-10-12 08:00","1996","10","12","08:00"," ","","","","","","","","","","","","","","","","","","",""
"1996-10-12 08:30","1996","10","12","08:30"," ","6,30","","2,90","","79,00","","24,00","","33,00","","25,00","","101,33","","","","","","Généralement nuageux"
"1996-10-12 09:00","1996","10","12","09:00"," ","","","","","","","","","","","","","","","","","","",""
"1996-10-12 09:30","1996","10","12","09:30"," ","7,00","","2,70","","74,00","","23,00","","37,00","","25,00","","101,23","","","","","","Généralement nuageux"
"1996-10-12 10:00","1996","10","12","10:00"," ","","","","","","","","","","","","","","","","","","",""
"1996-10-12 10:30","1996","10","12","10:30"," ","8,00","","4,50","","79,00","","21,00","","33,00","","25,00","","101,13","","","","","","Nuageux"
"1996-10-12 11:00","1996","10","12","11:00"," ","","","","","","","","","","","","","","","","","","",""
"1996-10-12 11:30","1996","10","12","11:30"," ","7,70","","3,50","","75,00","","21,00","","37,00","","25,00","","101,13","","","","","","Généralement nuageux"
"1996-10-12 12:00","1996","10","12","12:00"," ","","","","","","","","","","","","","","","","","","",""
"1996-10-12 12:30","1996","10","12","12:30"," ","7,50","","3,30","","75,00","","23,00","","37,00","","25,00","","101,13","","","","","","Nuageux"
"1996-10-12 13:00","1996","10","12","13:00"," ","","","","","","","","","","","","","","","","","","",""
"1996-10-12 13:30","1996","10","12","13:30"," ","7,50","","3,30","","75,00","","23,00","","37,00","","25,00","","101,13","","","","","","Généralement nuageux"
"1996-10-12 14:00","1996","10","12","14:00"," ","","","","","","","","","","","","","","","","","","",""
"1996-10-12 14:30","1996","10","12","14:30"," ","7,40","","3,40","","76,00","","23,00","","37,00","","25,00","","101,09","","","","","","Généralement nuageux"
"1996-10-12 15:00","1996","10","12","15:00"," ","","","","","","","","","","","","","","","","","","",""
"1996-10-12 16:00","1996","10","12","16:00"," ","","","","","","","","","","","","","","","","","","",""
"1996-10-12 17:00","1996","10","12","17:00"," ","","","","","","","","","","","","","","","","","","",""
"1996-10-12 18:00","1996","10","12","18:00"," ","","","","","","","","","","","","","","","","","","",""
"1996-10-12 19:00","1996","10","12","19:00"," ","","","","","","","","","","","","","","","","","","",""
"1996-10-12 20:00","1996","10","12","20:00"," ","","","","","","","","","","","","","","","","","","",""
"1996-10-12 21:00","1996","10","12","21:00"," ","","","","","","","","","","","","","","","","","","",""
"1996-10-12 22:00","1996","10","12","22:00"," ","","","","","","","","","","","","","","","","","","",""
"1996-10-12 23:00","1996","10","12","23:00"," ","","","","","","","","","","","","","","","","","","",""
"1996-10-13 00:00","1996","10","13","00:00"," ","","","","","","","","","","","","","","","","","","",""
"1996-10-13 01:00","1996","10","13","01:00"," ","","","","","","","","","","","","","","","","","","",""
"1996-10-13 02:00","1996","10","13","02:00"," ","","","","","","","","","","","","","","","","","","",""
"1996-10-13 03:00","1996","10","13","03:00"," ","","","","","","","","","","","","","","","","","","",""
"1996-10-13 03:30","1996","10","13","03:30"," ","0,60","","-2,90","","77,00","","6,00","","7,00","","25,00","","101,67","","","","","","Dégagé"
"1996-10-13 04:00","1996","10","13","04:00"," ","","","","","","","","","","","","","","","","","","",""
"1996-10-13 04:30","1996","10","13","04:30"," ","0,50","","-3,40","","75,00","","6,00","","6,00","","25,00","","101,73","","","","","","Dégagé"
"1996-10-13 05:00","1996","10","13","05:00"," ","","","","","","","","","","","","","","","","","","",""
"1996-10-13 05:30","1996","10","13","05:30"," ","-1,30","","-3,10","","88,00","","4,00","","7,00","","25,00","","101,80","","","","-4,00","","Généralement nuageux"
"1996-10-13 06:00","1996","10","13","06:00"," ","","","","","","","","","","","","","","","","","","",""
"1996-10-13 06:30","1996","10","13","06:30"," ","-1,00","","-2,70","","88,00","","4,00","","7,00","","25,00","","101,84","","","","-4,00","","Généralement nuageux"
"1996-10-13 07:00","1996","10","13","07:00"," ","","","","","","","","","","","","","","","","","","",""
"1996-10-13 07:30","1996","10","13","07:30"," ","-0,90","","-2,60","","88,00","","5,00","","7,00","","25,00","","101,97","","","","-3,00","","Généralement nuageux"
"1996-10-13 08:00","1996","10","13","08:00"," ","","","","","","","","","","","","","","","","","","",""
"1996-10-13 08:30","1996","10","13","08:30"," ","2,60","","-1,90","","72,00","","4,00","","7,00","","25,00","","102,01","","","","","","Généralement dégagé"
"1996-10-13 09:00","1996","10","13","09:00"," ","","","","","","","","","","","","","","","","","","",""
"1996-10-13 09:30","1996","10","13","09:30"," ","4,00","","-2,80","","61,00","","3,00","","7,00","","25,00","","102,04","","","","","","Généralement dégagé"
"1996-10-13 10:00","1996","10","13","10:00"," ","","","","","","","","","","","","","","","","","","",""
"1996-10-13 10:30","1996","10","13","10:30"," ","4,60","","-2,40","","60,00","","3,00","","11,00","","25,00","","102,07","","","","","","Généralement dégagé"
"1996-10-13 11:00","1996","10","13","11:00"," ","","","","","","","","","","","","","","","","","","",""
"1996-10-13 11:30","1996","10","13","11:30"," ","4,50","","-3,70","","55,00","","34,00","","4,00","","25,00","","102,07","","","","","","Généralement dégagé"
"1996-10-13 12:00","1996","10","13","12:00"," ","","","","","","","","","","","","","","","","","","",""
"1996-10-13 12:30","1996","10","13","12:30"," ","4,80","","-3,70","","54,00","","35,00","","13,00","","25,00","","102,04","","","","","","Généralement dégagé"
"1996-10-13 13:00","1996","10","13","13:00"," ","","","","","","","","","","","","","","","","","","",""
"1996-10-13 13:30","1996","10","13","13:30"," ","4,50","","-4,40","","52,00","","33,00","","7,00","","25,00","","102,01","","","","","","Généralement nuageux"
"1996-10-13 14:00","1996","10","13","14:00"," ","","","","","","","","","","","","","","","","","","",""
"1996-10-13 14:30","1996","10","13","14:30"," ","4,00","","-2,80","","61,00","","36,00","","6,00","","25,00","","101,97","","","","","","Nuageux"
"1996-10-13 15:00","1996","10","13","15:00"," ","","","","","","","","","","","","","","","","","","",""
"1996-10-13 16:00","1996","10","13","16:00"," ","","","","","","","","","","","","","","","","","","",""
"1996-10-13 17:00","1996","10","13","17:00"," ","","","","","","","","","","","","","","","","","","",""
"1996-10-13 18:00","1996","10","13","18:00"," ","","","","","","","","","","","","","","","","","","",""
"1996-10-13 19:00","1996","10","13","19:00"," ","","","","","","","","","","","","","","","","","","",""
"1996-10-13 20:00","1996","10","13","20:00"," ","","","","","","","","","","","","","","","","","","",""
"1996-10-13 21:00","1996","10","13","21:00"," ","","","","","","","","","","","","","","","","","","",""
"1996-10-13 22:00","1996","10","13","22:00"," ","","","","","","","","","","","","","","","","","","",""
"1996-10-13 23:00","1996","10","13","23:00"," ","","","","","","","","","","","","","","","","","","",""
"1996-10-14 00:00","1996","10","14","00:00"," ","","","","","","","","","","","","","","","","","","",""
"1996-10-14 01:00","1996","10","14","01:00"," ","","","","","","","","","","","","","","","","","","",""
"1996-10-14 02:00","1996","10","14","02:00"," ","","","","","","","","","","","","","","","","","","",""
"1996-10-14 03:00","1996","10","14","03:00"," ","","","","","","","","","","","","","","","","","","",""
"1996-10-14 03:30","1996","10","14","03:30"," ","-1,00","","-3,30","","84,00","","0,00","","0,00","","25,00","","101,46","","","","","","Généralement dégagé"
"1996-10-14 04:00","1996","10","14","04:00"," ","","","","","","","","","","","","","","","","","","",""
"1996-10-14 04:30","1996","10","14","04:30"," ","-1,00","","-3,30","","84,00","","0,00","","0,00","","25,00","","101,40","","","","","","Généralement dégagé"
"1996-10-14 05:00","1996","10","14","05:00"," ","","","","","","","","","","","","","","","","","","",""
"1996-10-14 05:30","1996","10","14","05:30"," ","0,00","","-1,50","","90,00","","0,00","","0,00","","25,00","","101,33","","","","","","Généralement dégagé"
"1996-10-14 06:00","1996","10","14","06:00"," ","","","","","","","","","","","","","","","","","","",""
"1996-10-14 06:30","1996","10","14","06:30"," ","0,50","","-1,20","","88,00","","0,00","","0,00","","25,00","","101,30","","","","","","Généralement nuageux"
"1996-10-14 07:00","1996","10","14","07:00"," ","","","","","","","","","","","","","","","","","","",""
"1996-10-14 07:30","1996","10","14","07:30"," ","0,70","","-1,10","","88,00","","0,00","","0,00","","25,00","","101,23","","","","","","Généralement nuageux"
"1996-10-14 08:00","1996","10","14","08:00"," ","","","","","","","","","","","","","","","","","","",""
"1996-10-14 08:30","1996","10","14","08:30"," ","2,50","","-3,50","","65,00","","0,00","","0,00","","25,00","","101,16","","","","","","Nuageux"
"1996-10-14 09:00","1996","10","14","09:00"," ","","","","","","","","","","","","","","","","","","",""
"1996-10-14 09:30","1996","10","14","09:30"," ","4,30","","-1,30","","67,00","","0,00","","0,00","","25,00","","101,09","","","","","","Nuageux"
"1996-10-14 10:00","1996","10","14","10:00"," ","","","","","","","","","","","","","","","","","","",""
"1996-10-14 10:30","1996","10","14","10:30"," ","5,00","","-1,00","","65,00","","9,00","","7,00","","25,00","","100,89","","","","","","Nuageux"
"1996-10-14 11:00","1996","10","14","11:00"," ","","","","","","","","","","","","","","","","","","",""
"1996-10-14 11:30","1996","10","14","11:30"," ","6,50","","2,60","","76,00","","12,00","","9,00","","25,00","","100,75","","","","","","Nuageux"
"1996-10-14 12:00","1996","10","14","12:00"," ","","","","","","","","","","","","","","","","","","",""
"1996-10-14 12:30","1996","10","14","12:30"," ","7,30","","3,50","","77,00","","12,00","","19,00","","25,00","","100,62","","","","","","Nuageux"
"1996-10-14 13:00","1996","10","14","13:00"," ","","","","","","","","","","","","","","","","","","",""
"1996-10-14 13:30","1996","10","14","13:30"," ","7,60","","3,20","","74,00","","14,00","","26,00","","25,00","","100,48","","","","","","Nuageux"
"1996-10-14 14:00","1996","10","14","14:00"," ","","","","","","","","","","","","","","","","","","",""
"1996-10-14 14:30","1996","10","14","14:30"," ","8,50","","3,30","","70,00","","14,00","","26,00","","25,00","","100,38","","","","","","Nuageux"
"1996-10-14 15:00","1996","10","14","15:00"," ","","","","","","","","","","","","","","","","","","",""
"1996-10-14 16:00","1996","10","14","16:00"," ","","","","","","","","","","","","","","","","","","",""
"1996-10-14 17:00","1996","10","14","17:00"," ","","","","","","","","","","","","","","","","","","",""
"1996-10-14 18:00","1996","10","14","18:00"," ","","","","","","","","","","","","","","","","","","",""
"1996-10-14 19:00","1996","10","14","19:00"," ","","","","","","","","","","","","","","","","","","",""
"1996-10-14 20:00","1996","10","14","20:00"," ","","","","","","","","","","","","","","","","","","",""
"1996-10-14 21:00","1996","10","14","21:00"," ","","","","","","","","","","","","","","","","","","",""
"1996-10-14 22:00","1996","10","14","22:00"," ","","","","","","","","","","","","","","","","","","",""
"1996-10-14 23:00","1996","10","14","23:00"," ","","","","","","","","","","","","","","","","","","",""
"1996-10-15 00:00","1996","10","15","00:00"," ","","","","","","","","","","","","","","","","","","",""
"1996-10-15 01:00","1996","10","15","01:00"," ","","","","","","","","","","","","","","","","","","",""
"1996-10-15 02:00","1996","10","15","02:00"," ","","","","","","","","","","","","","","","","","","",""
"1996-10-15 03:00","1996","10","15","03:00"," ","","","","","","","","","","","","","","","","","","",""
"1996-10-15 03:30","1996","10","15","03:30"," ","8,60","","7,10","","90,00","","15,00","","28,00","","12,90","","98,66","","","","","","Pluie"
"1996-10-15 04:00","1996","10","15","04:00"," ","","","","","","","","","","","","","","","","","","",""
"1996-10-15 04:30","1996","10","15","04:30"," ","8,80","","6,90","","88,00","","15,00","","19,00","","12,90","","98,56","","","","","","Pluie"
"1996-10-15 05:00","1996","10","15","05:00"," ","","","","","","","","","","","","","","","","","","",""
"1996-10-15 05:30","1996","10","15","05:30"," ","9,00","","7,10","","88,00","","15,00","","19,00","","12,90","","98,42","","","","","","Pluie"
"1996-10-15 06:00","1996","10","15","06:00"," ","","","","","","","","","","","","","","","","","","",""
"1996-10-15 06:30","1996","10","15","06:30"," ","9,00","","6,70","","85,00","","13,00","","19,00","","25,00","","98,32","","","","","","Nuageux"
"1996-10-15 07:00","1996","10","15","07:00"," ","","","","","","","","","","","","","","","","","","",""
"1996-10-15 07:30","1996","10","15","07:30"," ","8,50","","7,40","","93,00","","21,00","","13,00","","24,10","","98,39","","","","","","Pluie"
"1996-10-15 08:00","1996","10","15","08:00"," ","","","","","","","","","","","","","","","","","","",""
"1996-10-15 08:30","1996","10","15","08:30"," ","8,00","","7,20","","95,00","","22,00","","22,00","","12,90","","98,35","","","","","","Pluie"
"1996-10-15 09:00","1996","10","15","09:00"," ","","","","","","","","","","","","","","","","","","",""
"1996-10-15 09:30","1996","10","15","09:30"," ","7,80","","7,00","","95,00","","20,00","","13,00","","12,90","","98,32","","","","","","Pluie"
"1996-10-15 10:00","1996","10","15","10:00"," ","","","","","","","","","","","","","","","","","","",""
"1996-10-15 10:30","1996","10","15","10:30"," ","7,00","","6,20","","95,00","","28,00","","13,00","","12,90","","98,22","","","","","","Pluie"
"1996-10-15 11:00","1996","10","15","11:00"," ","","","","","","","","","","","","","","","","","","",""
"1996-10-15 11:30","1996","10","15","11:30"," ","5,60","","4,80","","95,00","","23,00","","22,00","","4,80","","98,22","","","","","","Pluie modérée,Brouillard"
"1996-10-15 12:00","1996","10","15","12:00"," ","","","","","","","","","","","","","","","","","","",""
"1996-10-15 12:30","1996","10","15","12:30"," ","5,40","","4,60","","95,00","","24,00","","22,00","","4,80","","98,15","","","","","","Pluie modérée,Brouillard"
"1996-10-15 13:00","1996","10","15","13:00"," ","","","","","","","","","","","","","","","","","","",""
"1996-10-15 13:30","1996","10","15","13:30"," ","5,70","","3,60","","86,00","","21,00","","19,00","","19,30","","98,08","","","","","","Pluie"
"1996-10-15 14:00","1996","10","15","14:00"," ","","","","","","","","","","","","","","","","","","",""
"1996-10-15 14:30","1996","10","15","14:30"," ","5,50","","4,50","","93,00","","19,00","","17,00","","25,00","","98,02","","","","","","Nuageux"
"1996-10-15 15:00","1996","10","15","15:00"," ","","","","","","","","","","","","","","","","","","",""
"1996-10-15 16:00","1996","10","15","16:00"," ","","","","","","","","","","","","","","","","","","",""
"1996-10-15 17:00","1996","10","15","17:00"," ","","","","","","","","","","","","","","","","","","",""
"1996-10-15 18:00","1996","10","15","18:00"," ","","","","","","","","","","","","","","","","","","",""
"1996-10-15 19:00","1996","10","15","19:00"," ","","","","","","","","","","","","","","","","","","",""
"1996-10-15 20:00","1996","10","15","20:00"," ","","","","","","","","","","","","","","","","","","",""
"1996-10-15 21:00","1996","10","15","21:00"," ","","","","","","","","","","","","","","","","","","",""
"1996-10-15 22:00","1996","10","15","22:00"," ","","","","","","","","","","","","","","","","","","",""
"1996-10-15 23:00","1996","10","15","23:00"," ","","","","","","","","","","","","","","","","","","",""
"1996-10-16 00:00","1996","10","16","00:00"," ","","","","","","","","","","","","","","","","","","",""
"1996-10-16 01:00","1996","10","16","01:00"," ","","","","","","","","","","","","","","","","","","",""
"1996-10-16 02:00","1996","10","16","02:00"," ","","","","","","","","","","","","","","","","","","",""
"1996-10-16 03:00","1996","10","16","03:00"," ","","","","","","","","","","","","","","","","","","",""
"1996-10-16 03:30","1996","10","16","03:30"," ","3,00","","3,00","","100,00","","20,00","","22,00","","12,90","","98,49","","","","","","Nuageux"
"1996-10-16 04:00","1996","10","16","04:00"," ","","","","","","","","","","","","","","","","","","",""
"1996-10-16 04:30","1996","10","16","04:30"," ","3,00","","3,00","","100,00","","22,00","","28,00","","12,90","","98,49","","","","","","Bruine"
"1996-10-16 05:00","1996","10","16","05:00"," ","","","","","","","","","","","","","","","","","","",""
"1996-10-16 06:00","1996","10","16","06:00"," ","","","","","","","","","","","","","","","","","","",""
"1996-10-16 07:00","1996","10","16","07:00"," ","","","","","","","","","","","","","","","","","","",""
"1996-10-16 07:30","1996","10","16","07:30"," ","3,50","","3,10","","97,00","","24,00","","26,00","","16,10","","97,71","","","","","","Pluie"
"1996-10-16 08:00","1996","10","16","08:00"," ","","","","","","","","","","","","","","","","","","",""
"1996-10-16 08:30","1996","10","16","08:30"," ","4,00","","2,90","","93,00","","24,00","","26,00","","16,10","","97,71","","","","","","Pluie"
"1996-10-16 09:00","1996","10","16","09:00"," ","","","","","","","","","","","","","","","","","","",""
"1996-10-16 09:30","1996","10","16","09:30"," ","3,70","","3,30","","97,00","","24,00","","15,00","","12,90","","97,71","","","","","","Pluie"
"1996-10-16 10:00","1996","10","16","10:00"," ","","","","","","","","","","","","","","","","","","",""
"1996-10-16 10:30","1996","10","16","10:30"," ","4,50","","3,40","","93,00","","30,00","","19,00","","16,10","","97,75","","","","","","Nuageux"
"1996-10-16 11:00","1996","10","16","11:00"," ","","","","","","","","","","","","","","","","","","",""
"1996-10-16 11:30","1996","10","16","11:30"," ","5,00","","3,90","","93,00","","30,00","","22,00","","25,00","","97,95","","","","","","Nuageux"
"1996-10-16 12:00","1996","10","16","12:00"," ","","","","","","","","","","","","","","","","","","",""
"1996-10-16 12:30","1996","10","16","12:30"," ","6,00","","4,60","","91,00","","30,00","","22,00","","25,00","","97,95","","","","","","Généralement nuageux"
"1996-10-16 13:00","1996","10","16","13:00"," ","","","","","","","","","","","","","","","","","","",""
"1996-10-16 13:30","1996","10","16","13:30"," ","5,60","","3,20","","85,00","","28,00","","22,00","","25,00","","98,02","","","","","","Généralement nuageux"
"1996-10-16 14:00","1996","10","16","14:00"," ","","","","","","","","","","","","","","","","","","",""
"1996-10-16 14:30","1996","10","16","14:30"," ","5,40","","3,00","","84,00","","27,00","","22,00","","25,00","","98,05","","","","","","Averses de pluie"
"1996-10-16 15:00","1996","10","16","15:00"," ","","","","","","","","","","","","","","","","","","",""
"1996-10-16 16:00","1996","10","16","16:00"," ","","","","","","","","","","","","","","","","","","",""
"1996-10-16 17:00","1996","10","16","17:00"," ","","","","","","","","","","","","","","","","","","",""
"1996-10-16 18:00","1996","10","16","18:00"," ","","","","","","","","","","","","","","","","","","",""
"1996-10-16 19:00","1996","10","16","19:00"," ","","","","","","","","","","","","","","","","","","",""
"1996-10-16 20:00","1996","10","16","20:00"," ","","","","","","","","","","","","","","","","","","",""
"1996-10-16 21:00","1996","10","16","21:00"," ","","","","","","","","","","","","","","","","","","",""
"1996-10-16 22:00","1996","10","16","22:00"," ","","","","","","","","","","","","","","","","","","",""
"1996-10-16 23:00","1996","10","16","23:00"," ","","","","","","","","","","","","","","","","","","",""
"1996-10-17 00:00","1996","10","17","00:00"," ","","","","","","","","","","","","","","","","","","",""
"1996-10-17 01:00","1996","10","17","01:00"," ","","","","","","","","","","","","","","","","","","",""
"1996-10-17 02:00","1996","10","17","02:00"," ","","","","","","","","","","","","","","","","","","",""
"1996-10-17 03:00","1996","10","17","03:00"," ","","","","","","","","","","","","","","","","","","",""
"1996-10-17 03:30","1996","10","17","03:30"," ","3,00","","3,00","","100,00","","0,00","","0,00","","19,30","","98,86","","","","","","Nuageux"
"1996-10-17 04:00","1996","10","17","04:00"," ","","","","","","","","","","","","","","","","","","",""
"1996-10-17 04:30","1996","10","17","04:30"," ","3,20","","2,80","","97,00","","0,00","","0,00","","25,00","","99,03","","","","","","Nuageux"
"1996-10-17 05:00","1996","10","17","05:00"," ","","","","","","","","","","","","","","","","","","",""
"1996-10-17 05:30","1996","10","17","05:30"," ","4,50","","2,30","","86,00","","33,00","","20,00","","25,00","","99,10","","","","","","Nuageux"
"1996-10-17 06:00","1996","10","17","06:00"," ","","","","","","","","","","","","","","","","","","",""
"1996-10-17 06:30","1996","10","17","06:30"," ","4,20","","2,20","","87,00","","33,00","","22,00","","25,00","","99,10","","","","","","Nuageux"
"1996-10-17 07:00","1996","10","17","07:00"," ","","","","","","","","","","","","","","","","","","",""
"1996-10-17 07:30","1996","10","17","07:30"," ","4,50","","2,30","","86,00","","34,00","","19,00","","25,00","","99,10","","","","","","Généralement nuageux"
"1996-10-17 08:00","1996","10","17","08:00"," ","","","","","","","","","","","","","","","","","","",""
"1996-10-17 08:30","1996","10","17","08:30"," ","5,00","","1,60","","79,00","","33,00","","22,00","","25,00","","99,13","","","","","","Nuageux"
"1996-10-17 09:00","1996","10","17","09:00"," ","","","","","","","","","","","","","","","","","","",""
"1996-10-17 09:30","1996","10","17","09:30"," ","5,20","","1,40","","76,00","","32,00","","19,00","","25,00","","99,17","","","","","","Généralement nuageux"
"1996-10-17 10:00","1996","10","17","10:00"," ","","","","","","","","","","","","","","","","","","",""
"1996-10-17 10:30","1996","10","17","10:30"," ","4,60","","0,90","","77,00","","31,00","","19,00","","25,00","","99,17","","","","","","Nuageux"
"1996-10-17 11:00","1996","10","17","11:00"," ","","","","","","","","","","","","","","","","","","",""
"1996-10-17 11:30","1996","10","17","11:30"," ","5,00","","0,40","","72,00","","31,00","","26,00","","25,00","","99,17","","","","","","Nuageux"
"1996-10-17 12:00","1996","10","17","12:00"," ","","","","","","","","","","","","","","","","","","",""
"1996-10-17 12:30","1996","10","17","12:30"," ","4,60","","1,70","","81,00","","32,00","","28,00","","24,10","","99,13","","","","","","Pluie"
"1996-10-17 13:00","1996","10","17","13:00"," ","","","","","","","","","","","","","","","","","","",""
"1996-10-17 13:30","1996","10","17","13:30"," ","4,00","","2,90","","93,00","","33,00","","28,00","","24,10","","99,10","","","","","","Pluie"
"1996-10-17 14:00","1996","10","17","14:00"," ","","","","","","","","","","","","","","","","","","",""
"1996-10-17 14:30","1996","10","17","14:30"," ","4,50","","3,40","","93,00","","33,00","","28,00","","24,10","","99,10","","","","","","Pluie"
"1996-10-17 15:00","1996","10","17","15:00"," ","","","","","","","","","","","","","","","","","","",""
"1996-10-17 16:00","1996","10","17","16:00"," ","","","","","","","","","","","","","","","","","","",""
"1996-10-17 17:00","1996","10","17","17:00"," ","","","","","","","","","","","","","","","","","","",""
"1996-10-17 18:00","1996","10","17","18:00"," ","","","","","","","","","","","","","","","","","","",""
"1996-10-17 19:00","1996","10","17","19:00"," ","","","","","","","","","","","","","","","","","","",""
"1996-10-17 20:00","1996","10","17","20:00"," ","","","","","","","","","","","","","","","","","","",""
"1996-10-17 21:00","1996","10","17","21:00"," ","","","","","","","","","","","","","","","","","","",""
"1996-10-17 22:00","1996","10","17","22:00"," ","","","","","","","","","","","","","","","","","","",""
"1996-10-17 23:00","1996","10","17","23:00"," ","","","","","","","","","","","","","","","","","","",""
"1996-10-18 00:00","1996","10","18","00:00"," ","","","","","","","","","","","","","","","","","","",""
"1996-10-18 01:00","1996","10","18","01:00"," ","","","","","","","","","","","","","","","","","","",""
"1996-10-18 02:00","1996","10","18","02:00"," ","","","","","","","","","","","","","","","","","","",""
"1996-10-18 03:00","1996","10","18","03:00"," ","","","","","","","","","","","","","","","","","","",""
"1996-10-18 03:30","1996","10","18","03:30"," ","4,70","","2,50","","86,00","","2,00","","56,00","","25,00","","100,11","","","","","","Nuageux"
"1996-10-18 04:00","1996","10","18","04:00"," ","","","","","","","","","","","","","","","","","","",""
"1996-10-18 04:30","1996","10","18","04:30"," ","4,70","","2,50","","86,00","","2,00","","46,00","","25,00","","100,28","","","","","","Nuageux"
"1996-10-18 05:00","1996","10","18","05:00"," ","","","","","","","","","","","","","","","","","","",""
"1996-10-18 05:30","1996","10","18","05:30"," ","4,40","","2,20","","86,00","","2,00","","46,00","","12,90","","100,42","","","","","","Bruine"
"1996-10-18 06:00","1996","10","18","06:00"," ","","","","","","","","","","","","","","","","","","",""
"1996-10-18 06:30","1996","10","18","06:30"," ","4,20","","1,50","","83,00","","2,00","","32,00","","12,90","","100,55","","","","","","Bruine"
"1996-10-18 07:00","1996","10","18","07:00"," ","","","","","","","","","","","","","","","","","","",""
"1996-10-18 07:30","1996","10","18","07:30"," ","4,00","","3,00","","93,00","","3,00","","32,00","","25,00","","100,72","","","","","","Nuageux"
"1996-10-18 08:00","1996","10","18","08:00"," ","","","","","","","","","","","","","","","","","","",""
"1996-10-18 08:30","1996","10","18","08:30"," ","5,20","","2,10","","80,00","","2,00","","46,00","","25,00","","100,82","","","","","","Nuageux"
"1996-10-18 09:00","1996","10","18","09:00"," ","","","","","","","","","","","","","","","","","","",""
"1996-10-18 10:00","1996","10","18","10:00"," ","","","","","","","","","","","","","","","","","","",""
"1996-10-18 10:30","1996","10","18","10:30"," ","4,60","","0,70","","76,00","","2,00","","37,00","","25,00","","100,99","","","","","","Nuageux"
"1996-10-18 11:00","1996","10","18","11:00"," ","","","","","","","","","","","","","","","","","","",""
"1996-10-18 12:00","1996","10","18","12:00"," ","","","","","","","","","","","","","","","","","","",""
"1996-10-18 12:30","1996","10","18","12:30"," ","4,00","","0,30","","77,00","","1,00","","33,00","","25,00","","101,09","","","","","","Nuageux"
"1996-10-18 13:00","1996","10","18","13:00"," ","","","","","","","","","","","","","","","","","","",""
"1996-10-18 13:30","1996","10","18","13:30"," ","4,70","","0,30","","73,00","","1,00","","32,00","","25,00","","101,16","","","","","","Nuageux"
"1996-10-18 14:00","1996","10","18","14:00"," ","","","","","","","","","","","","","","","","","","",""
"1996-10-18 14:30","1996","10","18","14:30"," ","4,00","","-0,30","","74,00","","1,00","","24,00","","25,00","","101,16","","","","","","Nuageux"
"1996-10-18 15:00","1996","10","18","15:00"," ","","","","","","","","","","","","","","","","","","",""
"1996-10-18 16:00","1996","10","18","16:00"," ","","","","","","","","","","","","","","","","","","",""
"1996-10-18 17:00","1996","10","18","17:00"," ","","","","","","","","","","","","","","","","","","",""
"1996-10-18 18:00","1996","10","18","18:00"," ","","","","","","","","","","","","","","","","","","",""
"1996-10-18 19:00","1996","10","18","19:00"," ","","","","","","","","","","","","","","","","","","",""
"1996-10-18 20:00","1996","10","18","20:00"," ","","","","","","","","","","","","","","","","","","",""
"1996-10-18 21:00","1996","10","18","21:00"," ","","","","","","","","","","","","","","","","","","",""
"1996-10-18 22:00","1996","10","18","22:00"," ","","","","","","","","","","","","","","","","","","",""
"1996-10-18 23:00","1996","10","18","23:00"," ","","","","","","","","","","","","","","","","","","",""
"1996-10-19 00:00","1996","10","19","00:00"," ","","","","","","","","","","","","","","","","","","",""
"1996-10-19 01:00","1996","10","19","01:00"," ","","","","","","","","","","","","","","","","","","",""
"1996-10-19 02:00","1996","10","19","02:00"," ","","","","","","","","","","","","","","","","","","",""
"1996-10-19 03:00","1996","10","19","03:00"," ","","","","","","","","","","","","","","","","","","",""
"1996-10-19 04:00","1996","10","19","04:00"," ","","","","","","","","","","","","","","","","","","",""
"1996-10-19 05:00","1996","10","19","05:00"," ","","","","","","","","","","","","","","","","","","",""
"1996-10-19 06:00","1996","10","19","06:00"," ","","","","","","","","","","","","","","","","","","",""
"1996-10-19 06:30","1996","10","19","06:30"," ","2,50","","-1,20","","77,00","","36,00","","19,00","","25,00","","101,60","","","","","","Nuageux"
"1996-10-19 07:00","1996","10","19","07:00"," ","","","","","","","","","","","","","","","","","","",""
"1996-10-19 08:00","1996","10","19","08:00"," ","","","","","","","","","","","","","","","","","","",""
"1996-10-19 08:30","1996","10","19","08:30"," ","2,00","","-0,40","","84,00","","29,00","","9,00","","25,00","","101,67","","","","","","Nuageux"
"1996-10-19 09:00","1996","10","19","09:00"," ","","","","","","","","","","","","","","","","","","",""
"1996-10-19 09:30","1996","10","19","09:30"," ","3,00","","-2,00","","70,00","","29,00","","9,00","","25,00","","101,70","","","","","","Nuageux"
"1996-10-19 10:00","1996","10","19","10:00"," ","","","","","","","","","","","","","","","","","","",""
"1996-10-19 10:30","1996","10","19","10:30"," ","3,00","","-2,00","","70,00","","30,00","","11,00","","25,00","","101,70","","","","","","Nuageux"
"1996-10-19 11:00","1996","10","19","11:00"," ","","","","","","","","","","","","","","","","","","",""
"1996-10-19 11:30","1996","10","19","11:30"," ","2,70","","-1,50","","74,00","","33,00","","6,00","","25,00","","101,67","","","","","","Nuageux"
"1996-10-19 12:00","1996","10","19","12:00"," ","","","","","","","","","","","","","","","","","","",""
"1996-10-19 12:30","1996","10","19","12:30"," ","3,00","","-0,60","","77,00","","28,00","","9,00","","25,00","","101,63","","","","","","Généralement nuageux"
"1996-10-19 13:00","1996","10","19","13:00"," ","","","","","","","","","","","","","","","","","","",""
"1996-10-19 13:30","1996","10","19","13:30"," ","3,00","","-2,00","","70,00","","25,00","","13,00","","25,00","","101,63","","","","","","Généralement nuageux"
"1996-10-19 14:00","1996","10","19","14:00"," ","","","","","","","","","","","","","","","","","","",""
"1996-10-19 14:30","1996","10","19","14:30"," ","3,00","","-0,60","","77,00","","27,00","","19,00","","25,00","","101,63","","","","","","Nuageux"
"1996-10-19 15:00","1996","10","19","15:00"," ","","","","","","","","","","","","","","","","","","",""
"1996-10-19 16:00","1996","10","19","16:00"," ","","","","","","","","","","","","","","","","","","",""
"1996-10-19 17:00","1996","10","19","17:00"," ","","","","","","","","","","","","","","","","","","",""
"1996-10-19 18:00","1996","10","19","18:00"," ","","","","","","","","","","","","","","","","","","",""
"1996-10-19 19:00","1996","10","19","19:00"," ","","","","","","","","","","","","","","","","","","",""
"1996-10-19 20:00","1996","10","19","20:00"," ","","","","","","","","","","","","","","","","","","",""
"1996-10-19 21:00","1996","10","19","21:00"," ","","","","","","","","","","","","","","","","","","",""
"1996-10-19 22:00","1996","10","19","22:00"," ","","","","","","","","","","","","","","","","","","",""
"1996-10-19 23:00","1996","10","19","23:00"," ","","","","","","","","","","","","","","","","","","",""
"1996-10-20 00:00","1996","10","20","00:00"," ","","","","","","","","","","","","","","","","","","",""
"1996-10-20 01:00","1996","10","20","01:00"," ","","","","","","","","","","","","","","","","","","",""
"1996-10-20 02:00","1996","10","20","02:00"," ","","","","","","","","","","","","","","","","","","",""
"1996-10-20 03:00","1996","10","20","03:00"," ","","","","","","","","","","","","","","","","","","",""
"1996-10-20 03:30","1996","10","20","03:30"," ","-2,00","","-5,10","","79,00","","8,00","","9,00","","25,00","","101,67","","","","-5,00","","Dégagé"
"1996-10-20 04:00","1996","10","20","04:00"," ","","","","","","","","","","","","","","","","","","",""
"1996-10-20 04:30","1996","10","20","04:30"," ","-3,00","","-6,40","","77,00","","9,00","","7,00","","25,00","","102,04","","","","-6,00","","Dégagé"
"1996-10-20 05:00","1996","10","20","05:00"," ","","","","","","","","","","","","","","","","","","",""
"1996-10-20 05:30","1996","10","20","05:30"," ","-3,50","","-7,70","","73,00","","7,00","","17,00","","25,00","","102,11","","","","-9,00","","Dégagé"
"1996-10-20 06:00","1996","10","20","06:00"," ","","","","","","","","","","","","","","","","","","",""
"1996-10-20 06:30","1996","10","20","06:30"," ","-3,50","","-7,00","","77,00","","9,00","","6,00","","25,00","","102,28","","","","-6,00","","Dégagé"
"1996-10-20 07:00","1996","10","20","07:00"," ","","","","","","","","","","","","","","","","","","",""
"1996-10-20 07:30","1996","10","20","07:30"," ","-2,50","","-4,80","","84,00","","9,00","","4,00","","25,00","","102,34","","","","-4,00","","Généralement dégagé"
"1996-10-20 08:00","1996","10","20","08:00"," ","","","","","","","","","","","","","","","","","","",""
"1996-10-20 08:30","1996","10","20","08:30"," ","0,70","","-2,30","","80,00","","12,00","","6,00","","25,00","","102,44","","","","","","Généralement dégagé"
"1996-10-20 09:00","1996","10","20","09:00"," ","","","","","","","","","","","","","","","","","","",""
"1996-10-20 10:00","1996","10","20","10:00"," ","","","","","","","","","","","","","","","","","","",""
"1996-10-20 10:30","1996","10","20","10:30"," ","4,00","","-0,80","","71,00","","35,00","","4,00","","25,00","","102,48","","","","","","Généralement dégagé"
"1996-10-20 11:00","1996","10","20","11:00"," ","","","","","","","","","","","","","","","","","","",""
"1996-10-20 11:30","1996","10","20","11:30"," ","4,00","","-0,80","","71,00","","0,00","","0,00","","24,10","","102,51","","","","","","Généralement dégagé"
"1996-10-20 12:00","1996","10","20","12:00"," ","","","","","","","","","","","","","","","","","","",""
"1996-10-20 12:30","1996","10","20","12:30"," ","4,50","","-0,20","","71,00","","0,00","","0,00","","25,00","","102,51","","","","","","Généralement dégagé"
"1996-10-20 13:00","1996","10","20","13:00"," ","","","","","","","","","","","","","","","","","","",""
"1996-10-20 13:30","1996","10","20","13:30"," ","4,60","","-0,10","","72,00","","0,00","","0,00","","25,00","","102,51","","","","","","Généralement dégagé"
"1996-10-20 14:00","1996","10","20","14:00"," ","","","","","","","","","","","","","","","","","","",""
"1996-10-20 14:30","1996","10","20","14:30"," ","5,00","","-0,20","","69,00","","27,00","","6,00","","25,00","","102,55","","","","","","Généralement dégagé"
"1996-10-20 15:00","1996","10","20","15:00"," ","","","","","","","","","","","","","","","","","","",""
"1996-10-20 16:00","1996","10","20","16:00"," ","","","","","","","","","","","","","","","","","","",""
"1996-10-20 17:00","1996","10","20","17:00"," ","","","","","","","","","","","","","","","","","","",""
"1996-10-20 18:00","1996","10","20","18:00"," ","","","","","","","","","","","","","","","","","","",""
"1996-10-20 19:00","1996","10","20","19:00"," ","","","","","","","","","","","","","","","","","","",""
"1996-10-20 20:00","1996","10","20","20:00"," ","","","","","","","","","","","","","","","","","","",""
"1996-10-20 21:00","1996","10","20","21:00"," ","","","","","","","","","","","","","","","","","","",""
"1996-10-20 22:00","1996","10","20","22:00"," ","","","","","","","","","","","","","","","","","","",""
"1996-10-20 23:00","1996","10","20","23:00"," ","","","","","","","","","","","","","","","","","","",""
"1996-10-21 00:00","1996","10","21","00:00"," ","","","","","","","","","","","","","","","","","","",""
"1996-10-21 01:00","1996","10","21","01:00"," ","","","","","","","","","","","","","","","","","","",""
"1996-10-21 02:00","1996","10","21","02:00"," ","","","","","","","","","","","","","","","","","","",""
"1996-10-21 03:00","1996","10","21","03:00"," ","","","","","","","","","","","","","","","","","","",""
"1996-10-21 03:30","1996","10","21","03:30"," ","1,80","","0,60","","92,00","","18,00","","9,00","","25,00","","102,65","","","","","","Dégagé"
"1996-10-21 04:00","1996","10","21","04:00"," ","","","","","","","","","","","","","","","","","","",""
"1996-10-21 04:30","1996","10","21","04:30"," ","3,00","","1,40","","89,00","","18,00","","9,00","","25,00","","102,65","","","","","","Nuageux"
"1996-10-21 05:00","1996","10","21","05:00"," ","","","","","","","","","","","","","","","","","","",""
"1996-10-21 05:30","1996","10","21","05:30"," ","3,00","","1,20","","88,00","","19,00","","6,00","","25,00","","102,68","","","","","","Généralement nuageux"
"1996-10-21 06:00","1996","10","21","06:00"," ","","","","","","","","","","","","","","","","","","",""
"1996-10-21 06:30","1996","10","21","06:30"," ","3,00","","1,20","","88,00","","19,00","","13,00","","25,00","","102,65","","","","","","Généralement nuageux"
"1996-10-21 07:00","1996","10","21","07:00"," ","","","","","","","","","","","","","","","","","","",""
"1996-10-21 07:30","1996","10","21","07:30"," ","2,90","","1,50","","90,00","","18,00","","9,00","","25,00","","102,65","","","","","","Nuageux"
"1996-10-21 08:00","1996","10","21","08:00"," ","","","","","","","","","","","","","","","","","","",""
"1996-10-21 08:30","1996","10","21","08:30"," ","4,80","","3,10","","89,00","","18,00","","9,00","","25,00","","102,68","","","","","","Généralement nuageux"
"1996-10-21 09:00","1996","10","21","09:00"," ","","","","","","","","","","","","","","","","","","",""
"1996-10-21 09:30","1996","10","21","09:30"," ","6,00","","3,40","","83,00","","18,00","","13,00","","25,00","","102,68","","","","","","Généralement dégagé"
"1996-10-21 10:00","1996","10","21","10:00"," ","","","","","","","","","","","","","","","","","","",""
"1996-10-21 10:30","1996","10","21","10:30"," ","6,80","","3,90","","82,00","","18,00","","11,00","","25,00","","102,68","","","","","","Généralement dégagé"
"1996-10-21 11:00","1996","10","21","11:00"," ","","","","","","","","","","","","","","","","","","",""
"1996-10-21 11:30","1996","10","21","11:30"," ","7,40","","4,50","","82,00","","18,00","","13,00","","25,00","","102,68","","","","","","Généralement dégagé"
"1996-10-21 12:00","1996","10","21","12:00"," ","","","","","","","","","","","","","","","","","","",""
"1996-10-21 12:30","1996","10","21","12:30"," ","8,00","","4,80","","80,00","","22,00","","19,00","","25,00","","102,65","","","","","","Généralement dégagé"
"1996-10-21 13:00","1996","10","21","13:00"," ","","","","","","","","","","","","","","","","","","",""
"1996-10-21 13:30","1996","10","21","13:30"," ","8,00","","5,00","","81,00","","23,00","","15,00","","25,00","","102,65","","","","","","Généralement dégagé"
"1996-10-21 14:00","1996","10","21","14:00"," ","","","","","","","","","","","","","","","","","","",""
"1996-10-21 14:30","1996","10","21","14:30"," ","7,80","","4,80","","81,00","","22,00","","15,00","","25,00","","102,58","","","","","","Généralement dégagé"
"1996-10-21 15:00","1996","10","21","15:00"," ","","","","","","","","","","","","","","","","","","",""
"1996-10-21 16:00","1996","10","21","16:00"," ","","","","","","","","","","","","","","","","","","",""
"1996-10-21 17:00","1996","10","21","17:00"," ","","","","","","","","","","","","","","","","","","",""
"1996-10-21 18:00","1996","10","21","18:00"," ","","","","","","","","","","","","","","","","","","",""
"1996-10-21 19:00","1996","10","21","19:00"," ","","","","","","","","","","","","","","","","","","",""
"1996-10-21 20:00","1996","10","21","20:00"," ","","","","","","","","","","","","","","","","","","",""
"1996-10-21 21:00","1996","10","21","21:00"," ","","","","","","","","","","","","","","","","","","",""
"1996-10-21 22:00","1996","10","21","22:00"," ","","","","","","","","","","","","","","","","","","",""
"1996-10-21 23:00","1996","10","21","23:00"," ","","","","","","","","","","","","","","","","","","",""
"1996-10-22 00:00","1996","10","22","00:00"," ","","","","","","","","","","","","","","","","","","",""
"1996-10-22 01:00","1996","10","22","01:00"," ","","","","","","","","","","","","","","","","","","",""
"1996-10-22 02:00","1996","10","22","02:00"," ","","","","","","","","","","","","","","","","","","",""
"1996-10-22 03:00","1996","10","22","03:00"," ","","","","","","","","","","","","","","","","","","",""
"1996-10-22 03:30","1996","10","22","03:30"," ","6,00","","5,40","","96,00","","21,00","","13,00","","25,00","","102,41","","","","","","Nuageux"
"1996-10-22 04:00","1996","10","22","04:00"," ","","","","","","","","","","","","","","","","","","",""
"1996-10-22 04:30","1996","10","22","04:30"," ","6,30","","5,70","","96,00","","19,00","","7,00","","25,00","","102,41","","","","","","Nuageux"
"1996-10-22 05:00","1996","10","22","05:00"," ","","","","","","","","","","","","","","","","","","",""
"1996-10-22 05:30","1996","10","22","05:30"," ","6,10","","5,50","","96,00","","19,00","","6,00","","25,00","","102,31","","","","","","Nuageux"
"1996-10-22 06:00","1996","10","22","06:00"," ","","","","","","","","","","","","","","","","","","",""
"1996-10-22 06:30","1996","10","22","06:30"," ","6,20","","5,80","","97,00","","20,00","","9,00","","25,00","","102,28","","","","","","Nuageux"
"1996-10-22 07:00","1996","10","22","07:00"," ","","","","","","","","","","","","","","","","","","",""
"1996-10-22 07:30","1996","10","22","07:30"," ","6,20","","5,80","","97,00","","21,00","","15,00","","25,00","","102,28","","","","","","Nuageux"
"1996-10-22 08:00","1996","10","22","08:00"," ","","","","","","","","","","","","","","","","","","",""
"1996-10-22 08:30","1996","10","22","08:30"," ","6,70","","5,90","","95,00","","21,00","","15,00","","25,00","","102,24","","","","","","Nuageux"
"1996-10-22 09:00","1996","10","22","09:00"," ","","","","","","","","","","","","","","","","","","",""
"1996-10-22 09:30","1996","10","22","09:30"," ","7,20","","6,40","","95,00","","21,00","","17,00","","25,00","","102,24","","","","","","Nuageux"
"1996-10-22 10:00","1996","10","22","10:00"," ","","","","","","","","","","","","","","","","","","",""
"1996-10-22 10:30","1996","10","22","10:30"," ","7,50","","6,50","","93,00","","21,00","","19,00","","25,00","","102,24","","","","","","Nuageux"
"1996-10-22 11:00","1996","10","22","11:00"," ","","","","","","","","","","","","","","","","","","",""
"1996-10-22 11:30","1996","10","22","11:30"," ","8,00","","7,00","","93,00","","21,00","","20,00","","25,00","","102,24","","","","","","Nuageux"
"1996-10-22 12:00","1996","10","22","12:00"," ","","","","","","","","","","","","","","","","","","",""
"1996-10-22 12:30","1996","10","22","12:30"," ","7,90","","6,10","","88,00","","21,00","","20,00","","25,00","","102,17","","","","","","Nuageux"
"1996-10-22 13:00","1996","10","22","13:00"," ","","","","","","","","","","","","","","","","","","",""
"1996-10-22 14:00","1996","10","22","14:00"," ","","","","","","","","","","","","","","","","","","",""
"1996-10-22 14:30","1996","10","22","14:30"," ","8,00","","6,20","","88,00","","23,00","","9,00","","25,00","","102,14","","","","","","Nuageux"
"1996-10-22 15:00","1996","10","22","15:00"," ","","","","","","","","","","","","","","","","","","",""
"1996-10-22 16:00","1996","10","22","16:00"," ","","","","","","","","","","","","","","","","","","",""
"1996-10-22 17:00","1996","10","22","17:00"," ","","","","","","","","","","","","","","","","","","",""
"1996-10-22 18:00","1996","10","22","18:00"," ","","","","","","","","","","","","","","","","","","",""
"1996-10-22 19:00","1996","10","22","19:00"," ","","","","","","","","","","","","","","","","","","",""
"1996-10-22 20:00","1996","10","22","20:00"," ","","","","","","","","","","","","","","","","","","",""
"1996-10-22 21:00","1996","10","22","21:00"," ","","","","","","","","","","","","","","","","","","",""
"1996-10-22 22:00","1996","10","22","22:00"," ","","","","","","","","","","","","","","","","","","",""
"1996-10-22 23:00","1996","10","22","23:00"," ","","","","","","","","","","","","","","","","","","",""
"1996-10-23 00:00","1996","10","23","00:00"," ","","","","","","","","","","","","","","","","","","",""
"1996-10-23 01:00","1996","10","23","01:00"," ","","","","","","","","","","","","","","","","","","",""
"1996-10-23 02:00","1996","10","23","02:00"," ","","","","","","","","","","","","","","","","","","",""
"1996-10-23 03:00","1996","10","23","03:00"," ","","","","","","","","","","","","","","","","","","",""
"1996-10-23 03:30","1996","10","23","03:30"," ","2,00","","1,50","","96,00","","16,00","","4,00","","25,00","","101,73","","","","","","Dégagé"
"1996-10-23 04:00","1996","10","23","04:00"," ","","","","","","","","","","","","","","","","","","",""
"1996-10-23 04:30","1996","10","23","04:30"," ","2,30","","2,10","","99,00","","16,00","","6,00","","25,00","","101,73","","","","","","Dégagé"
"1996-10-23 05:00","1996","10","23","05:00"," ","","","","","","","","","","","","","","","","","","",""
"1996-10-23 05:30","1996","10","23","05:30"," ","3,50","","3,10","","97,00","","16,00","","6,00","","25,00","","101,70","","","","","","Dégagé"
"1996-10-23 06:00","1996","10","23","06:00"," ","","","","","","","","","","","","","","","","","","",""
"1996-10-23 06:30","1996","10","23","06:30"," ","3,00","","2,30","","95,00","","14,00","","9,00","","25,00","","101,67","","","","","","Généralement dégagé"
"1996-10-23 07:00","1996","10","23","07:00"," ","","","","","","","","","","","","","","","","","","",""
"1996-10-23 07:30","1996","10","23","07:30"," ","3,30","","2,60","","95,00","","13,00","","6,00","","25,00","","101,67","","","","","","Généralement dégagé"
"1996-10-23 08:00","1996","10","23","08:00"," ","","","","","","","","","","","","","","","","","","",""
"1996-10-23 08:30","1996","10","23","08:30"," ","4,00","","3,60","","97,00","","12,00","","6,00","","25,00","","101,67","","","","","","Généralement nuageux"
"1996-10-23 09:00","1996","10","23","09:00"," ","","","","","","","","","","","","","","","","","","",""
"1996-10-23 09:30","1996","10","23","09:30"," ","7,30","","5,30","","87,00","","19,00","","4,00","","19,30","","101,63","","","","","","Généralement nuageux"
"1996-10-23 10:00","1996","10","23","10:00"," ","","","","","","","","","","","","","","","","","","",""
"1996-10-23 10:30","1996","10","23","10:30"," ","9,00","","6,50","","84,00","","23,00","","7,00","","25,00","","101,60","","","","","","Généralement dégagé"
"1996-10-23 11:00","1996","10","23","11:00"," ","","","","","","","","","","","","","","","","","","",""
"1996-10-23 11:30","1996","10","23","11:30"," ","9,80","","6,30","","79,00","","24,00","","11,00","","25,00","","101,53","","","","","","Généralement nuageux"
"1996-10-23 12:00","1996","10","23","12:00"," ","","","","","","","","","","","","","","","","","","",""
"1996-10-23 12:30","1996","10","23","12:30"," ","9,70","","6,40","","80,00","","27,00","","9,00","","25,00","","101,46","","","","","","Généralement nuageux"
"1996-10-23 13:00","1996","10","23","13:00"," ","","","","","","","","","","","","","","","","","","",""
"1996-10-23 13:30","1996","10","23","13:30"," ","9,00","","5,60","","79,00","","26,00","","7,00","","25,00","","101,40","","","","","","Généralement nuageux"
"1996-10-23 14:00","1996","10","23","14:00"," ","","","","","","","","","","","","","","","","","","",""
"1996-10-23 14:30","1996","10","23","14:30"," ","8,50","","6,60","","88,00","","25,00","","4,00","","25,00","","101,40","","","","","","Généralement nuageux"
"1996-10-23 15:00","1996","10","23","15:00"," ","","","","","","","","","","","","","","","","","","",""
"1996-10-23 16:00","1996","10","23","16:00"," ","","","","","","","","","","","","","","","","","","",""
"1996-10-23 17:00","1996","10","23","17:00"," ","","","","","","","","","","","","","","","","","","",""
"1996-10-23 18:00","1996","10","23","18:00"," ","","","","","","","","","","","","","","","","","","",""
"1996-10-23 19:00","1996","10","23","19:00"," ","","","","","","","","","","","","","","","","","","",""
"1996-10-23 20:00","1996","10","23","20:00"," ","","","","","","","","","","","","","","","","","","",""
"1996-10-23 21:00","1996","10","23","21:00"," ","","","","","","","","","","","","","","","","","","",""
"1996-10-23 22:00","1996","10","23","22:00"," ","","","","","","","","","","","","","","","","","","",""
"1996-10-23 23:00","1996","10","23","23:00"," ","","","","","","","","","","","","","","","","","","",""
"1996-10-24 00:00","1996","10","24","00:00"," ","","","","","","","","","","","","","","","","","","",""
"1996-10-24 01:00","1996","10","24","01:00"," ","","","","","","","","","","","","","","","","","","",""
"1996-10-24 01:30","1996","10","24","01:30"," ","2,20","","1,70","","96,00","","14,00","","7,00","","25,00","","100,82","","","","","","Généralement dégagé"
"1996-10-24 02:00","1996","10","24","02:00"," ","","","","","","","","","","","","","","","","","","",""
"1996-10-24 03:00","1996","10","24","03:00"," ","","","","","","","","","","","","","","","","","","",""
"1996-10-24 03:30","1996","10","24","03:30"," ","2,30","","2,10","","99,00","","9,00","","7,00","","25,00","","100,89","","","","","","Nuageux"
"1996-10-24 04:00","1996","10","24","04:00"," ","","","","","","","","","","","","","","","","","","",""
"1996-10-24 05:00","1996","10","24","05:00"," ","","","","","","","","","","","","","","","","","","",""
"1996-10-24 06:00","1996","10","24","06:00"," ","","","","","","","","","","","","","","","","","","",""
"1996-10-24 06:30","1996","10","24","06:30"," ","0,50","","0,30","","99,00","","14,00","","9,00","","25,00","","100,79","","","","","","Généralement nuageux"
"1996-10-24 07:00","1996","10","24","07:00"," ","","","","","","","","","","","","","","","","","","",""
"1996-10-24 07:30","1996","10","24","07:30"," ","-0,70","","-0,80","","99,00","","4,00","","4,00","","4,80","","100,86","","","","-2,00","","Brouillard"
"1996-10-24 08:00","1996","10","24","08:00"," ","","","","","","","","","","","","","","","","","","",""
"1996-10-24 08:30","1996","10","24","08:30"," ","3,00","","3,00","","100,00","","10,00","","6,00","","0,20","","100,86","","","","","","Brouillard"
"1996-10-24 09:00","1996","10","24","09:00"," ","","","","","","","","","","","","","","","","","","",""
"1996-10-24 10:00","1996","10","24","10:00"," ","","","","","","","","","","","","","","","","","","",""
"1996-10-24 10:30","1996","10","24","10:30"," ","4,50","","4,50","","100,00","","30,00","","9,00","","0,40","","100,86","","","","","","Brouillard"
"1996-10-24 11:00","1996","10","24","11:00"," ","","","","","","","","","","","","","","","","","","",""
"1996-10-24 11:30","1996","10","24","11:30"," ","4,60","","4,60","","100,00","","31,00","","4,00","","0,40","","100,86","","","","","","Brouillard"
"1996-10-24 12:00","1996","10","24","12:00"," ","","","","","","","","","","","","","","","","","","",""
"1996-10-24 12:30","1996","10","24","12:30"," ","6,00","","6,00","","100,00","","27,00","","6,00","","0,80","","100,82","","","","","","Brouillard"
"1996-10-24 13:00","1996","10","24","13:00"," ","","","","","","","","","","","","","","","","","","",""
"1996-10-24 13:30","1996","10","24","13:30"," ","6,00","","6,00","","100,00","","21,00","","11,00","","0,80","","100,82","","","","","","Brouillard"
"1996-10-24 14:00","1996","10","24","14:00"," ","","","","","","","","","","","","","","","","","","",""
"1996-10-24 14:30","1996","10","24","14:30"," ","4,50","","4,50","","100,00","","24,00","","13,00","","0,80","","100,89","","","","","","Brouillard"
"1996-10-24 15:00","1996","10","24","15:00"," ","","","","","","","","","","","","","","","","","","",""
"1996-10-24 16:00","1996","10","24","16:00"," ","","","","","","","","","","","","","","","","","","",""
"1996-10-24 17:00","1996","10","24","17:00"," ","","","","","","","","","","","","","","","","","","",""
"1996-10-24 18:00","1996","10","24","18:00"," ","","","","","","","","","","","","","","","","","","",""
"1996-10-24 19:00","1996","10","24","19:00"," ","","","","","","","","","","","","","","","","","","",""
"1996-10-24 20:00","1996","10","24","20:00"," ","","","","","","","","","","","","","","","","","","",""
"1996-10-24 21:00","1996","10","24","21:00"," ","","","","","","","","","","","","","","","","","","",""
"1996-10-24 22:00","1996","10","24","22:00"," ","","","","","","","","","","","","","","","","","","",""
"1996-10-24 23:00","1996","10","24","23:00"," ","","","","","","","","","","","","","","","","","","",""
"1996-10-25 00:00","1996","10","25","00:00"," ","","","","","","","","","","","","","","","","","","",""
"1996-10-25 01:00","1996","10","25","01:00"," ","","","","","","","","","","","","","","","","","","",""
"1996-10-25 02:00","1996","10","25","02:00"," ","","","","","","","","","","","","","","","","","","",""
"1996-10-25 03:00","1996","10","25","03:00"," ","","","","","","","","","","","","","","","","","","",""
"1996-10-25 03:30","1996","10","25","03:30"," ","2,50","","2,50","","100,00","","6,00","","11,00","","6,40","","100,82","","","","","","Brouillard"
"1996-10-25 04:00","1996","10","25","04:00"," ","","","","","","","","","","","","","","","","","","",""
"1996-10-25 04:30","1996","10","25","04:30"," ","2,30","","2,30","","100,00","","5,00","","7,00","","0,80","","100,79","","","","","","Brouillard"
"1996-10-25 05:00","1996","10","25","05:00"," ","","","","","","","","","","","","","","","","","","",""
"1996-10-25 05:30","1996","10","25","05:30"," ","1,80","","1,80","","100,00","","4,00","","13,00","","0,80","","100,79","","","","","","Brouillard"
"1996-10-25 06:00","1996","10","25","06:00"," ","","","","","","","","","","","","","","","","","","",""
"1996-10-25 06:30","1996","10","25","06:30"," ","1,30","","1,30","","100,00","","4,00","","6,00","","0,40","","100,79","","","","","","Brouillard"
"1996-10-25 07:00","1996","10","25","07:00"," ","","","","","","","","","","","","","","","","","","",""
"1996-10-25 07:30","1996","10","25","07:30"," ","0,30","","0,30","","100,00","","5,00","","4,00","","0,20","","100,79","","","","","","Brouillard"
"1996-10-25 08:00","1996","10","25","08:00"," ","","","","","","","","","","","","","","","","","","",""
"1996-10-25 08:30","1996","10","25","08:30"," ","1,00","","1,00","","100,00","","8,00","","7,00","","3,20","","100,79","","","","","","Brouillard"
"1996-10-25 09:00","1996","10","25","09:00"," ","","","","","","","","","","","","","","","","","","",""
"1996-10-25 09:30","1996","10","25","09:30"," ","3,50","","3,50","","100,00","","2,00","","4,00","","25,00","","100,79","","","","","","Généralement nuageux"
"1996-10-25 10:00","1996","10","25","10:00"," ","","","","","","","","","","","","","","","","","","",""
"1996-10-25 10:30","1996","10","25","10:30"," ","4,20","","3,80","","97,00","","31,00","","9,00","","25,00","","100,79","","","","","","Généralement nuageux"
"1996-10-25 11:00","1996","10","25","11:00"," ","","","","","","","","","","","","","","","","","","",""
"1996-10-25 11:30","1996","10","25","11:30"," ","5,20","","4,40","","95,00","","31,00","","6,00","","25,00","","100,72","","","","","","Généralement nuageux"
"1996-10-25 12:00","1996","10","25","12:00"," ","","","","","","","","","","","","","","","","","","",""
"1996-10-25 12:30","1996","10","25","12:30"," ","5,60","","5,00","","96,00","","0,00","","0,00","","19,30","","100,72","","","","","","Pluie"
"1996-10-25 13:00","1996","10","25","13:00"," ","","","","","","","","","","","","","","","","","","",""
"1996-10-25 13:30","1996","10","25","13:30"," ","6,70","","6,30","","97,00","","5,00","","4,00","","19,30","","100,65","","","","","","Pluie"
"1996-10-25 14:00","1996","10","25","14:00"," ","","","","","","","","","","","","","","","","","","",""
"1996-10-25 14:30","1996","10","25","14:30"," ","7,00","","6,60","","97,00","","32,00","","6,00","","19,30","","100,65","","","","","","Pluie"
"1996-10-25 15:00","1996","10","25","15:00"," ","","","","","","","","","","","","","","","","","","",""
"1996-10-25 16:00","1996","10","25","16:00"," ","","","","","","","","","","","","","","","","","","",""
"1996-10-25 17:00","1996","10","25","17:00"," ","","","","","","","","","","","","","","","","","","",""
"1996-10-25 18:00","1996","10","25","18:00"," ","","","","","","","","","","","","","","","","","","",""
"1996-10-25 19:00","1996","10","25","19:00"," ","","","","","","","","","","","","","","","","","","",""
"1996-10-25 20:00","1996","10","25","20:00"," ","","","","","","","","","","","","","","","","","","",""
"1996-10-25 21:00","1996","10","25","21:00"," ","","","","","","","","","","","","","","","","","","",""
"1996-10-25 22:00","1996","10","25","22:00"," ","","","","","","","","","","","","","","","","","","",""
"1996-10-25 23:00","1996","10","25","23:00"," ","","","","","","","","","","","","","","","","","","",""
"1996-10-26 00:00","1996","10","26","00:00"," ","","","","","","","","","","","","","","","","","","",""
"1996-10-26 01:00","1996","10","26","01:00"," ","","","","","","","","","","","","","","","","","","",""
"1996-10-26 02:00","1996","10","26","02:00"," ","","","","","","","","","","","","","","","","","","",""
"1996-10-26 03:00","1996","10","26","03:00"," ","","","","","","","","","","","","","","","","","","",""
"1996-10-26 03:30","1996","10","26","03:30"," ","7,20","","7,20","","100,00","","10,00","","4,00","","12,90","","100,79","","","","","","Nuageux"
"1996-10-26 04:00","1996","10","26","04:00"," ","","","","","","","","","","","","","","","","","","",""
"1996-10-26 04:30","1996","10","26","04:30"," ","7,40","","7,40","","100,00","","0,00","","0,00","","12,90","","100,75","","","","","","Nuageux"
"1996-10-26 05:00","1996","10","26","05:00"," ","","","","","","","","","","","","","","","","","","",""
"1996-10-26 05:30","1996","10","26","05:30"," ","7,50","","7,50","","100,00","","0,00","","0,00","","12,90","","100,72","","","","","","Nuageux"
"1996-10-26 06:00","1996","10","26","06:00"," ","","","","","","","","","","","","","","","","","","",""
"1996-10-26 06:30","1996","10","26","06:30"," ","7,50","","7,50","","100,00","","0,00","","0,00","","12,90","","100,82","","","","","","Nuageux"
"1996-10-26 07:00","1996","10","26","07:00"," ","","","","","","","","","","","","","","","","","","",""
"1996-10-26 07:30","1996","10","26","07:30"," ","7,50","","7,50","","100,00","","0,00","","0,00","","4,80","","100,89","","","","","","Bruine,Brouillard"
"1996-10-26 08:00","1996","10","26","08:00"," ","","","","","","","","","","","","","","","","","","",""
"1996-10-26 08:30","1996","10","26","08:30"," ","7,60","","7,60","","100,00","","21,00","","9,00","","0,20","","100,96","","","","","","Bruine,Brouillard"
"1996-10-26 09:00","1996","10","26","09:00"," ","","","","","","","","","","","","","","","","","","",""
"1996-10-26 09:30","1996","10","26","09:30"," ","7,50","","7,50","","100,00","","21,00","","9,00","","0,20","","100,99","","","","","","Bruine,Brouillard"
"1996-10-26 10:00","1996","10","26","10:00"," ","","","","","","","","","","","","","","","","","","",""
"1996-10-26 10:30","1996","10","26","10:30"," ","7,00","","7,00","","100,00","","21,00","","11,00","","0,20","","101,03","","","","","","Bruine,Brouillard"
"1996-10-26 11:00","1996","10","26","11:00"," ","","","","","","","","","","","","","","","","","","",""
"1996-10-26 11:30","1996","10","26","11:30"," ","6,80","","6,80","","100,00","","19,00","","13,00","","1,20","","101,06","","","","","","Bruine,Brouillard"
"1996-10-26 12:00","1996","10","26","12:00"," ","","","","","","","","","","","","","","","","","","",""
"1996-10-26 12:30","1996","10","26","12:30"," ","6,90","","6,90","","100,00","","21,00","","11,00","","4,80","","100,99","","","","","","Brouillard"
"1996-10-26 13:00","1996","10","26","13:00"," ","","","","","","","","","","","","","","","","","","",""
"1996-10-26 13:30","1996","10","26","13:30"," ","6,90","","6,90","","100,00","","21,00","","7,00","","4,80","","100,96","","","","","","Brouillard"
"1996-10-26 14:00","1996","10","26","14:00"," ","","","","","","","","","","","","","","","","","","",""
"1996-10-26 14:30","1996","10","26","14:30"," ","6,90","","6,90","","100,00","","22,00","","4,00","","8,00","","100,96","","","","","","Brouillard"
"1996-10-26 15:00","1996","10","26","15:00"," ","","","","","","","","","","","","","","","","","","",""
"1996-10-26 16:00","1996","10","26","16:00"," ","","","","","","","","","","","","","","","","","","",""
"1996-10-26 17:00","1996","10","26","17:00"," ","","","","","","","","","","","","","","","","","","",""
"1996-10-26 18:00","1996","10","26","18:00"," ","","","","","","","","","","","","","","","","","","",""
"1996-10-26 19:00","1996","10","26","19:00"," ","","","","","","","","","","","","","","","","","","",""
"1996-10-26 20:00","1996","10","26","20:00"," ","","","","","","","","","","","","","","","","","","",""
"1996-10-26 21:00","1996","10","26","21:00"," ","","","","","","","","","","","","","","","","","","",""
"1996-10-26 22:00","1996","10","26","22:00"," ","","","","","","","","","","","","","","","","","","",""
"1996-10-26 23:00","1996","10","26","23:00"," ","","","","","","","","","","","","","","","","","","",""
"1996-10-27 00:00","1996","10","27","00:00"," ","","","","","","","","","","","","","","","","","","",""
"1996-10-27 01:00","1996","10","27","01:00"," ","","","","","","","","","","","","","","","","","","",""
"1996-10-27 02:00","1996","10","27","02:00"," ","","","","","","","","","","","","","","","","","","",""
"1996-10-27 03:00","1996","10","27","03:00"," ","","","","","","","","","","","","","","","","","","",""
"1996-10-27 04:00","1996","10","27","04:00"," ","","","","","","","","","","","","","","","","","","",""
"1996-10-27 04:30","1996","10","27","04:30"," ","5,20","","4,80","","97,00","","6,00","","9,00","","25,00","","101,23","","","","","","Nuageux"
"1996-10-27 05:00","1996","10","27","05:00"," ","","","","","","","","","","","","","","","","","","",""
"1996-10-27 05:30","1996","10","27","05:30"," ","5,00","","4,60","","97,00","","6,00","","7,00","","25,00","","101,30","","","","","","Nuageux"
"1996-10-27 06:00","1996","10","27","06:00"," ","","","","","","","","","","","","","","","","","","",""
"1996-10-27 06:30","1996","10","27","06:30"," ","5,00","","3,70","","91,00","","10,00","","19,00","","25,00","","101,36","","","","","","Nuageux"
"1996-10-27 07:00","1996","10","27","07:00"," ","","","","","","","","","","","","","","","","","","",""
"1996-10-27 07:30","1996","10","27","07:30"," ","5,00","","3,70","","91,00","","7,00","","11,00","","25,00","","101,43","","","","","","Nuageux"
"1996-10-27 08:00","1996","10","27","08:00"," ","","","","","","","","","","","","","","","","","","",""
"1996-10-27 08:30","1996","10","27","08:30"," ","4,80","","4,40","","97,00","","4,00","","7,00","","25,00","","101,50","","","","","","Nuageux"
"1996-10-27 09:00","1996","10","27","09:00"," ","","","","","","","","","","","","","","","","","","",""
"1996-10-27 09:30","1996","10","27","09:30"," ","6,00","","4,80","","92,00","","6,00","","9,00","","25,00","","101,53","","","","","","Nuageux"
"1996-10-27 10:00","1996","10","27","10:00"," ","","","","","","","","","","","","","","","","","","",""
"1996-10-27 10:30","1996","10","27","10:30"," ","6,30","","4,70","","89,00","","7,00","","7,00","","25,00","","101,57","","","","","","Nuageux"
"1996-10-27 11:00","1996","10","27","11:00"," ","","","","","","","","","","","","","","","","","","",""
"1996-10-27 11:30","1996","10","27","11:30"," ","5,80","","3,50","","85,00","","12,00","","17,00","","25,00","","101,57","","","","","","Nuageux"
"1996-10-27 12:00","1996","10","27","12:00"," ","","","","","","","","","","","","","","","","","","",""
"1996-10-27 12:30","1996","10","27","12:30"," ","6,20","","3,70","","84,00","","8,00","","13,00","","25,00","","101,57","","","","","","Nuageux"
"1996-10-27 13:00","1996","10","27","13:00"," ","","","","","","","","","","","","","","","","","","",""
"1996-10-27 13:30","1996","10","27","13:30"," ","7,50","","4,20","","80,00","","8,00","","9,00","","25,00","","101,57","","","","","","Nuageux"
"1996-10-27 14:00","1996","10","27","14:00"," ","","","","","","","","","","","","","","","","","","",""
"1996-10-27 14:30","1996","10","27","14:30"," ","6,60","","3,70","","82,00","","14,00","","13,00","","25,00","","101,60","","","","","","Nuageux"
"1996-10-27 15:00","1996","10","27","15:00"," ","","","","","","","","","","","","","","","","","","",""
"1996-10-27 15:30","1996","10","27","15:30"," ","6,20","","3,00","","80,00","","12,00","","7,00","","25,00","","101,60","","","","","","Nuageux"
"1996-10-27 16:00","1996","10","27","16:00"," ","","","","","","","","","","","","","","","","","","",""
"1996-10-27 17:00","1996","10","27","17:00"," ","","","","","","","","","","","","","","","","","","",""
"1996-10-27 18:00","1996","10","27","18:00"," ","","","","","","","","","","","","","","","","","","",""
"1996-10-27 19:00","1996","10","27","19:00"," ","","","","","","","","","","","","","","","","","","",""
"1996-10-27 20:00","1996","10","27","20:00"," ","","","","","","","","","","","","","","","","","","",""
"1996-10-27 21:00","1996","10","27","21:00"," ","","","","","","","","","","","","","","","","","","",""
"1996-10-27 22:00","1996","10","27","22:00"," ","","","","","","","","","","","","","","","","","","",""
"1996-10-27 23:00","1996","10","27","23:00"," ","","","","","","","","","","","","","","","","","","",""
"1996-10-28 00:00","1996","10","28","00:00"," ","","","","","","","","","","","","","","","","","","",""
"1996-10-28 01:00","1996","10","28","01:00"," ","","","","","","","","","","","","","","","","","","",""
"1996-10-28 02:00","1996","10","28","02:00"," ","","","","","","","","","","","","","","","","","","",""
"1996-10-28 03:00","1996","10","28","03:00"," ","","","","","","","","","","","","","","","","","","",""
"1996-10-28 04:00","1996","10","28","04:00"," ","","","","","","","","","","","","","","","","","","",""
"1996-10-28 05:00","1996","10","28","05:00"," ","","","","","","","","","","","","","","","","","","",""
"1996-10-28 05:30","1996","10","28","05:30"," ","-2,30","","-2,60","","98,00","","5,00","","9,00","","25,00","","101,40","","","","-6,00","","Généralement dégagé"
"1996-10-28 06:00","1996","10","28","06:00"," ","","","","","","","","","","","","","","","","","","",""
"1996-10-28 06:30","1996","10","28","06:30"," ","-2,00","","-2,50","","96,00","","7,00","","4,00","","25,00","","101,36","","","","-3,00","","Généralement dégagé"
"1996-10-28 07:00","1996","10","28","07:00"," ","","","","","","","","","","","","","","","","","","",""
"1996-10-28 07:30","1996","10","28","07:30"," ","-2,40","","-3,00","","96,00","","5,00","","9,00","","25,00","","101,40","","","","-6,00","","Généralement dégagé"
"1996-10-28 08:00","1996","10","28","08:00"," ","","","","","","","","","","","","","","","","","","",""
"1996-10-28 08:30","1996","10","28","08:30"," ","0,00","","-2,00","","86,00","","5,00","","9,00","","25,00","","101,36","","","","-3,00","","Généralement dégagé"
"1996-10-28 09:00","1996","10","28","09:00"," ","","","","","","","","","","","","","","","","","","",""
"1996-10-28 09:30","1996","10","28","09:30"," ","3,30","","1,00","","85,00","","6,00","","9,00","","25,00","","101,33","","","","","","Généralement dégagé"
"1996-10-28 10:00","1996","10","28","10:00"," ","","","","","","","","","","","","","","","","","","",""
"1996-10-28 10:30","1996","10","28","10:30"," ","4,90","","1,40","","78,00","","4,00","","9,00","","15,00","","101,26","","","","","",""
"1996-10-28 11:00","1996","10","28","11:00"," ","","","","","","","","","","","","","","","","","","",""
"1996-10-28 11:30","1996","10","28","11:30"," ","6,70","","2,70","","76,00","","7,00","","11,00","","15,00","","101,16","","","","","",""
"1996-10-28 12:00","1996","10","28","12:00"," ","","","","","","","","","","","","","","","","","","",""
"1996-10-28 12:30","1996","10","28","12:30"," ","8,40","","2,90","","68,00","","14,00","","7,00","","15,00","","101,06","","","","","",""
"1996-10-28 13:00","1996","10","28","13:00"," ","","","","","","","","","","","","","","","","","","",""
"1996-10-28 13:30","1996","10","28","13:30"," ","7,30","","2,60","","72,00","","7,00","","17,00","","25,00","","100,96","","","","","","Généralement nuageux"
"1996-10-28 14:00","1996","10","28","14:00"," ","","","","","","","","","","","","","","","","","","",""
"1996-10-28 14:30","1996","10","28","14:30"," ","8,00","","3,20","","72,00","","6,00","","19,00","","15,00","","100,89","","","","","",""
"1996-10-28 15:00","1996","10","28","15:00"," ","","","","","","","","","","","","","","","","","","",""
"1996-10-28 15:30","1996","10","28","15:30"," ","7,10","","2,70","","74,00","","9,00","","17,00","","15,00","","100,86","","","","","",""
"1996-10-28 16:00","1996","10","28","16:00"," ","","","","","","","","","","","","","","","","","","",""
"1996-10-28 16:30","1996","10","28","16:30"," ","6,50","","2,70","","77,00","","9,00","","9,00","","15,00","","100,82","","","","","",""
"1996-10-28 17:00","1996","10","28","17:00"," ","","","","","","","","","","","","","","","","","","",""
"1996-10-28 17:30","1996","10","28","17:30"," ","5,40","","2,30","","80,00","","8,00","","15,00","","15,00","","100,75","","","","","",""
"1996-10-28 18:00","1996","10","28","18:00"," ","","","","","","","","","","","","","","","","","","",""
"1996-10-28 18:30","1996","10","28","18:30"," ","5,10","","1,80","","79,00","","9,00","","17,00","","15,00","","100,72","","","","","",""
"1996-10-28 19:00","1996","10","28","19:00"," ","","","","","","","","","","","","","","","","","","",""
"1996-10-28 19:30","1996","10","28","19:30"," ","5,20","","2,10","","80,00","","12,00","","7,00","","15,00","","100,65","","","","","",""
"1996-10-28 20:00","1996","10","28","20:00"," ","","","","","","","","","","","","","","","","","","",""
"1996-10-28 20:30","1996","10","28","20:30"," ","5,20","","1,80","","79,00","","9,00","","20,00","","15,00","","100,59","","","","","",""
"1996-10-28 21:00","1996","10","28","21:00"," ","","","","","","","","","","","","","","","","","","",""
"1996-10-28 21:30","1996","10","28","21:30"," ","5,70","","2,00","","77,00","","11,00","","13,00","","15,00","","100,55","","","","","",""
"1996-10-28 22:00","1996","10","28","22:00"," ","","","","","","","","","","","","","","","","","","",""
"1996-10-28 22:30","1996","10","28","22:30"," ","5,00","","1,30","","77,00","","9,00","","13,00","","15,00","","100,48","","","","","",""
"1996-10-28 23:00","1996","10","28","23:00"," ","","","","","","","","","","","","","","","","","","",""
"1996-10-28 23:30","1996","10","28","23:30"," ","5,50","","1,70","","76,00","","10,00","","13,00","","15,00","","100,42","","","","","",""
"1996-10-29 00:00","1996","10","29","00:00"," ","","","","","","","","","","","","","","","","","","",""
"1996-10-29 00:30","1996","10","29","00:30"," ","5,90","","1,30","","72,00","","11,00","","17,00","","15,00","","100,38","","","","","",""
"1996-10-29 01:00","1996","10","29","01:00"," ","","","","","","","","","","","","","","","","","","",""
"1996-10-29 01:30","1996","10","29","01:30"," ","5,40","","1,30","","75,00","","11,00","","15,00","","15,00","","100,32","","","","","",""
"1996-10-29 02:00","1996","10","29","02:00"," ","","","","","","","","","","","","","","","","","","",""
"1996-10-29 02:30","1996","10","29","02:30"," ","4,40","","0,90","","78,00","","9,00","","9,00","","15,00","","100,25","","","","","",""
"1996-10-29 03:00","1996","10","29","03:00"," ","","","","","","","","","","","","","","","","","","",""
"1996-10-29 03:30","1996","10","29","03:30"," ","5,10","","1,10","","75,00","","10,00","","9,00","","15,00","","100,15","","","","","",""
"1996-10-29 04:00","1996","10","29","04:00"," ","","","","","","","","","","","","","","","","","","",""
"1996-10-29 04:30","1996","10","29","04:30"," ","5,50","","1,00","","73,00","","8,00","","11,00","","25,00","","100,11","","","","","","Nuageux"
"1996-10-29 05:00","1996","10","29","05:00"," ","","","","","","","","","","","","","","","","","","",""
"1996-10-29 05:30","1996","10","29","05:30"," ","5,40","","1,10","","74,00","","9,00","","13,00","","25,00","","100,04","","","","","","Nuageux"
"1996-10-29 06:00","1996","10","29","06:00"," ","","","","","","","","","","","","","","","","","","",""
"1996-10-29 06:30","1996","10","29","06:30"," ","5,30","","1,00","","74,00","","7,00","","11,00","","25,00","","100,08","","","","","","Généralement nuageux"
"1996-10-29 07:00","1996","10","29","07:00"," ","","","","","","","","","","","","","","","","","","",""
"1996-10-29 07:30","1996","10","29","07:30"," ","5,50","","1,00","","73,00","","10,00","","15,00","","25,00","","100,08","","","","","","Généralement nuageux"
"1996-10-29 08:00","1996","10","29","08:00"," ","","","","","","","","","","","","","","","","","","",""
"1996-10-29 08:30","1996","10","29","08:30"," ","6,00","","2,80","","80,00","","9,00","","17,00","","25,00","","100,15","","","","","","Nuageux"
"1996-10-29 09:00","1996","10","29","09:00"," ","","","","","","","","","","","","","","","","","","",""
"1996-10-29 09:30","1996","10","29","09:30"," ","6,50","","3,30","","80,00","","7,00","","24,00","","25,00","","100,08","","","","","","Nuageux"
"1996-10-29 10:00","1996","10","29","10:00"," ","","","","","","","","","","","","","","","","","","",""
"1996-10-29 10:30","1996","10","29","10:30"," ","7,20","","2,50","","72,00","","7,00","","24,00","","25,00","","100,08","","","","","","Généralement nuageux"
"1996-10-29 11:00","1996","10","29","11:00"," ","","","","","","","","","","","","","","","","","","",""
"1996-10-29 11:30","1996","10","29","11:30"," ","7,50","","2,80","","72,00","","8,00","","28,00","","25,00","","100,04","","","","","","Généralement nuageux"
"1996-10-29 12:00","1996","10","29","12:00"," ","","","","","","","","","","","","","","","","","","",""
"1996-10-29 12:30","1996","10","29","12:30"," ","8,00","","2,40","","68,00","","6,00","","26,00","","25,00","","99,91","","","","","","Nuageux"
"1996-10-29 13:00","1996","10","29","13:00"," ","","","","","","","","","","","","","","","","","","",""
"1996-10-29 13:30","1996","10","29","13:30"," ","8,00","","2,40","","68,00","","5,00","","32,00","","25,00","","99,98","","","","","","Généralement nuageux"
"1996-10-29 14:00","1996","10","29","14:00"," ","","","","","","","","","","","","","","","","","","",""
"1996-10-29 14:30","1996","10","29","14:30"," ","6,50","","0,90","","67,00","","6,00","","28,00","","25,00","","100,01","","","","","","Généralement nuageux"
"1996-10-29 15:00","1996","10","29","15:00"," ","","","","","","","","","","","","","","","","","","",""
"1996-10-29 15:30","1996","10","29","15:30"," ","5,50","","1,00","","73,00","","6,00","","24,00","","25,00","","100,04","","","","","","Généralement nuageux"
"1996-10-29 16:00","1996","10","29","16:00"," ","","","","","","","","","","","","","","","","","","",""
"1996-10-29 16:30","1996","10","29","16:30"," ","4,30","","-0,10","","73,00","","5,00","","19,00","","15,00","","100,08","","","","","",""
"1996-10-29 17:00","1996","10","29","17:00"," ","","","","","","","","","","","","","","","","","","",""
"1996-10-29 17:30","1996","10","29","17:30"," ","2,30","","-1,30","","77,00","","4,00","","20,00","","15,00","","100,08","","","","","",""
"1996-10-29 18:00","1996","10","29","18:00"," ","","","","","","","","","","","","","","","","","","",""
"1996-10-29 18:30","1996","10","29","18:30"," ","1,60","","-1,20","","82,00","","3,00","","24,00","","15,00","","100,11","","","","","",""
"1996-10-29 19:00","1996","10","29","19:00"," ","","","","","","","","","","","","","","","","","","",""
"1996-10-29 19:30","1996","10","29","19:30"," ","0,80","","-1,60","","84,00","","2,00","","22,00","","15,00","","100,08","","","","","",""
"1996-10-29 20:00","1996","10","29","20:00"," ","","","","","","","","","","","","","","","","","","",""
"1996-10-29 20:30","1996","10","29","20:30"," ","1,00","","-1,10","","86,00","","1,00","","17,00","","15,00","","100,15","","","","","",""
"1996-10-29 21:00","1996","10","29","21:00"," ","","","","","","","","","","","","","","","","","","",""
"1996-10-29 21:30","1996","10","29","21:30"," ","0,70","","-1,10","","88,00","","1,00","","20,00","","15,00","","100,18","","","","","",""
"1996-10-29 22:00","1996","10","29","22:00"," ","","","","","","","","","","","","","","","","","","",""
"1996-10-29 22:30","1996","10","29","22:30"," ","0,90","","-0,90","","88,00","","1,00","","19,00","","15,00","","100,21","","","","","",""
"1996-10-29 23:00","1996","10","29","23:00"," ","","","","","","","","","","","","","","","","","","",""
"1996-10-29 23:30","1996","10","29","23:30"," ","0,70","","-0,90","","89,00","","36,00","","9,00","","15,00","","100,21","","","","","",""
"1996-10-30 00:00","1996","10","30","00:00"," ","","","","","","","","","","","","","","","","","","",""
"1996-10-30 00:30","1996","10","30","00:30"," ","1,30","","0,00","","91,00","","36,00","","20,00","","15,00","","100,18","","","","","",""
"1996-10-30 01:00","1996","10","30","01:00"," ","","","","","","","","","","","","","","","","","","",""
"1996-10-30 01:30","1996","10","30","01:30"," ","1,60","","0,30","","91,00","","1,00","","22,00","","15,00","","100,18","","","","","",""
"1996-10-30 02:00","1996","10","30","02:00"," ","","","","","","","","","","","","","","","","","","",""
"1996-10-30 02:30","1996","10","30","02:30"," ","1,50","","0,10","","90,00","","1,00","","24,00","","15,00","","100,15","","","","","",""
"1996-10-30 03:00","1996","10","30","03:00"," ","","","","","","","","","","","","","","","","","","",""
"1996-10-30 03:30","1996","10","30","03:30"," ","1,50","","0,20","","91,00","","1,00","","28,00","","15,00","","100,15","","","","","","Pluie"
"1996-10-30 04:00","1996","10","30","04:00"," ","","","","","","","","","","","","","","","","","","",""
"1996-10-30 04:30","1996","10","30","04:30"," ","2,00","","0,80","","92,00","","18,00","","28,00","","19,30","","100,15","","","","","","Bruine"
"1996-10-30 05:00","1996","10","30","05:00"," ","","","","","","","","","","","","","","","","","","",""
"1996-10-30 05:30","1996","10","30","05:30"," ","2,00","","0,80","","92,00","","13,00","","26,00","","19,30","","100,18","","","","","","Bruine"
"1996-10-30 06:00","1996","10","30","06:00"," ","","","","","","","","","","","","","","","","","","",""
"1996-10-30 06:30","1996","10","30","06:30"," ","2,00","","0,80","","92,00","","13,00","","22,00","","19,30","","100,25","","","","","","Nuageux"
"1996-10-30 07:00","1996","10","30","07:00"," ","","","","","","","","","","","","","","","","","","",""
"1996-10-30 07:30","1996","10","30","07:30"," ","1,50","","0,30","","92,00","","13,00","","24,00","","19,30","","100,25","","","","","","Nuageux"
"1996-10-30 08:00","1996","10","30","08:00"," ","","","","","","","","","","","","","","","","","","",""
"1996-10-30 08:30","1996","10","30","08:30"," ","2,00","","0,10","","87,00","","14,00","","20,00","","19,30","","100,35","","","","","","Nuageux"
"1996-10-30 09:00","1996","10","30","09:00"," ","","","","","","","","","","","","","","","","","","",""
"1996-10-30 09:30","1996","10","30","09:30"," ","2,50","","0,10","","84,00","","25,00","","17,00","","24,10","","100,38","","","","","","Généralement nuageux"
"1996-10-30 10:00","1996","10","30","10:00"," ","","","","","","","","","","","","","","","","","","",""
"1996-10-30 10:30","1996","10","30","10:30"," ","2,50","","0,60","","87,00","","5,00","","28,00","","25,00","","100,35","","","","","","Généralement nuageux"
"1996-10-30 11:00","1996","10","30","11:00"," ","","","","","","","","","","","","","","","","","","",""
"1996-10-30 11:30","1996","10","30","11:30"," ","3,50","","1,20","","85,00","","2,00","","32,00","","25,00","","100,25","","","","","","Bruine"
"1996-10-30 12:00","1996","10","30","12:00"," ","","","","","","","","","","","","","","","","","","",""
"1996-10-30 12:30","1996","10","30","12:30"," ","3,00","","0,70","","85,00","","36,00","","24,00","","25,00","","100,18","","","","","","Généralement nuageux"
"1996-10-30 13:00","1996","10","30","13:00"," ","","","","","","","","","","","","","","","","","","",""
"1996-10-30 13:30","1996","10","30","13:30"," ","3,00","","0,70","","85,00","","7,00","","22,00","","25,00","","100,18","","","","","","Pluie"
"1996-10-30 14:00","1996","10","30","14:00"," ","","","","","","","","","","","","","","","","","","",""
"1996-10-30 14:30","1996","10","30","14:30"," ","3,50","","-0,10","","77,00","","8,00","","24,00","","25,00","","100,18","","","","","","Généralement nuageux"
"1996-10-30 15:00","1996","10","30","15:00"," ","","","","","","","","","","","","","","","","","","",""
"1996-10-30 15:30","1996","10","30","15:30"," ","2,50","","-1,20","","77,00","","4,00","","24,00","","25,00","","100,18","","","","","","Nuageux"
"1996-10-30 16:00","1996","10","30","16:00"," ","","","","","","","","","","","","","","","","","","",""
"1996-10-30 16:30","1996","10","30","16:30"," ","2,90","","-0,70","","77,00","","1,00","","22,00","","15,00","","100,18","","","","","",""
"1996-10-30 17:00","1996","10","30","17:00"," ","","","","","","","","","","","","","","","","","","",""
"1996-10-30 17:30","1996","10","30","17:30"," ","2,40","","-0,40","","82,00","","1,00","","24,00","","15,00","","100,21","","","","","",""
"1996-10-30 18:00","1996","10","30","18:00"," ","","","","","","","","","","","","","","","","","","",""
"1996-10-30 18:30","1996","10","30","18:30"," ","2,10","","0,10","","87,00","","2,00","","15,00","","15,00","","100,18","","","","","",""
"1996-10-30 19:00","1996","10","30","19:00"," ","","","","","","","","","","","","","","","","","","",""
"1996-10-30 19:30","1996","10","30","19:30"," ","1,10","","-0,40","","90,00","","3,00","","15,00","","15,00","","100,11","","","","","",""
"1996-10-30 20:00","1996","10","30","20:00"," ","","","","","","","","","","","","","","","","","","",""
"1996-10-30 20:30","1996","10","30","20:30"," ","1,40","","0,00","","90,00","","2,00","","17,00","","15,00","","100,15","","","","","",""
"1996-10-30 21:00","1996","10","30","21:00"," ","","","","","","","","","","","","","","","","","","",""
"1996-10-30 21:30","1996","10","30","21:30"," ","1,60","","0,30","","91,00","","1,00","","17,00","","15,00","","100,15","","","","","",""
"1996-10-30 22:00","1996","10","30","22:00"," ","","","","","","","","","","","","","","","","","","",""
"1996-10-30 22:30","1996","10","30","22:30"," ","1,50","","0,20","","91,00","","1,00","","11,00","","15,00","","100,11","","","","","","Pluie"
"1996-10-30 23:00","1996","10","30","23:00"," ","","","","","","","","","","","","","","","","","","",""
"1996-10-30 23:30","1996","10","30","23:30"," ","1,50","","0,40","","92,00","","2,00","","13,00","","15,00","","100,04","","","","","",""
"1996-10-31 00:00","1996","10","31","00:00"," ","","","","","","","","","","","","","","","","","","",""
"1996-10-31 00:30","1996","10","31","00:30"," ","1,60","","0,50","","92,00","","2,00","","11,00","","15,00","","100,04","","","","","","Pluie"
"1996-10-31 01:00","1996","10","31","01:00"," ","","","","","","","","","","","","","","","","","","",""
"1996-10-31 01:30","1996","10","31","01:30"," ","1,50","","0,70","","94,00","","2,00","","7,00","","15,00","","99,98","","","","","",""
"1996-10-31 02:00","1996","10","31","02:00"," ","","","","","","","","","","","","","","","","","","",""
"1996-10-31 02:30","1996","10","31","02:30"," ","1,70","","0,90","","94,00","","3,00","","6,00","","15,00","","99,98","","","","","",""
"1996-10-31 03:00","1996","10","31","03:00"," ","","","","","","","","","","","","","","","","","","",""
"1996-10-31 03:30","1996","10","31","03:30"," ","1,60","","0,80","","94,00","","22,00","","6,00","","15,00","","99,94","","","","","",""
"1996-10-31 04:00","1996","10","31","04:00"," ","","","","","","","","","","","","","","","","","","",""
"1996-10-31 04:30","1996","10","31","04:30"," ","1,80","","1,30","","96,00","","0,00","","0,00","","25,00","","99,91","","","","","","Nuageux"
"1996-10-31 05:00","1996","10","31","05:00"," ","","","","","","","","","","","","","","","","","","",""
"1996-10-31 05:30","1996","10","31","05:30"," ","1,80","","1,30","","96,00","","18,00","","4,00","","25,00","","99,91","","","","","","Nuageux"
"1996-10-31 06:00","1996","10","31","06:00"," ","","","","","","","","","","","","","","","","","","",""
"1996-10-31 06:30","1996","10","31","06:30"," ","2,00","","1,30","","95,00","","21,00","","7,00","","25,00","","99,84","","","","","","Nuageux"
"1996-10-31 07:00","1996","10","31","07:00"," ","","","","","","","","","","","","","","","","","","",""
"1996-10-31 07:30","1996","10","31","07:30"," ","2,00","","1,30","","95,00","","0,00","","0,00","","25,00","","99,84","","","","","","Nuageux"
"1996-10-31 08:00","1996","10","31","08:00"," ","","","","","","","","","","","","","","","","","","",""
"1996-10-31 08:30","1996","10","31","08:30"," ","2,50","","1,30","","92,00","","0,00","","0,00","","19,30","","99,84","","","","","","Nuageux"
"1996-10-31 09:00","1996","10","31","09:00"," ","","","","","","","","","","","","","","","","","","",""
"1996-10-31 09:30","1996","10","31","09:30"," ","2,90","","2,00","","94,00","","19,00","","4,00","","16,10","","99,74","","","","","","Nuageux"
"1996-10-31 10:00","1996","10","31","10:00"," ","","","","","","","","","","","","","","","","","","",""
"1996-10-31 10:30","1996","10","31","10:30"," ","3,10","","1,70","","91,00","","21,00","","7,00","","16,10","","99,71","","","","","","Nuageux"
"1996-10-31 11:00","1996","10","31","11:00"," ","","","","","","","","","","","","","","","","","","",""
"1996-10-31 11:30","1996","10","31","11:30"," ","3,10","","1,70","","91,00","","22,00","","11,00","","16,10","","99,67","","","","","","Nuageux"
"1996-10-31 12:00","1996","10","31","12:00"," ","","","","","","","","","","","","","","","","","","",""
"1996-10-31 12:30","1996","10","31","12:30"," ","3,40","","2,10","","91,00","","27,00","","9,00","","16,10","","99,64","","","","","","Nuageux"
"1996-10-31 13:00","1996","10","31","13:00"," ","","","","","","","","","","","","","","","","","","",""
"1996-10-31 13:30","1996","10","31","13:30"," ","3,80","","2,00","","88,00","","28,00","","7,00","","19,30","","99,61","","","","","","Nuageux"
"1996-10-31 14:00","1996","10","31","14:00"," ","","","","","","","","","","","","","","","","","","",""
"1996-10-31 14:30","1996","10","31","14:30"," ","4,00","","1,70","","85,00","","31,00","","6,00","","19,30","","99,57","","","","","","Nuageux"
"1996-10-31 15:00","1996","10","31","15:00"," ","","","","","","","","","","","","","","","","","","",""
"1996-10-31 15:30","1996","10","31","15:30"," ","3,30","","1,90","","91,00","","27,00","","6,00","","19,30","","99,54","","","","","","Nuageux"
"1996-10-31 16:00","1996","10","31","16:00"," ","","","","","","","","","","","","","","","","","","",""
"1996-10-31 16:30","1996","10","31","16:30"," ","3,10","","1,70","","91,00","","27,00","","9,00","","15,00","","99,54","","","","","",""
"1996-10-31 17:00","1996","10","31","17:00"," ","","","","","","","","","","","","","","","","","","",""
"1996-10-31 17:30","1996","10","31","17:30"," ","3,00","","1,40","","89,00","","26,00","","4,00","","15,00","","99,50","","","","","",""
"1996-10-31 18:00","1996","10","31","18:00"," ","","","","","","","","","","","","","","","","","","",""
"1996-10-31 18:30","1996","10","31","18:30"," ","2,80","","2,00","","94,00","","28,00","","9,00","","15,00","","99,50","","","","","",""
"1996-10-31 19:00","1996","10","31","19:00"," ","","","","","","","","","","","","","","","","","","",""
"1996-10-31 19:30","1996","10","31","19:30"," ","2,80","","2,10","","95,00","","24,00","","7,00","","8,00","","99,47","","","","","","Pluie"
"1996-10-31 20:00","1996","10","31","20:00"," ","","","","","","","","","","","","","","","","","","",""
"1996-10-31 20:30","1996","10","31","20:30"," ","2,90","","2,00","","94,00","","25,00","","4,00","","11,30","","99,44","","","","","","Pluie"
"1996-10-31 21:00","1996","10","31","21:00"," ","","","","","","","","","","","","","","","","","","",""
"1996-10-31 21:30","1996","10","31","21:30"," ","2,70","","2,00","","95,00","","19,00","","4,00","","15,00","","99,47","","","","","","Bruine"
"1996-10-31 22:00","1996","10","31","22:00"," ","","","","","","","","","","","","","","","","","","",""
"1996-10-31 22:30","1996","10","31","22:30"," ","2,70","","2,10","","96,00","","19,00","","6,00","","15,00","","99,47","","","","","",""
"1996-10-31 23:00","1996","10","31","23:00"," ","","","","","","","","","","","","","","","","","","",""
"1996-10-31 23:30","1996","10","31","23:30"," ","2,50","","2,00","","96,00","","19,00","","9,00","","15,00","","99,47","","","","","",""
