"Nom de la Station","ST JOHN'S A"
"Province","NEWFOUNDLAND"
"Latitude","47,62"
"Longitude","-52,74"
"Altitude","140,50"
"Identification Climat","8403506"
"Identification OMM","71801"
"Identification TC","YYT"
"Toutes les heures sont exprimées en heure normale locale (HNL). Pour convertir l'heure locale en heure avancée de l'Est (HAE), ajoutez 1 heure s'il y a lieu."

"Légende"
"M","Données Manquantes"
"E","Valeur Estimée"
"ND","Non Disponible"
"**","Données fournies par un partenaire, non assujetties à un révision par les Archives climatiques nationales du Canada"

"Date/Heure","Année","Mois","Jour","Heure","Qualité des Données","Temp (°C)","Temp Indicateur","Point de rosée (°C)","Point de rosée Indicateur","Hum. rel (%)","Hum. rel. Indicateur","Dir. du vent (10s deg)","Dir. du vent Indicateur","Vit. du vent (km/h)","Vit. du vent Indicateur","Visibilité (km)","Visibilité Indicateur","Pression à la station (kPa)","Pression à la station Indicateur","Hmdx","Hmdx Indicateur","Refroid. éolien","Refroid. éolien Indicateur","Temps"
"1961-05-01 00:00","1961","05","01","00:00"," ","","","","","","","","","","","","","","","","","","",""
"1961-05-01 00:30","1961","05","01","00:30"," ","-1,10","","-1,10","","99,00","","7,00","","29,00","","0,00","","99,37","","","","-8,00","","Bruine verglaçante,Brouillard"
"1961-05-01 01:00","1961","05","01","01:00"," ","","","","","","","","","","","","","","","","","","",""
"1961-05-01 01:30","1961","05","01","01:30"," ","-1,10","","-1,10","","99,00","","5,00","","24,00","","0,00","","99,21","","","","-7,00","","Bruine verglaçante,Brouillard"
"1961-05-01 02:00","1961","05","01","02:00"," ","","","","","","","","","","","","","","","","","","",""
"1961-05-01 02:30","1961","05","01","02:30"," ","-1,10","","-1,10","","99,00","","5,00","","24,00","","0,00","","99,20","","","","-7,00","","Bruine verglaçante,Brouillard"
"1961-05-01 03:00","1961","05","01","03:00"," ","","","","","","","","","","","","","","","","","","",""
"1961-05-01 03:30","1961","05","01","03:30"," ","-1,10","","-1,10","","99,00","","5,00","","32,00","","0,00","","99,16","","","","-8,00","","Bruine verglaçante,Brouillard"
"1961-05-01 04:00","1961","05","01","04:00"," ","","","","","","","","","","","","","","","","","","",""
"1961-05-01 04:30","1961","05","01","04:30"," ","-1,10","","-1,10","","99,00","","5,00","","24,00","","0,00","","99,11","","","","-7,00","","Neige,Brouillard"
"1961-05-01 05:00","1961","05","01","05:00"," ","","","","","","","","","","","","","","","","","","",""
"1961-05-01 05:30","1961","05","01","05:30"," ","-1,10","","-1,10","","99,00","","5,00","","24,00","","0,00","","99,07","","","","-7,00","","Brouillard"
"1961-05-01 06:00","1961","05","01","06:00"," ","","","","","","","","","","","","","","","","","","",""
"1961-05-01 06:30","1961","05","01","06:30"," ","-0,60","","-0,60","","99,00","","5,00","","32,00","","0,00","","99,08","","","","-7,00","","Neige,Brouillard"
"1961-05-01 07:00","1961","05","01","07:00"," ","","","","","","","","","","","","","","","","","","",""
"1961-05-01 07:30","1961","05","01","07:30"," ","-0,60","","-0,60","","99,00","","5,00","","32,00","","0,20","","99,04","","","","-7,00","","Neige,Brouillard"
"1961-05-01 08:00","1961","05","01","08:00"," ","","","","","","","","","","","","","","","","","","",""
"1961-05-01 08:30","1961","05","01","08:30"," ","0,00","","0,00","","100,00","","5,00","","32,00","","0,20","","99,03","","","","-7,00","","Brouillard"
"1961-05-01 09:00","1961","05","01","09:00"," ","","","","","","","","","","","","","","","","","","",""
"1961-05-01 09:30","1961","05","01","09:30"," ","0,60","","0,60","","100,00","","5,00","","29,00","","0,20","","98,99","","","","","","Brouillard"
"1961-05-01 10:00","1961","05","01","10:00"," ","","","","","","","","","","","","","","","","","","",""
"1961-05-01 10:30","1961","05","01","10:30"," ","0,60","","0,60","","100,00","","5,00","","21,00","","0,20","","98,98","","","","","","Brouillard"
"1961-05-01 11:00","1961","05","01","11:00"," ","","","","","","","","","","","","","","","","","","",""
"1961-05-01 11:30","1961","05","01","11:30"," ","0,60","","0,60","","100,00","","5,00","","21,00","","0,00","","98,95","","","","","","Bruine,Brouillard"
"1961-05-01 12:00","1961","05","01","12:00"," ","","","","","","","","","","","","","","","","","","",""
"1961-05-01 12:30","1961","05","01","12:30"," ","1,10","","1,10","","100,00","","5,00","","21,00","","0,00","","98,93","","","","","","Brouillard"
"1961-05-01 13:00","1961","05","01","13:00"," ","","","","","","","","","","","","","","","","","","",""
"1961-05-01 13:30","1961","05","01","13:30"," ","0,60","","0,60","","100,00","","5,00","","29,00","","0,20","","98,95","","","","","","Pluie,Granules de glace ou grésil,Brouillard"
"1961-05-01 14:00","1961","05","01","14:00"," ","","","","","","","","","","","","","","","","","","",""
"1961-05-01 14:30","1961","05","01","14:30"," ","0,60","","0,60","","100,00","","5,00","","24,00","","0,20","","98,93","","","","","","Pluie,Neige,Brouillard"
"1961-05-01 15:00","1961","05","01","15:00"," ","","","","","","","","","","","","","","","","","","",""
"1961-05-01 15:30","1961","05","01","15:30"," ","0,60","","0,60","","100,00","","5,00","","23,00","","0,20","","98,93","","","","","","Pluie,Neige,Brouillard"
"1961-05-01 16:00","1961","05","01","16:00"," ","","","","","","","","","","","","","","","","","","",""
"1961-05-01 16:30","1961","05","01","16:30"," ","0,60","","0,60","","100,00","","5,00","","19,00","","0,20","","98,96","","","","","","Pluie,Brouillard"
"1961-05-01 17:00","1961","05","01","17:00"," ","","","","","","","","","","","","","","","","","","",""
"1961-05-01 17:30","1961","05","01","17:30"," ","0,60","","0,60","","100,00","","5,00","","26,00","","0,40","","98,98","","","","","","Pluie,Brouillard"
"1961-05-01 18:00","1961","05","01","18:00"," ","","","","","","","","","","","","","","","","","","",""
"1961-05-01 18:30","1961","05","01","18:30"," ","0,60","","0,60","","100,00","","5,00","","27,00","","0,40","","99,02","","","","","","Pluie,Neige,Brouillard"
"1961-05-01 19:00","1961","05","01","19:00"," ","","","","","","","","","","","","","","","","","","",""
"1961-05-01 19:30","1961","05","01","19:30"," ","0,60","","0,60","","100,00","","5,00","","23,00","","0,40","","99,06","","","","","","Pluie,Neige,Brouillard"
"1961-05-01 20:00","1961","05","01","20:00"," ","","","","","","","","","","","","","","","","","","",""
"1961-05-01 20:30","1961","05","01","20:30"," ","0,60","","0,60","","100,00","","2,00","","26,00","","0,40","","99,10","","","","","","Pluie,Brouillard"
"1961-05-01 21:00","1961","05","01","21:00"," ","","","","","","","","","","","","","","","","","","",""
"1961-05-01 21:30","1961","05","01","21:30"," ","0,60","","0,60","","100,00","","2,00","","19,00","","0,40","","99,13","","","","","","Pluie,Brouillard"
"1961-05-01 22:00","1961","05","01","22:00"," ","","","","","","","","","","","","","","","","","","",""
"1961-05-01 22:30","1961","05","01","22:30"," ","0,60","","0,60","","100,00","","2,00","","24,00","","0,40","","99,14","","","","","","Pluie,Neige,Brouillard"
"1961-05-01 23:00","1961","05","01","23:00"," ","","","","","","","","","","","","","","","","","","",""
"1961-05-01 23:30","1961","05","01","23:30"," ","0,60","","0,60","","100,00","","2,00","","24,00","","0,40","","99,15","","","","","","Pluie,Brouillard"
"1961-05-02 00:00","1961","05","02","00:00"," ","","","","","","","","","","","","","","","","","","",""
"1961-05-02 00:30","1961","05","02","00:30"," ","0,60","","0,60","","100,00","","36,00","","24,00","","0,40","","99,19","","","","","","Pluie,Brouillard"
"1961-05-02 01:00","1961","05","02","01:00"," ","","","","","","","","","","","","","","","","","","",""
"1961-05-02 01:30","1961","05","02","01:30"," ","1,10","","1,10","","100,00","","2,00","","32,00","","0,40","","99,23","","","","","","Pluie,Brouillard"
"1961-05-02 02:00","1961","05","02","02:00"," ","","","","","","","","","","","","","","","","","","",""
"1961-05-02 02:30","1961","05","02","02:30"," ","1,10","","1,10","","100,00","","2,00","","32,00","","0,40","","99,30","","","","","","Pluie,Brouillard"
"1961-05-02 03:00","1961","05","02","03:00"," ","","","","","","","","","","","","","","","","","","",""
"1961-05-02 03:30","1961","05","02","03:30"," ","1,10","","1,10","","100,00","","36,00","","32,00","","0,80","","99,35","","","","","","Pluie,Brouillard"
"1961-05-02 04:00","1961","05","02","04:00"," ","","","","","","","","","","","","","","","","","","",""
"1961-05-02 04:30","1961","05","02","04:30"," ","1,10","","1,10","","100,00","","36,00","","26,00","","0,80","","99,44","","","","","","Pluie,Neige en grains,Brouillard"
"1961-05-02 05:00","1961","05","02","05:00"," ","","","","","","","","","","","","","","","","","","",""
"1961-05-02 05:30","1961","05","02","05:30"," ","0,60","","0,60","","100,00","","36,00","","24,00","","2,40","","99,55","","","","","","Pluie,Neige en grains,Brouillard"
"1961-05-02 06:00","1961","05","02","06:00"," ","","","","","","","","","","","","","","","","","","",""
"1961-05-02 06:30","1961","05","02","06:30"," ","0,00","","0,00","","100,00","","36,00","","24,00","","2,00","","99,67","","","","-6,00","","Pluie,Neige en grains,Brouillard"
"1961-05-02 07:00","1961","05","02","07:00"," ","","","","","","","","","","","","","","","","","","",""
"1961-05-02 07:30","1961","05","02","07:30"," ","0,60","","0,60","","100,00","","2,00","","24,00","","3,20","","99,78","","","","","","Pluie,Neige,Brouillard"
"1961-05-02 08:00","1961","05","02","08:00"," ","","","","","","","","","","","","","","","","","","",""
"1961-05-02 08:30","1961","05","02","08:30"," ","0,60","","0,60","","100,00","","36,00","","24,00","","2,00","","99,86","","","","","","Neige,Brouillard"
"1961-05-02 09:00","1961","05","02","09:00"," ","","","","","","","","","","","","","","","","","","",""
"1961-05-02 09:30","1961","05","02","09:30"," ","0,60","","0,60","","100,00","","36,00","","26,00","","2,40","","99,94","","","","","","Neige,Brouillard"
"1961-05-02 10:00","1961","05","02","10:00"," ","","","","","","","","","","","","","","","","","","",""
"1961-05-02 10:30","1961","05","02","10:30"," ","0,60","","0,00","","97,00","","36,00","","27,00","","4,80","","100,04","","","","","","Neige,Brouillard"
"1961-05-02 11:00","1961","05","02","11:00"," ","","","","","","","","","","","","","","","","","","",""
"1961-05-02 11:30","1961","05","02","11:30"," ","1,10","","0,60","","97,00","","36,00","","24,00","","4,80","","100,10","","","","","","Neige,Brouillard"
"1961-05-02 12:00","1961","05","02","12:00"," ","","","","","","","","","","","","","","","","","","",""
"1961-05-02 12:30","1961","05","02","12:30"," ","1,10","","0,60","","97,00","","36,00","","27,00","","12,90","","100,15","","","","","","Neige en grains"
"1961-05-02 13:00","1961","05","02","13:00"," ","","","","","","","","","","","","","","","","","","",""
"1961-05-02 13:30","1961","05","02","13:30"," ","1,70","","1,10","","94,00","","36,00","","26,00","","12,90","","100,22","","","","","","Bruine"
"1961-05-02 14:00","1961","05","02","14:00"," ","","","","","","","","","","","","","","","","","","",""
"1961-05-02 14:30","1961","05","02","14:30"," ","2,20","","0,00","","87,00","","36,00","","24,00","","16,10","","100,20","","","","","","Pluie"
"1961-05-02 15:00","1961","05","02","15:00"," ","","","","","","","","","","","","","","","","","","",""
"1961-05-02 15:30","1961","05","02","15:30"," ","1,70","","-0,60","","86,00","","36,00","","23,00","","24,10","","100,29","","","","","","Généralement nuageux"
"1961-05-02 16:00","1961","05","02","16:00"," ","","","","","","","","","","","","","","","","","","",""
"1961-05-02 16:30","1961","05","02","16:30"," ","1,70","","-1,10","","81,00","","34,00","","18,00","","24,10","","100,32","","","","","","Généralement nuageux"
"1961-05-02 17:00","1961","05","02","17:00"," ","","","","","","","","","","","","","","","","","","",""
"1961-05-02 17:30","1961","05","02","17:30"," ","1,10","","-1,70","","82,00","","36,00","","13,00","","24,10","","100,34","","","","","","Généralement dégagé"
"1961-05-02 18:00","1961","05","02","18:00"," ","","","","","","","","","","","","","","","","","","",""
"1961-05-02 18:30","1961","05","02","18:30"," ","1,10","","-1,70","","82,00","","36,00","","8,00","","24,10","","100,37","","","","","","Généralement nuageux"
"1961-05-02 19:00","1961","05","02","19:00"," ","","","","","","","","","","","","","","","","","","",""
"1961-05-02 19:30","1961","05","02","19:30"," ","0,00","","-2,20","","86,00","","2,00","","5,00","","24,10","","100,42","","","","-2,00","","Généralement nuageux"
"1961-05-02 20:00","1961","05","02","20:00"," ","","","","","","","","","","","","","","","","","","",""
"1961-05-02 20:30","1961","05","02","20:30"," ","0,00","","-2,20","","86,00","","0,00","","0,00","","24,10","","100,50","","","","","","Nuageux"
"1961-05-02 21:00","1961","05","02","21:00"," ","","","","","","","","","","","","","","","","","","",""
"1961-05-02 21:30","1961","05","02","21:30"," ","0,00","","-2,20","","86,00","","25,00","","6,00","","24,10","","100,53","","","","-2,00","","Nuageux"
"1961-05-02 22:00","1961","05","02","22:00"," ","","","","","","","","","","","","","","","","","","",""
"1961-05-02 22:30","1961","05","02","22:30"," ","0,00","","-3,30","","80,00","","23,00","","3,00","","24,10","","100,50","","","","-1,00","","Nuageux"
"1961-05-02 23:00","1961","05","02","23:00"," ","","","","","","","","","","","","","","","","","","",""
"1961-05-02 23:30","1961","05","02","23:30"," ","-0,60","","-3,30","","82,00","","20,00","","5,00","","24,10","","100,47","","","","-2,00","","Généralement dégagé"
"1961-05-03 00:00","1961","05","03","00:00"," ","","","","","","","","","","","","","","","","","","",""
"1961-05-03 00:30","1961","05","03","00:30"," ","-0,60","","-2,80","","85,00","","20,00","","10,00","","24,10","","100,41","","","","-4,00","","Généralement nuageux"
"1961-05-03 01:00","1961","05","03","01:00"," ","","","","","","","","","","","","","","","","","","",""
"1961-05-03 01:30","1961","05","03","01:30"," ","-1,10","","-2,80","","88,00","","20,00","","10,00","","24,10","","100,34","","","","-5,00","","Généralement nuageux"
"1961-05-03 02:00","1961","05","03","02:00"," ","","","","","","","","","","","","","","","","","","",""
"1961-05-03 02:30","1961","05","03","02:30"," ","-1,10","","-2,80","","89,00","","20,00","","10,00","","24,10","","100,32","","","","-5,00","","Généralement nuageux"
"1961-05-03 03:00","1961","05","03","03:00"," ","","","","","","","","","","","","","","","","","","",""
"1961-05-03 03:30","1961","05","03","03:30"," ","-1,70","","-2,20","","96,00","","23,00","","13,00","","0,80","","100,34","","","","-6,00","","Brouillard"
"1961-05-03 04:00","1961","05","03","04:00"," ","","","","","","","","","","","","","","","","","","",""
"1961-05-03 04:30","1961","05","03","04:30"," ","-0,60","","-1,70","","93,00","","20,00","","11,00","","16,10","","100,29","","","","-4,00","","Généralement nuageux"
"1961-05-03 05:00","1961","05","03","05:00"," ","","","","","","","","","","","","","","","","","","",""
"1961-05-03 05:30","1961","05","03","05:30"," ","0,00","","-1,10","","91,00","","20,00","","16,00","","16,10","","100,27","","","","-5,00","","Nuageux"
"1961-05-03 06:00","1961","05","03","06:00"," ","","","","","","","","","","","","","","","","","","",""
"1961-05-03 06:30","1961","05","03","06:30"," ","0,00","","-1,10","","91,00","","18,00","","10,00","","16,10","","100,21","","","","-3,00","","Nuageux"
"1961-05-03 07:00","1961","05","03","07:00"," ","","","","","","","","","","","","","","","","","","",""
"1961-05-03 07:30","1961","05","03","07:30"," ","0,00","","-2,20","","86,00","","16,00","","24,00","","24,10","","100,09","","","","-6,00","","Nuageux"
"1961-05-03 08:00","1961","05","03","08:00"," ","","","","","","","","","","","","","","","","","","",""
"1961-05-03 08:30","1961","05","03","08:30"," ","0,00","","-3,30","","80,00","","14,00","","29,00","","24,10","","100,05","","","","-6,00","","Nuageux"
"1961-05-03 09:00","1961","05","03","09:00"," ","","","","","","","","","","","","","","","","","","",""
"1961-05-03 09:30","1961","05","03","09:30"," ","0,00","","-3,30","","80,00","","16,00","","29,00","","24,10","","99,98","","","","-6,00","","Nuageux"
"1961-05-03 10:00","1961","05","03","10:00"," ","","","","","","","","","","","","","","","","","","",""
"1961-05-03 10:30","1961","05","03","10:30"," ","-0,60","","-1,70","","93,00","","16,00","","27,00","","0,40","","99,85","","","","-7,00","","Neige forte"
"1961-05-03 11:00","1961","05","03","11:00"," ","","","","","","","","","","","","","","","","","","",""
"1961-05-03 11:30","1961","05","03","11:30"," ","-1,10","","-1,70","","96,00","","14,00","","40,00","","0,40","","99,61","","","","-9,00","","Neige,Brouillard"
"1961-05-03 12:00","1961","05","03","12:00"," ","","","","","","","","","","","","","","","","","","",""
"1961-05-03 12:30","1961","05","03","12:30"," ","-1,10","","-1,70","","96,00","","14,00","","40,00","","0,40","","99,44","","","","-9,00","","Neige forte,Poudrerie élevée"
"1961-05-03 13:00","1961","05","03","13:00"," ","","","","","","","","","","","","","","","","","","",""
"1961-05-03 13:30","1961","05","03","13:30"," ","-1,10","","-1,70","","96,00","","14,00","","48,00","","0,40","","99,29","","","","-9,00","","Neige,Granules de glace ou grésil,Brouillard"
"1961-05-03 14:00","1961","05","03","14:00"," ","","","","","","","","","","","","","","","","","","",""
"1961-05-03 14:30","1961","05","03","14:30"," ","-0,60","","-1,10","","97,00","","14,00","","35,00","","0,80","","99,08","","","","-8,00","","Granules de glace ou grésil,Brouillard"
"1961-05-03 15:00","1961","05","03","15:00"," ","","","","","","","","","","","","","","","","","","",""
"1961-05-03 15:30","1961","05","03","15:30"," ","0,00","","0,00","","100,00","","14,00","","40,00","","0,40","","98,80","","","","-7,00","","Pluie verglaçante,Granules de glace ou grésil,Brouillard"
"1961-05-03 16:00","1961","05","03","16:00"," ","","","","","","","","","","","","","","","","","","",""
"1961-05-03 16:30","1961","05","03","16:30"," ","0,00","","0,00","","100,00","","16,00","","29,00","","0,40","","98,59","","","","-6,00","","Bruine,Brouillard"
"1961-05-03 17:00","1961","05","03","17:00"," ","","","","","","","","","","","","","","","","","","",""
"1961-05-03 17:30","1961","05","03","17:30"," ","0,60","","0,60","","100,00","","20,00","","6,00","","0,80","","98,55","","","","","","Bruine,Brouillard"
"1961-05-03 18:00","1961","05","03","18:00"," ","","","","","","","","","","","","","","","","","","",""
"1961-05-03 18:30","1961","05","03","18:30"," ","1,10","","0,60","","97,00","","27,00","","32,00","","12,90","","98,51","","","","","","Nuageux"
"1961-05-03 19:00","1961","05","03","19:00"," ","","","","","","","","","","","","","","","","","","",""
"1961-05-03 19:30","1961","05","03","19:30"," ","0,60","","0,00","","94,00","","25,00","","35,00","","16,10","","98,52","","","","","","Nuageux"
"1961-05-03 20:00","1961","05","03","20:00"," ","","","","","","","","","","","","","","","","","","",""
"1961-05-03 20:30","1961","05","03","20:30"," ","0,60","","0,00","","94,00","","27,00","","32,00","","16,10","","98,54","","","","","","Généralement nuageux"
"1961-05-03 21:00","1961","05","03","21:00"," ","","","","","","","","","","","","","","","","","","",""
"1961-05-03 21:30","1961","05","03","21:30"," ","0,60","","0,00","","94,00","","25,00","","32,00","","16,10","","98,56","","","","","","Nuageux"
"1961-05-03 22:00","1961","05","03","22:00"," ","","","","","","","","","","","","","","","","","","",""
"1961-05-03 22:30","1961","05","03","22:30"," ","0,60","","0,00","","94,00","","23,00","","19,00","","16,10","","98,54","","","","","","Généralement nuageux"
"1961-05-03 23:00","1961","05","03","23:00"," ","","","","","","","","","","","","","","","","","","",""
"1961-05-03 23:30","1961","05","03","23:30"," ","0,60","","-0,60","","91,00","","20,00","","21,00","","16,10","","98,50","","","","","","Généralement dégagé"
"1961-05-04 00:00","1961","05","04","00:00"," ","","","","","","","","","","","","","","","","","","",""
"1961-05-04 00:30","1961","05","04","00:30"," ","0,00","","-1,10","","91,00","","23,00","","24,00","","16,10","","98,40","","","","-6,00","","Généralement dégagé"
"1961-05-04 01:00","1961","05","04","01:00"," ","","","","","","","","","","","","","","","","","","",""
"1961-05-04 01:30","1961","05","04","01:30"," ","0,60","","-1,10","","89,00","","23,00","","24,00","","16,10","","98,34","","","","","","Dégagé"
"1961-05-04 02:00","1961","05","04","02:00"," ","","","","","","","","","","","","","","","","","","",""
"1961-05-04 02:30","1961","05","04","02:30"," ","1,10","","-1,10","","86,00","","23,00","","24,00","","16,10","","98,25","","","","","","Dégagé"
"1961-05-04 03:00","1961","05","04","03:00"," ","","","","","","","","","","","","","","","","","","",""
"1961-05-04 03:30","1961","05","04","03:30"," ","1,10","","-1,10","","86,00","","23,00","","29,00","","16,10","","98,20","","","","","","Généralement nuageux"
"1961-05-04 04:00","1961","05","04","04:00"," ","","","","","","","","","","","","","","","","","","",""
"1961-05-04 04:30","1961","05","04","04:30"," ","1,70","","-0,60","","86,00","","23,00","","32,00","","16,10","","98,18","","","","","","Nuageux"
"1961-05-04 05:00","1961","05","04","05:00"," ","","","","","","","","","","","","","","","","","","",""
"1961-05-04 05:30","1961","05","04","05:30"," ","1,10","","-1,70","","83,00","","23,00","","29,00","","16,10","","98,11","","","","","","Généralement dégagé"
"1961-05-04 06:00","1961","05","04","06:00"," ","","","","","","","","","","","","","","","","","","",""
"1961-05-04 06:30","1961","05","04","06:30"," ","1,70","","-0,60","","84,00","","23,00","","32,00","","16,10","","98,04","","","","","","Généralement dégagé"
"1961-05-04 07:00","1961","05","04","07:00"," ","","","","","","","","","","","","","","","","","","",""
"1961-05-04 07:30","1961","05","04","07:30"," ","1,70","","-0,60","","84,00","","23,00","","39,00","","8,00","","98,00","","","","","","Brume sèche"
"1961-05-04 08:00","1961","05","04","08:00"," ","","","","","","","","","","","","","","","","","","",""
"1961-05-04 08:30","1961","05","04","08:30"," ","1,70","","0,00","","89,00","","25,00","","37,00","","6,40","","97,93","","","","","","Brume sèche"
"1961-05-04 09:00","1961","05","04","09:00"," ","","","","","","","","","","","","","","","","","","",""
"1961-05-04 09:30","1961","05","04","09:30"," ","1,70","","0,60","","92,00","","25,00","","39,00","","3,20","","97,91","","","","","","Averses de neige"
"1961-05-04 10:00","1961","05","04","10:00"," ","","","","","","","","","","","","","","","","","","",""
"1961-05-04 10:30","1961","05","04","10:30"," ","1,70","","0,60","","92,00","","25,00","","32,00","","4,80","","97,99","","","","","","Averses de neige"
"1961-05-04 11:00","1961","05","04","11:00"," ","","","","","","","","","","","","","","","","","","",""
"1961-05-04 11:30","1961","05","04","11:30"," ","1,70","","-0,60","","86,00","","25,00","","27,00","","19,30","","98,00","","","","","","Averses de neige"
"1961-05-04 12:00","1961","05","04","12:00"," ","","","","","","","","","","","","","","","","","","",""
"1961-05-04 12:30","1961","05","04","12:30"," ","1,10","","0,00","","92,00","","25,00","","26,00","","24,10","","98,04","","","","","","Nuageux"
"1961-05-04 13:00","1961","05","04","13:00"," ","","","","","","","","","","","","","","","","","","",""
"1961-05-04 13:30","1961","05","04","13:30"," ","1,70","","-0,60","","84,00","","25,00","","27,00","","24,10","","98,04","","","","","","Généralement nuageux"
"1961-05-04 14:00","1961","05","04","14:00"," ","","","","","","","","","","","","","","","","","","",""
"1961-05-04 14:30","1961","05","04","14:30"," ","2,80","","0,00","","82,00","","27,00","","23,00","","24,10","","98,09","","","","","","Généralement nuageux"
"1961-05-04 15:00","1961","05","04","15:00"," ","","","","","","","","","","","","","","","","","","",""
"1961-05-04 15:30","1961","05","04","15:30"," ","3,30","","1,10","","85,00","","29,00","","32,00","","24,10","","98,14","","","","","","Généralement nuageux"
"1961-05-04 16:00","1961","05","04","16:00"," ","","","","","","","","","","","","","","","","","","",""
"1961-05-04 16:30","1961","05","04","16:30"," ","3,30","","1,10","","85,00","","29,00","","29,00","","24,10","","98,25","","","","","","Généralement nuageux"
"1961-05-04 17:00","1961","05","04","17:00"," ","","","","","","","","","","","","","","","","","","",""
"1961-05-04 17:30","1961","05","04","17:30"," ","1,70","","0,60","","92,00","","34,00","","24,00","","16,10","","98,39","","","","","","Averses de pluie,Averses de neige"
"1961-05-04 18:00","1961","05","04","18:00"," ","","","","","","","","","","","","","","","","","","",""
"1961-05-04 18:30","1961","05","04","18:30"," ","1,10","","-0,60","","89,00","","34,00","","24,00","","16,10","","98,55","","","","","","Averses de neige"
"1961-05-04 19:00","1961","05","04","19:00"," ","","","","","","","","","","","","","","","","","","",""
"1961-05-04 19:30","1961","05","04","19:30"," ","0,00","","-0,60","","97,00","","34,00","","24,00","","6,40","","98,71","","","","-6,00","","Bruine,Brouillard"
"1961-05-04 20:00","1961","05","04","20:00"," ","","","","","","","","","","","","","","","","","","",""
"1961-05-04 20:30","1961","05","04","20:30"," ","0,00","","0,00","","100,00","","34,00","","26,00","","4,80","","98,82","","","","-6,00","","Bruine verglaçante,Granules de glace ou grésil,Brouillard"
"1961-05-04 21:00","1961","05","04","21:00"," ","","","","","","","","","","","","","","","","","","",""
"1961-05-04 21:30","1961","05","04","21:30"," ","0,00","","0,00","","100,00","","34,00","","26,00","","12,90","","98,98","","","","-6,00","","Neige"
"1961-05-04 22:00","1961","05","04","22:00"," ","","","","","","","","","","","","","","","","","","",""
"1961-05-04 22:30","1961","05","04","22:30"," ","-0,60","","-0,60","","99,00","","34,00","","32,00","","12,90","","99,10","","","","-7,00","","Averses de neige"
"1961-05-04 23:00","1961","05","04","23:00"," ","","","","","","","","","","","","","","","","","","",""
"1961-05-04 23:30","1961","05","04","23:30"," ","-0,60","","-1,70","","91,00","","32,00","","27,00","","19,30","","99,19","","","","-7,00","","Averses de neige"
"1961-05-05 00:00","1961","05","05","00:00"," ","","","","","","","","","","","","","","","","","","",""
"1961-05-05 00:30","1961","05","05","00:30"," ","-0,60","","-1,70","","93,00","","32,00","","19,00","","24,10","","99,28","","","","-6,00","","Nuageux"
"1961-05-05 01:00","1961","05","05","01:00"," ","","","","","","","","","","","","","","","","","","",""
"1961-05-05 01:30","1961","05","05","01:30"," ","-0,60","","-1,70","","91,00","","32,00","","23,00","","24,10","","99,36","","","","-6,00","","Averses de neige"
"1961-05-05 02:00","1961","05","05","02:00"," ","","","","","","","","","","","","","","","","","","",""
"1961-05-05 02:30","1961","05","05","02:30"," ","-0,60","","-2,20","","88,00","","29,00","","19,00","","24,10","","99,46","","","","-6,00","","Généralement nuageux"
"1961-05-05 03:00","1961","05","05","03:00"," ","","","","","","","","","","","","","","","","","","",""
"1961-05-05 03:30","1961","05","05","03:30"," ","-0,60","","-2,20","","88,00","","27,00","","13,00","","24,10","","99,56","","","","-5,00","","Généralement nuageux"
"1961-05-05 04:00","1961","05","05","04:00"," ","","","","","","","","","","","","","","","","","","",""
"1961-05-05 04:30","1961","05","05","04:30"," ","-1,10","","-3,30","","86,00","","29,00","","16,00","","24,10","","99,61","","","","-6,00","","Généralement dégagé"
"1961-05-05 05:00","1961","05","05","05:00"," ","","","","","","","","","","","","","","","","","","",""
"1961-05-05 05:30","1961","05","05","05:30"," ","-1,10","","-3,30","","85,00","","29,00","","8,00","","24,10","","99,63","","","","-4,00","","Généralement dégagé"
"1961-05-05 06:00","1961","05","05","06:00"," ","","","","","","","","","","","","","","","","","","",""
"1961-05-05 06:30","1961","05","05","06:30"," ","0,00","","-2,20","","86,00","","32,00","","16,00","","24,10","","99,71","","","","-5,00","","Généralement nuageux"
"1961-05-05 07:00","1961","05","05","07:00"," ","","","","","","","","","","","","","","","","","","",""
"1961-05-05 07:30","1961","05","05","07:30"," ","0,60","","-1,70","","84,00","","29,00","","13,00","","24,10","","99,80","","","","","","Généralement nuageux"
"1961-05-05 08:00","1961","05","05","08:00"," ","","","","","","","","","","","","","","","","","","",""
"1961-05-05 08:30","1961","05","05","08:30"," ","1,10","","-1,70","","82,00","","32,00","","13,00","","24,10","","99,84","","","","","","Généralement nuageux"
"1961-05-05 09:00","1961","05","05","09:00"," ","","","","","","","","","","","","","","","","","","",""
"1961-05-05 09:30","1961","05","05","09:30"," ","3,30","","-5,60","","53,00","","32,00","","13,00","","24,10","","99,87","","","","","","Généralement nuageux"
"1961-05-05 10:00","1961","05","05","10:00"," ","","","","","","","","","","","","","","","","","","",""
"1961-05-05 10:30","1961","05","05","10:30"," ","3,30","","-6,10","","51,00","","32,00","","13,00","","24,10","","99,91","","","","","","Généralement nuageux"
"1961-05-05 11:00","1961","05","05","11:00"," ","","","","","","","","","","","","","","","","","","",""
"1961-05-05 11:30","1961","05","05","11:30"," ","3,30","","-6,10","","51,00","","25,00","","10,00","","24,10","","99,90","","","","","","Généralement nuageux"
"1961-05-05 12:00","1961","05","05","12:00"," ","","","","","","","","","","","","","","","","","","",""
"1961-05-05 12:30","1961","05","05","12:30"," ","3,90","","-5,60","","50,00","","25,00","","16,00","","24,10","","99,88","","","","","","Généralement nuageux"
"1961-05-05 13:00","1961","05","05","13:00"," ","","","","","","","","","","","","","","","","","","",""
"1961-05-05 13:30","1961","05","05","13:30"," ","5,60","","-5,00","","47,00","","23,00","","16,00","","24,10","","99,89","","","","","","Généralement nuageux"
"1961-05-05 14:00","1961","05","05","14:00"," ","","","","","","","","","","","","","","","","","","",""
"1961-05-05 14:30","1961","05","05","14:30"," ","3,90","","-3,30","","59,00","","20,00","","16,00","","24,10","","99,89","","","","","","Généralement nuageux"
"1961-05-05 15:00","1961","05","05","15:00"," ","","","","","","","","","","","","","","","","","","",""
"1961-05-05 15:30","1961","05","05","15:30"," ","3,30","","-3,90","","90,00","","20,00","","24,00","","24,10","","99,87","","","","","","Généralement nuageux"
"1961-05-05 16:00","1961","05","05","16:00"," ","","","","","","","","","","","","","","","","","","",""
"1961-05-05 16:30","1961","05","05","16:30"," ","3,90","","-1,10","","71,00","","20,00","","24,00","","24,10","","99,88","","","","","","Généralement nuageux"
"1961-05-05 17:00","1961","05","05","17:00"," ","","","","","","","","","","","","","","","","","","",""
"1961-05-05 17:30","1961","05","05","17:30"," ","3,90","","-1,10","","71,00","","20,00","","24,00","","24,10","","99,88","","","","","","Généralement nuageux"
"1961-05-05 18:00","1961","05","05","18:00"," ","","","","","","","","","","","","","","","","","","",""
"1961-05-05 18:30","1961","05","05","18:30"," ","3,30","","-0,60","","75,00","","23,00","","16,00","","24,10","","99,89","","","","","","Généralement nuageux"
"1961-05-05 19:00","1961","05","05","19:00"," ","","","","","","","","","","","","","","","","","","",""
"1961-05-05 19:30","1961","05","05","19:30"," ","1,70","","-2,20","","76,00","","25,00","","13,00","","24,10","","99,92","","","","","","Généralement dégagé"
"1961-05-05 20:00","1961","05","05","20:00"," ","","","","","","","","","","","","","","","","","","",""
"1961-05-05 20:30","1961","05","05","20:30"," ","1,70","","-2,80","","73,00","","25,00","","18,00","","24,10","","99,94","","","","","","Généralement dégagé"
"1961-05-05 21:00","1961","05","05","21:00"," ","","","","","","","","","","","","","","","","","","",""
"1961-05-05 21:30","1961","05","05","21:30"," ","0,60","","-2,80","","78,00","","23,00","","16,00","","24,10","","99,93","","","","","","Généralement dégagé"
"1961-05-05 22:00","1961","05","05","22:00"," ","","","","","","","","","","","","","","","","","","",""
"1961-05-05 22:30","1961","05","05","22:30"," ","0,00","","-2,80","","83,00","","23,00","","21,00","","24,10","","99,90","","","","-5,00","","Généralement dégagé"
"1961-05-05 23:00","1961","05","05","23:00"," ","","","","","","","","","","","","","","","","","","",""
"1961-05-05 23:30","1961","05","05","23:30"," ","0,00","","-3,30","","80,00","","23,00","","16,00","","24,10","","99,87","","","","-5,00","","Généralement dégagé"
"1961-05-06 00:00","1961","05","06","00:00"," ","","","","","","","","","","","","","","","","","","",""
"1961-05-06 00:30","1961","05","06","00:30"," ","0,00","","-3,30","","80,00","","23,00","","21,00","","24,10","","99,83","","","","-5,00","","Généralement nuageux"
"1961-05-06 01:00","1961","05","06","01:00"," ","","","","","","","","","","","","","","","","","","",""
"1961-05-06 01:30","1961","05","06","01:30"," ","-0,60","","-2,80","","85,00","","23,00","","23,00","","6,40","","99,78","","","","-6,00","","Averses de neige"
"1961-05-06 02:00","1961","05","06","02:00"," ","","","","","","","","","","","","","","","","","","",""
"1961-05-06 02:30","1961","05","06","02:30"," ","-0,60","","-1,70","","91,00","","23,00","","11,00","","3,20","","99,74","","","","-4,00","","Averses de neige"
"1961-05-06 03:00","1961","05","06","03:00"," ","","","","","","","","","","","","","","","","","","",""
"1961-05-06 03:30","1961","05","06","03:30"," ","-0,60","","-1,10","","97,00","","20,00","","10,00","","2,40","","99,69","","","","-4,00","","Averses de neige"
"1961-05-06 04:00","1961","05","06","04:00"," ","","","","","","","","","","","","","","","","","","",""
"1961-05-06 04:30","1961","05","06","04:30"," ","-0,60","","-1,10","","97,00","","18,00","","8,00","","0,80","","99,63","","","","-3,00","","Neige modérée"
"1961-05-06 05:00","1961","05","06","05:00"," ","","","","","","","","","","","","","","","","","","",""
"1961-05-06 05:30","1961","05","06","05:30"," ","-1,10","","-1,10","","99,00","","16,00","","10,00","","3,20","","99,61","","","","-5,00","","Neige"
"1961-05-06 06:00","1961","05","06","06:00"," ","","","","","","","","","","","","","","","","","","",""
"1961-05-06 06:30","1961","05","06","06:30"," ","-1,10","","-1,70","","97,00","","14,00","","11,00","","4,80","","99,57","","","","-5,00","","Neige,Brouillard"
"1961-05-06 07:00","1961","05","06","07:00"," ","","","","","","","","","","","","","","","","","","",""
"1961-05-06 07:30","1961","05","06","07:30"," ","-1,10","","-1,10","","99,00","","14,00","","13,00","","1,20","","99,53","","","","-5,00","","Neige,Brouillard"
"1961-05-06 08:00","1961","05","06","08:00"," ","","","","","","","","","","","","","","","","","","",""
"1961-05-06 08:30","1961","05","06","08:30"," ","-0,60","","-0,60","","99,00","","16,00","","19,00","","1,20","","99,51","","","","-6,00","","Neige,Brouillard"
"1961-05-06 09:00","1961","05","06","09:00"," ","","","","","","","","","","","","","","","","","","",""
"1961-05-06 09:30","1961","05","06","09:30"," ","0,00","","0,00","","100,00","","16,00","","16,00","","2,40","","99,45","","","","-5,00","","Neige,Brouillard"
"1961-05-06 10:00","1961","05","06","10:00"," ","","","","","","","","","","","","","","","","","","",""
"1961-05-06 10:30","1961","05","06","10:30"," ","0,00","","0,00","","100,00","","16,00","","13,00","","4,00","","99,43","","","","-4,00","","Neige,Brouillard"
"1961-05-06 11:00","1961","05","06","11:00"," ","","","","","","","","","","","","","","","","","","",""
"1961-05-06 11:30","1961","05","06","11:30"," ","0,60","","0,60","","100,00","","11,00","","5,00","","4,00","","99,37","","","","","","Neige,Brouillard"
"1961-05-06 12:00","1961","05","06","12:00"," ","","","","","","","","","","","","","","","","","","",""
"1961-05-06 12:30","1961","05","06","12:30"," ","0,60","","0,60","","100,00","","14,00","","10,00","","0,80","","99,36","","","","","","Neige,Brouillard"
"1961-05-06 13:00","1961","05","06","13:00"," ","","","","","","","","","","","","","","","","","","",""
"1961-05-06 13:30","1961","05","06","13:30"," ","0,60","","0,60","","100,00","","14,00","","10,00","","0,40","","99,35","","","","","","Neige,Brouillard"
"1961-05-06 14:00","1961","05","06","14:00"," ","","","","","","","","","","","","","","","","","","",""
"1961-05-06 14:30","1961","05","06","14:30"," ","0,00","","0,00","","100,00","","11,00","","5,00","","1,20","","99,34","","","","-2,00","","Neige,Brouillard"
"1961-05-06 15:00","1961","05","06","15:00"," ","","","","","","","","","","","","","","","","","","",""
"1961-05-06 15:30","1961","05","06","15:30"," ","0,00","","0,00","","100,00","","9,00","","6,00","","4,00","","99,33","","","","-2,00","","Neige,Brouillard"
"1961-05-06 16:00","1961","05","06","16:00"," ","","","","","","","","","","","","","","","","","","",""
"1961-05-06 16:30","1961","05","06","16:30"," ","0,00","","0,00","","100,00","","9,00","","10,00","","1,60","","99,36","","","","-3,00","","Neige,Brouillard"
"1961-05-06 17:00","1961","05","06","17:00"," ","","","","","","","","","","","","","","","","","","",""
"1961-05-06 17:30","1961","05","06","17:30"," ","0,00","","0,00","","100,00","","11,00","","8,00","","1,60","","99,38","","","","-3,00","","Neige,Brouillard"
"1961-05-06 18:00","1961","05","06","18:00"," ","","","","","","","","","","","","","","","","","","",""
"1961-05-06 18:30","1961","05","06","18:30"," ","-0,60","","-0,60","","99,00","","11,00","","8,00","","1,60","","99,42","","","","-3,00","","Neige,Brouillard"
"1961-05-06 19:00","1961","05","06","19:00"," ","","","","","","","","","","","","","","","","","","",""
"1961-05-06 19:30","1961","05","06","19:30"," ","-1,10","","-1,10","","99,00","","7,00","","13,00","","1,20","","99,48","","","","-5,00","","Neige,Brouillard"
"1961-05-06 20:00","1961","05","06","20:00"," ","","","","","","","","","","","","","","","","","","",""
"1961-05-06 20:30","1961","05","06","20:30"," ","-0,60","","-0,60","","99,00","","9,00","","24,00","","1,60","","99,56","","","","-7,00","","Neige,Brouillard"
"1961-05-06 21:00","1961","05","06","21:00"," ","","","","","","","","","","","","","","","","","","",""
"1961-05-06 21:30","1961","05","06","21:30"," ","-0,60","","-0,60","","99,00","","11,00","","26,00","","0,80","","99,67","","","","-7,00","","Neige,Brouillard"
"1961-05-06 22:00","1961","05","06","22:00"," ","","","","","","","","","","","","","","","","","","",""
"1961-05-06 22:30","1961","05","06","22:30"," ","-0,60","","-0,60","","99,00","","9,00","","29,00","","1,20","","99,73","","","","-7,00","","Neige,Brouillard"
"1961-05-06 23:00","1961","05","06","23:00"," ","","","","","","","","","","","","","","","","","","",""
"1961-05-06 23:30","1961","05","06","23:30"," ","-1,10","","-1,10","","99,00","","9,00","","19,00","","2,40","","99,80","","","","-6,00","","Neige,Brouillard"
"1961-05-07 00:00","1961","05","07","00:00"," ","","","","","","","","","","","","","","","","","","",""
"1961-05-07 00:30","1961","05","07","00:30"," ","-1,10","","-1,10","","99,00","","9,00","","19,00","","4,80","","99,84","","","","-6,00","","Brouillard"
"1961-05-07 01:00","1961","05","07","01:00"," ","","","","","","","","","","","","","","","","","","",""
"1961-05-07 01:30","1961","05","07","01:30"," ","-1,70","","-2,20","","96,00","","7,00","","19,00","","12,90","","99,88","","","","-7,00","","Généralement nuageux"
"1961-05-07 02:00","1961","05","07","02:00"," ","","","","","","","","","","","","","","","","","","",""
"1961-05-07 02:30","1961","05","07","02:30"," ","-1,70","","-2,20","","96,00","","5,00","","16,00","","12,90","","99,96","","","","-7,00","","Nuageux"
"1961-05-07 03:00","1961","05","07","03:00"," ","","","","","","","","","","","","","","","","","","",""
"1961-05-07 03:30","1961","05","07","03:30"," ","-2,20","","-2,80","","98,00","","5,00","","19,00","","4,80","","99,97","","","","-8,00","","Brouillard"
"1961-05-07 04:00","1961","05","07","04:00"," ","","","","","","","","","","","","","","","","","","",""
"1961-05-07 04:30","1961","05","07","04:30"," ","-2,80","","-3,30","","95,00","","5,00","","16,00","","16,10","","100,04","","","","-8,00","","Généralement nuageux"
"1961-05-07 05:00","1961","05","07","05:00"," ","","","","","","","","","","","","","","","","","","",""
"1961-05-07 05:30","1961","05","07","05:30"," ","-2,20","","-3,30","","91,00","","5,00","","13,00","","24,10","","100,13","","","","-7,00","","Généralement nuageux"
"1961-05-07 06:00","1961","05","07","06:00"," ","","","","","","","","","","","","","","","","","","",""
"1961-05-07 06:30","1961","05","07","06:30"," ","-1,70","","-2,80","","92,00","","2,00","","19,00","","24,10","","100,17","","","","-7,00","","Généralement nuageux"
"1961-05-07 07:00","1961","05","07","07:00"," ","","","","","","","","","","","","","","","","","","",""
"1961-05-07 07:30","1961","05","07","07:30"," ","-0,60","","-1,70","","91,00","","5,00","","19,00","","24,10","","100,25","","","","-6,00","","Généralement dégagé"
"1961-05-07 08:00","1961","05","07","08:00"," ","","","","","","","","","","","","","","","","","","",""
"1961-05-07 08:30","1961","05","07","08:30"," ","0,60","","-1,70","","86,00","","2,00","","19,00","","24,10","","100,28","","","","","","Généralement nuageux"
"1961-05-07 09:00","1961","05","07","09:00"," ","","","","","","","","","","","","","","","","","","",""
"1961-05-07 09:30","1961","05","07","09:30"," ","1,10","","-0,60","","89,00","","2,00","","24,00","","24,10","","100,35","","","","","","Généralement nuageux"
"1961-05-07 10:00","1961","05","07","10:00"," ","","","","","","","","","","","","","","","","","","",""
"1961-05-07 10:30","1961","05","07","10:30"," ","1,70","","0,00","","89,00","","2,00","","29,00","","24,10","","100,33","","","","","","Généralement nuageux"
"1961-05-07 11:00","1961","05","07","11:00"," ","","","","","","","","","","","","","","","","","","",""
"1961-05-07 11:30","1961","05","07","11:30"," ","1,70","","0,00","","89,00","","2,00","","26,00","","24,10","","100,31","","","","","","Généralement nuageux"
"1961-05-07 12:00","1961","05","07","12:00"," ","","","","","","","","","","","","","","","","","","",""
"1961-05-07 12:30","1961","05","07","12:30"," ","2,20","","-0,60","","81,00","","2,00","","27,00","","24,10","","100,28","","","","","","Généralement nuageux"
"1961-05-07 13:00","1961","05","07","13:00"," ","","","","","","","","","","","","","","","","","","",""
"1961-05-07 13:30","1961","05","07","13:30"," ","2,80","","0,00","","82,00","","2,00","","32,00","","24,10","","100,28","","","","","","Généralement nuageux"
"1961-05-07 14:00","1961","05","07","14:00"," ","","","","","","","","","","","","","","","","","","",""
"1961-05-07 14:30","1961","05","07","14:30"," ","2,80","","0,00","","82,00","","2,00","","32,00","","24,10","","100,27","","","","","","Généralement dégagé"
"1961-05-07 15:00","1961","05","07","15:00"," ","","","","","","","","","","","","","","","","","","",""
"1961-05-07 15:30","1961","05","07","15:30"," ","2,80","","0,00","","82,00","","2,00","","32,00","","24,10","","100,28","","","","","","Généralement dégagé"
"1961-05-07 16:00","1961","05","07","16:00"," ","","","","","","","","","","","","","","","","","","",""
"1961-05-07 16:30","1961","05","07","16:30"," ","2,80","","0,00","","82,00","","2,00","","24,00","","24,10","","100,35","","","","","","Généralement dégagé"
"1961-05-07 17:00","1961","05","07","17:00"," ","","","","","","","","","","","","","","","","","","",""
"1961-05-07 17:30","1961","05","07","17:30"," ","1,70","","-0,60","","84,00","","2,00","","24,00","","24,10","","100,38","","","","","","Généralement dégagé"
"1961-05-07 18:00","1961","05","07","18:00"," ","","","","","","","","","","","","","","","","","","",""
"1961-05-07 18:30","1961","05","07","18:30"," ","1,10","","-1,70","","83,00","","36,00","","26,00","","24,10","","100,44","","","","","","Dégagé"
"1961-05-07 19:00","1961","05","07","19:00"," ","","","","","","","","","","","","","","","","","","",""
"1961-05-07 19:30","1961","05","07","19:30"," ","-0,60","","-2,80","","85,00","","0,00","","0,00","","24,10","","100,48","","","","","","Généralement dégagé"
"1961-05-07 20:00","1961","05","07","20:00"," ","","","","","","","","","","","","","","","","","","",""
"1961-05-07 20:30","1961","05","07","20:30"," ","-1,10","","-2,80","","88,00","","32,00","","11,00","","24,10","","100,50","","","","-5,00","","Généralement dégagé"
"1961-05-07 21:00","1961","05","07","21:00"," ","","","","","","","","","","","","","","","","","","",""
"1961-05-07 21:30","1961","05","07","21:30"," ","-1,10","","-2,80","","89,00","","34,00","","6,00","","24,10","","100,47","","","","-3,00","","Généralement dégagé"
"1961-05-07 22:00","1961","05","07","22:00"," ","","","","","","","","","","","","","","","","","","",""
"1961-05-07 22:30","1961","05","07","22:30"," ","-1,70","","-3,30","","90,00","","32,00","","10,00","","24,10","","100,42","","","","-5,00","","Généralement dégagé"
"1961-05-07 23:00","1961","05","07","23:00"," ","","","","","","","","","","","","","","","","","","",""
"1961-05-07 23:30","1961","05","07","23:30"," ","-2,80","","-3,90","","91,00","","25,00","","10,00","","24,10","","100,43","","","","-7,00","","Dégagé"
"1961-05-08 00:00","1961","05","08","00:00"," ","","","","","","","","","","","","","","","","","","",""
"1961-05-08 00:30","1961","05","08","00:30"," ","-3,30","","-4,40","","93,00","","27,00","","8,00","","24,10","","100,41","","","","-7,00","","Dégagé"
"1961-05-08 01:00","1961","05","08","01:00"," ","","","","","","","","","","","","","","","","","","",""
"1961-05-08 01:30","1961","05","08","01:30"," ","-2,20","","-3,30","","94,00","","27,00","","16,00","","24,10","","100,37","","","","-7,00","","Généralement nuageux"
"1961-05-08 02:00","1961","05","08","02:00"," ","","","","","","","","","","","","","","","","","","",""
"1961-05-08 02:30","1961","05","08","02:30"," ","-0,60","","-1,70","","93,00","","27,00","","21,00","","24,10","","100,33","","","","-6,00","","Généralement dégagé"
"1961-05-08 03:00","1961","05","08","03:00"," ","","","","","","","","","","","","","","","","","","",""
"1961-05-08 03:30","1961","05","08","03:30"," ","0,60","","0,00","","94,00","","27,00","","16,00","","24,10","","100,33","","","","","","Généralement dégagé"
"1961-05-08 04:00","1961","05","08","04:00"," ","","","","","","","","","","","","","","","","","","",""
"1961-05-08 04:30","1961","05","08","04:30"," ","-1,10","","-2,80","","89,00","","27,00","","16,00","","24,10","","100,31","","","","-6,00","","Généralement dégagé"
"1961-05-08 05:00","1961","05","08","05:00"," ","","","","","","","","","","","","","","","","","","",""
"1961-05-08 05:30","1961","05","08","05:30"," ","-1,10","","-2,80","","89,00","","27,00","","10,00","","24,10","","100,32","","","","-5,00","","Généralement dégagé"
"1961-05-08 06:00","1961","05","08","06:00"," ","","","","","","","","","","","","","","","","","","",""
"1961-05-08 06:30","1961","05","08","06:30"," ","0,60","","-1,10","","89,00","","27,00","","13,00","","24,10","","100,33","","","","","","Dégagé"
"1961-05-08 07:00","1961","05","08","07:00"," ","","","","","","","","","","","","","","","","","","",""
"1961-05-08 07:30","1961","05","08","07:30"," ","2,20","","0,00","","84,00","","29,00","","16,00","","24,10","","100,39","","","","","","Dégagé"
"1961-05-08 08:00","1961","05","08","08:00"," ","","","","","","","","","","","","","","","","","","",""
"1961-05-08 08:30","1961","05","08","08:30"," ","3,30","","-1,70","","70,00","","32,00","","13,00","","24,10","","100,41","","","","","","Dégagé"
"1961-05-08 09:00","1961","05","08","09:00"," ","","","","","","","","","","","","","","","","","","",""
"1961-05-08 09:30","1961","05","08","09:30"," ","3,90","","-1,70","","68,00","","5,00","","13,00","","24,10","","100,42","","","","","","Dégagé"
"1961-05-08 10:00","1961","05","08","10:00"," ","","","","","","","","","","","","","","","","","","",""
"1961-05-08 10:30","1961","05","08","10:30"," ","3,90","","-1,70","","66,00","","5,00","","14,00","","24,10","","100,40","","","","","","Dégagé"
"1961-05-08 11:00","1961","05","08","11:00"," ","","","","","","","","","","","","","","","","","","",""
"1961-05-08 11:30","1961","05","08","11:30"," ","4,40","","-2,20","","62,00","","5,00","","16,00","","24,10","","100,40","","","","","","Dégagé"
"1961-05-08 12:00","1961","05","08","12:00"," ","","","","","","","","","","","","","","","","","","",""
"1961-05-08 12:30","1961","05","08","12:30"," ","3,90","","-1,70","","66,00","","5,00","","23,00","","24,10","","100,39","","","","","","Dégagé"
"1961-05-08 13:00","1961","05","08","13:00"," ","","","","","","","","","","","","","","","","","","",""
"1961-05-08 13:30","1961","05","08","13:30"," ","3,90","","-1,70","","68,00","","5,00","","27,00","","24,10","","100,40","","","","","","Dégagé"
"1961-05-08 14:00","1961","05","08","14:00"," ","","","","","","","","","","","","","","","","","","",""
"1961-05-08 14:30","1961","05","08","14:30"," ","3,90","","-1,70","","66,00","","2,00","","21,00","","24,10","","100,40","","","","","","Dégagé"
"1961-05-08 15:00","1961","05","08","15:00"," ","","","","","","","","","","","","","","","","","","",""
"1961-05-08 15:30","1961","05","08","15:30"," ","3,90","","-2,20","","64,00","","5,00","","16,00","","24,10","","100,38","","","","","","Dégagé"
"1961-05-08 16:00","1961","05","08","16:00"," ","","","","","","","","","","","","","","","","","","",""
"1961-05-08 16:30","1961","05","08","16:30"," ","3,90","","-1,70","","66,00","","5,00","","13,00","","24,10","","100,40","","","","","","Dégagé"
"1961-05-08 17:00","1961","05","08","17:00"," ","","","","","","","","","","","","","","","","","","",""
"1961-05-08 17:30","1961","05","08","17:30"," ","4,40","","-2,20","","62,00","","5,00","","13,00","","24,10","","100,43","","","","","","Dégagé"
"1961-05-08 18:00","1961","05","08","18:00"," ","","","","","","","","","","","","","","","","","","",""
"1961-05-08 18:30","1961","05","08","18:30"," ","3,90","","-2,20","","64,00","","36,00","","8,00","","24,10","","100,45","","","","","","Dégagé"
"1961-05-08 19:00","1961","05","08","19:00"," ","","","","","","","","","","","","","","","","","","",""
"1961-05-08 19:30","1961","05","08","19:30"," ","2,80","","-1,70","","72,00","","0,00","","0,00","","24,10","","100,50","","","","","","Dégagé"
"1961-05-08 20:00","1961","05","08","20:00"," ","","","","","","","","","","","","","","","","","","",""
"1961-05-08 20:30","1961","05","08","20:30"," ","1,10","","-1,70","","82,00","","27,00","","8,00","","24,10","","100,53","","","","","","Dégagé"
"1961-05-08 21:00","1961","05","08","21:00"," ","","","","","","","","","","","","","","","","","","",""
"1961-05-08 21:30","1961","05","08","21:30"," ","1,10","","-1,70","","83,00","","25,00","","6,00","","24,10","","100,53","","","","","","Dégagé"
"1961-05-08 22:00","1961","05","08","22:00"," ","","","","","","","","","","","","","","","","","","",""
"1961-05-08 22:30","1961","05","08","22:30"," ","0,00","","-2,20","","86,00","","25,00","","8,00","","24,10","","100,50","","","","-3,00","","Dégagé"
"1961-05-08 23:00","1961","05","08","23:00"," ","","","","","","","","","","","","","","","","","","",""
"1961-05-08 23:30","1961","05","08","23:30"," ","-0,60","","-2,20","","88,00","","25,00","","18,00","","24,10","","100,50","","","","-6,00","","Dégagé"
"1961-05-09 00:00","1961","05","09","00:00"," ","","","","","","","","","","","","","","","","","","",""
"1961-05-09 00:30","1961","05","09","00:30"," ","-0,60","","-2,20","","88,00","","25,00","","23,00","","24,10","","100,50","","","","-6,00","","Dégagé"
"1961-05-09 01:00","1961","05","09","01:00"," ","","","","","","","","","","","","","","","","","","",""
"1961-05-09 01:30","1961","05","09","01:30"," ","-0,60","","-2,20","","88,00","","25,00","","24,00","","24,10","","100,49","","","","-7,00","","Dégagé"
"1961-05-09 02:00","1961","05","09","02:00"," ","","","","","","","","","","","","","","","","","","",""
"1961-05-09 02:30","1961","05","09","02:30"," ","0,00","","-2,20","","86,00","","25,00","","32,00","","24,10","","100,47","","","","-7,00","","Dégagé"
"1961-05-09 03:00","1961","05","09","03:00"," ","","","","","","","","","","","","","","","","","","",""
"1961-05-09 03:30","1961","05","09","03:30"," ","0,00","","-2,20","","86,00","","25,00","","35,00","","24,10","","100,47","","","","-7,00","","Généralement dégagé"
"1961-05-09 04:00","1961","05","09","04:00"," ","","","","","","","","","","","","","","","","","","",""
"1961-05-09 04:30","1961","05","09","04:30"," ","0,00","","-2,80","","83,00","","25,00","","29,00","","24,10","","100,48","","","","-6,00","","Généralement dégagé"
"1961-05-09 05:00","1961","05","09","05:00"," ","","","","","","","","","","","","","","","","","","",""
"1961-05-09 05:30","1961","05","09","05:30"," ","0,60","","-1,70","","84,00","","25,00","","32,00","","24,10","","100,49","","","","","","Généralement dégagé"
"1961-05-09 06:00","1961","05","09","06:00"," ","","","","","","","","","","","","","","","","","","",""
"1961-05-09 06:30","1961","05","09","06:30"," ","1,70","","-2,20","","76,00","","25,00","","26,00","","24,10","","100,60","","","","","","Généralement dégagé"
"1961-05-09 07:00","1961","05","09","07:00"," ","","","","","","","","","","","","","","","","","","",""
"1961-05-09 07:30","1961","05","09","07:30"," ","4,40","","-2,80","","60,00","","25,00","","27,00","","24,10","","100,60","","","","","","Dégagé"
"1961-05-09 08:00","1961","05","09","08:00"," ","","","","","","","","","","","","","","","","","","",""
"1961-05-09 08:30","1961","05","09","08:30"," ","6,70","","-2,20","","53,00","","27,00","","24,00","","24,10","","100,62","","","","","","Dégagé"
"1961-05-09 09:00","1961","05","09","09:00"," ","","","","","","","","","","","","","","","","","","",""
"1961-05-09 09:30","1961","05","09","09:30"," ","8,30","","-1,70","","48,00","","27,00","","26,00","","24,10","","100,62","","","","","","Dégagé"
"1961-05-09 10:00","1961","05","09","10:00"," ","","","","","","","","","","","","","","","","","","",""
"1961-05-09 10:30","1961","05","09","10:30"," ","10,00","","-1,10","","46,00","","27,00","","24,00","","24,10","","100,61","","","","","","Dégagé"
"1961-05-09 11:00","1961","05","09","11:00"," ","","","","","","","","","","","","","","","","","","",""
"1961-05-09 11:30","1961","05","09","11:30"," ","11,10","","-1,70","","40,00","","27,00","","27,00","","24,10","","100,64","","","","","","Dégagé"
"1961-05-09 12:00","1961","05","09","12:00"," ","","","","","","","","","","","","","","","","","","",""
"1961-05-09 12:30","1961","05","09","12:30"," ","12,80","","-1,10","","37,00","","27,00","","24,00","","24,10","","100,66","","","","","","Dégagé"
"1961-05-09 13:00","1961","05","09","13:00"," ","","","","","","","","","","","","","","","","","","",""
"1961-05-09 13:30","1961","05","09","13:30"," ","13,30","","-1,10","","37,00","","27,00","","24,00","","24,10","","100,61","","","","","","Dégagé"
"1961-05-09 14:00","1961","05","09","14:00"," ","","","","","","","","","","","","","","","","","","",""
"1961-05-09 14:30","1961","05","09","14:30"," ","13,90","","-1,10","","35,00","","27,00","","26,00","","24,10","","100,62","","","","","","Dégagé"
"1961-05-09 15:00","1961","05","09","15:00"," ","","","","","","","","","","","","","","","","","","",""
"1961-05-09 15:30","1961","05","09","15:30"," ","13,30","","-2,80","","33,00","","27,00","","24,00","","24,10","","100,65","","","","","","Dégagé"
"1961-05-09 16:00","1961","05","09","16:00"," ","","","","","","","","","","","","","","","","","","",""
"1961-05-09 16:30","1961","05","09","16:30"," ","12,80","","-1,70","","36,00","","27,00","","24,00","","24,10","","100,67","","","","","","Dégagé"
"1961-05-09 17:00","1961","05","09","17:00"," ","","","","","","","","","","","","","","","","","","",""
"1961-05-09 17:30","1961","05","09","17:30"," ","11,10","","-1,10","","42,00","","25,00","","21,00","","24,10","","100,68","","","","","","Dégagé"
"1961-05-09 18:00","1961","05","09","18:00"," ","","","","","","","","","","","","","","","","","","",""
"1961-05-09 18:30","1961","05","09","18:30"," ","10,00","","-2,80","","41,00","","25,00","","24,00","","24,10","","100,74","","","","","","Généralement dégagé"
"1961-05-09 19:00","1961","05","09","19:00"," ","","","","","","","","","","","","","","","","","","",""
"1961-05-09 19:30","1961","05","09","19:30"," ","7,20","","-2,80","","48,00","","27,00","","24,00","","24,10","","100,79","","","","","","Généralement dégagé"
"1961-05-09 20:00","1961","05","09","20:00"," ","","","","","","","","","","","","","","","","","","",""
"1961-05-09 20:30","1961","05","09","20:30"," ","6,10","","-1,70","","58,00","","27,00","","24,00","","24,10","","100,84","","","","","","Généralement dégagé"
"1961-05-09 21:00","1961","05","09","21:00"," ","","","","","","","","","","","","","","","","","","",""
"1961-05-09 21:30","1961","05","09","21:30"," ","4,40","","-1,70","","64,00","","25,00","","27,00","","24,10","","100,87","","","","","","Généralement dégagé"
"1961-05-09 22:00","1961","05","09","22:00"," ","","","","","","","","","","","","","","","","","","",""
"1961-05-09 22:30","1961","05","09","22:30"," ","3,30","","-1,10","","72,00","","25,00","","26,00","","24,10","","100,87","","","","","","Généralement dégagé"
"1961-05-09 23:00","1961","05","09","23:00"," ","","","","","","","","","","","","","","","","","","",""
"1961-05-09 23:30","1961","05","09","23:30"," ","2,80","","-0,60","","79,00","","25,00","","24,00","","24,10","","100,89","","","","","","Généralement dégagé"
"1961-05-10 00:00","1961","05","10","00:00"," ","","","","","","","","","","","","","","","","","","",""
"1961-05-10 00:30","1961","05","10","00:30"," ","2,80","","-1,10","","77,00","","25,00","","24,00","","24,10","","100,89","","","","","","Dégagé"
"1961-05-10 01:00","1961","05","10","01:00"," ","","","","","","","","","","","","","","","","","","",""
"1961-05-10 01:30","1961","05","10","01:30"," ","2,80","","-0,60","","79,00","","25,00","","24,00","","24,10","","100,85","","","","","","Généralement dégagé"
"1961-05-10 02:00","1961","05","10","02:00"," ","","","","","","","","","","","","","","","","","","",""
"1961-05-10 02:30","1961","05","10","02:30"," ","2,80","","-1,10","","77,00","","25,00","","26,00","","24,10","","100,85","","","","","","Dégagé"
"1961-05-10 03:00","1961","05","10","03:00"," ","","","","","","","","","","","","","","","","","","",""
"1961-05-10 03:30","1961","05","10","03:30"," ","2,80","","-0,60","","79,00","","25,00","","21,00","","24,10","","100,86","","","","","","Généralement dégagé"
"1961-05-10 04:00","1961","05","10","04:00"," ","","","","","","","","","","","","","","","","","","",""
"1961-05-10 04:30","1961","05","10","04:30"," ","2,20","","-1,10","","79,00","","25,00","","24,00","","24,10","","100,86","","","","","","Généralement dégagé"
"1961-05-10 05:00","1961","05","10","05:00"," ","","","","","","","","","","","","","","","","","","",""
"1961-05-10 05:30","1961","05","10","05:30"," ","3,30","","-1,10","","72,00","","25,00","","24,00","","24,10","","100,90","","","","","","Généralement dégagé"
"1961-05-10 06:00","1961","05","10","06:00"," ","","","","","","","","","","","","","","","","","","",""
"1961-05-10 06:30","1961","05","10","06:30"," ","5,00","","-1,10","","65,00","","25,00","","23,00","","24,10","","100,94","","","","","","Généralement dégagé"
"1961-05-10 07:00","1961","05","10","07:00"," ","","","","","","","","","","","","","","","","","","",""
"1961-05-10 07:30","1961","05","10","07:30"," ","6,70","","-1,10","","57,00","","23,00","","29,00","","24,10","","100,91","","","","","","Généralement nuageux"
"1961-05-10 08:00","1961","05","10","08:00"," ","","","","","","","","","","","","","","","","","","",""
"1961-05-10 08:30","1961","05","10","08:30"," ","8,30","","-2,20","","47,00","","23,00","","29,00","","24,10","","100,95","","","","","","Généralement nuageux"
"1961-05-10 09:00","1961","05","10","09:00"," ","","","","","","","","","","","","","","","","","","",""
"1961-05-10 09:30","1961","05","10","09:30"," ","9,40","","-0,60","","49,00","","23,00","","29,00","","24,10","","100,94","","","","","","Généralement nuageux"
"1961-05-10 10:00","1961","05","10","10:00"," ","","","","","","","","","","","","","","","","","","",""
"1961-05-10 10:30","1961","05","10","10:30"," ","10,00","","-1,10","","46,00","","23,00","","35,00","","24,10","","100,89","","","","","","Généralement nuageux"
"1961-05-10 11:00","1961","05","10","11:00"," ","","","","","","","","","","","","","","","","","","",""
"1961-05-10 11:30","1961","05","10","11:30"," ","11,10","","-1,10","","42,00","","20,00","","32,00","","24,10","","100,84","","","","","","Généralement nuageux"
"1961-05-10 12:00","1961","05","10","12:00"," ","","","","","","","","","","","","","","","","","","",""
"1961-05-10 12:30","1961","05","10","12:30"," ","12,20","","0,60","","46,00","","23,00","","32,00","","24,10","","100,77","","","","","","Généralement nuageux"
"1961-05-10 13:00","1961","05","10","13:00"," ","","","","","","","","","","","","","","","","","","",""
"1961-05-10 13:30","1961","05","10","13:30"," ","11,10","","2,80","","57,00","","23,00","","37,00","","24,10","","100,74","","","","","","Généralement nuageux"
"1961-05-10 14:00","1961","05","10","14:00"," ","","","","","","","","","","","","","","","","","","",""
"1961-05-10 14:30","1961","05","10","14:30"," ","11,10","","3,90","","62,00","","23,00","","35,00","","24,10","","100,72","","","","","","Nuageux"
"1961-05-10 15:00","1961","05","10","15:00"," ","","","","","","","","","","","","","","","","","","",""
"1961-05-10 15:30","1961","05","10","15:30"," ","8,90","","5,00","","78,00","","23,00","","29,00","","24,10","","100,64","","","","","","Averses de pluie"
"1961-05-10 16:00","1961","05","10","16:00"," ","","","","","","","","","","","","","","","","","","",""
"1961-05-10 16:30","1961","05","10","16:30"," ","10,00","","6,10","","77,00","","23,00","","39,00","","24,10","","100,61","","","","","","Généralement nuageux"
"1961-05-10 17:00","1961","05","10","17:00"," ","","","","","","","","","","","","","","","","","","",""
"1961-05-10 17:30","1961","05","10","17:30"," ","10,60","","6,70","","77,00","","23,00","","29,00","","24,10","","100,59","","","","","","Généralement nuageux"
"1961-05-10 18:00","1961","05","10","18:00"," ","","","","","","","","","","","","","","","","","","",""
"1961-05-10 18:30","1961","05","10","18:30"," ","8,90","","6,70","","86,00","","23,00","","32,00","","24,10","","100,54","","","","","","Nuageux"
"1961-05-10 19:00","1961","05","10","19:00"," ","","","","","","","","","","","","","","","","","","",""
"1961-05-10 19:30","1961","05","10","19:30"," ","8,30","","6,70","","90,00","","23,00","","37,00","","16,10","","100,50","","","","","","Nuageux"
"1961-05-10 20:00","1961","05","10","20:00"," ","","","","","","","","","","","","","","","","","","",""
"1961-05-10 20:30","1961","05","10","20:30"," ","8,30","","7,20","","92,00","","23,00","","39,00","","16,10","","100,46","","","","","","Nuageux"
"1961-05-10 21:00","1961","05","10","21:00"," ","","","","","","","","","","","","","","","","","","",""
"1961-05-10 21:30","1961","05","10","21:30"," ","10,00","","8,90","","94,00","","23,00","","40,00","","12,90","","100,45","","","","","","Nuageux"
"1961-05-10 22:00","1961","05","10","22:00"," ","","","","","","","","","","","","","","","","","","",""
"1961-05-10 22:30","1961","05","10","22:30"," ","10,00","","8,90","","94,00","","23,00","","40,00","","6,40","","100,43","","","","","","Brouillard"
"1961-05-10 23:00","1961","05","10","23:00"," ","","","","","","","","","","","","","","","","","","",""
"1961-05-10 23:30","1961","05","10","23:30"," ","10,60","","9,40","","94,00","","23,00","","40,00","","12,90","","100,38","","","","","","Généralement nuageux"
"1961-05-11 00:00","1961","05","11","00:00"," ","","","","","","","","","","","","","","","","","","",""
"1961-05-11 00:30","1961","05","11","00:30"," ","11,10","","10,00","","94,00","","23,00","","48,00","","12,90","","100,29","","","","","","Nuageux"
"1961-05-11 01:00","1961","05","11","01:00"," ","","","","","","","","","","","","","","","","","","",""
"1961-05-11 01:30","1961","05","11","01:30"," ","10,60","","9,40","","92,00","","23,00","","45,00","","12,90","","100,22","","","","","","Nuageux"
"1961-05-11 02:00","1961","05","11","02:00"," ","","","","","","","","","","","","","","","","","","",""
"1961-05-11 02:30","1961","05","11","02:30"," ","10,00","","8,90","","92,00","","23,00","","29,00","","12,90","","100,18","","","","","","Nuageux"
"1961-05-11 03:00","1961","05","11","03:00"," ","","","","","","","","","","","","","","","","","","",""
"1961-05-11 03:30","1961","05","11","03:30"," ","11,10","","10,00","","94,00","","25,00","","48,00","","12,90","","100,16","","","","","","Pluie"
"1961-05-11 04:00","1961","05","11","04:00"," ","","","","","","","","","","","","","","","","","","",""
"1961-05-11 04:30","1961","05","11","04:30"," ","10,00","","8,90","","92,00","","25,00","","40,00","","16,10","","100,14","","","","","","Pluie"
"1961-05-11 05:00","1961","05","11","05:00"," ","","","","","","","","","","","","","","","","","","",""
"1961-05-11 05:30","1961","05","11","05:30"," ","8,30","","7,20","","94,00","","25,00","","42,00","","6,40","","100,17","","","","","","Bruine,Brouillard"
"1961-05-11 06:00","1961","05","11","06:00"," ","","","","","","","","","","","","","","","","","","",""
"1961-05-11 06:30","1961","05","11","06:30"," ","7,20","","6,10","","93,00","","25,00","","40,00","","12,90","","100,22","","","","","","Averses de pluie"
"1961-05-11 07:00","1961","05","11","07:00"," ","","","","","","","","","","","","","","","","","","",""
"1961-05-11 07:30","1961","05","11","07:30"," ","6,70","","5,60","","93,00","","25,00","","24,00","","24,10","","100,22","","","","","","Généralement nuageux"
"1961-05-11 08:00","1961","05","11","08:00"," ","","","","","","","","","","","","","","","","","","",""
"1961-05-11 08:30","1961","05","11","08:30"," ","7,20","","6,70","","98,00","","27,00","","19,00","","19,30","","100,29","","","","","","Averses de pluie"
"1961-05-11 09:00","1961","05","11","09:00"," ","","","","","","","","","","","","","","","","","","",""
"1961-05-11 09:30","1961","05","11","09:30"," ","5,60","","5,00","","98,00","","27,00","","24,00","","1,60","","100,33","","","","","","Brouillard"
"1961-05-11 10:00","1961","05","11","10:00"," ","","","","","","","","","","","","","","","","","","",""
"1961-05-11 10:30","1961","05","11","10:30"," ","6,10","","5,60","","98,00","","27,00","","18,00","","1,20","","100,32","","","","","","Averses de pluie,Brouillard"
"1961-05-11 11:00","1961","05","11","11:00"," ","","","","","","","","","","","","","","","","","","",""
"1961-05-11 11:30","1961","05","11","11:30"," ","6,70","","6,10","","96,00","","27,00","","16,00","","24,10","","100,25","","","","","","Nuageux"
"1961-05-11 12:00","1961","05","11","12:00"," ","","","","","","","","","","","","","","","","","","",""
"1961-05-11 12:30","1961","05","11","12:30"," ","7,80","","6,10","","89,00","","25,00","","10,00","","24,10","","100,22","","","","","","Généralement nuageux"
"1961-05-11 13:00","1961","05","11","13:00"," ","","","","","","","","","","","","","","","","","","",""
"1961-05-11 13:30","1961","05","11","13:30"," ","10,00","","6,70","","81,00","","25,00","","16,00","","24,10","","100,23","","","","","","Généralement dégagé"
"1961-05-11 14:00","1961","05","11","14:00"," ","","","","","","","","","","","","","","","","","","",""
"1961-05-11 14:30","1961","05","11","14:30"," ","11,10","","6,10","","72,00","","25,00","","23,00","","24,10","","100,20","","","","","","Généralement dégagé"
"1961-05-11 15:00","1961","05","11","15:00"," ","","","","","","","","","","","","","","","","","","",""
"1961-05-11 15:30","1961","05","11","15:30"," ","12,20","","2,80","","53,00","","27,00","","29,00","","24,10","","100,16","","","","","","Dégagé"
"1961-05-11 16:00","1961","05","11","16:00"," ","","","","","","","","","","","","","","","","","","",""
"1961-05-11 16:30","1961","05","11","16:30"," ","11,70","","1,70","","49,00","","27,00","","29,00","","24,10","","100,14","","","","","","Dégagé"
"1961-05-11 17:00","1961","05","11","17:00"," ","","","","","","","","","","","","","","","","","","",""
"1961-05-11 17:30","1961","05","11","17:30"," ","9,40","","-4,40","","37,00","","25,00","","32,00","","24,10","","100,08","","","","","","Dégagé"
"1961-05-11 18:00","1961","05","11","18:00"," ","","","","","","","","","","","","","","","","","","",""
"1961-05-11 18:30","1961","05","11","18:30"," ","6,70","","-4,40","","45,00","","25,00","","29,00","","24,10","","100,09","","","","","","Généralement dégagé"
"1961-05-11 19:00","1961","05","11","19:00"," ","","","","","","","","","","","","","","","","","","",""
"1961-05-11 19:30","1961","05","11","19:30"," ","5,00","","-2,20","","59,00","","27,00","","32,00","","24,10","","100,14","","","","","","Généralement dégagé"
"1961-05-11 20:00","1961","05","11","20:00"," ","","","","","","","","","","","","","","","","","","",""
"1961-05-11 20:30","1961","05","11","20:30"," ","4,40","","-2,20","","62,00","","27,00","","29,00","","24,10","","100,20","","","","","","Dégagé"
"1961-05-11 21:00","1961","05","11","21:00"," ","","","","","","","","","","","","","","","","","","",""
"1961-05-11 21:30","1961","05","11","21:30"," ","3,90","","-1,70","","66,00","","0,00","","0,00","","24,10","","100,30","","","","","","Dégagé"
"1961-05-11 22:00","1961","05","11","22:00"," ","","","","","","","","","","","","","","","","","","",""
"1961-05-11 22:30","1961","05","11","22:30"," ","2,80","","-3,30","","64,00","","0,00","","0,00","","24,10","","100,36","","","","","","Dégagé"
"1961-05-11 23:00","1961","05","11","23:00"," ","","","","","","","","","","","","","","","","","","",""
"1961-05-11 23:30","1961","05","11","23:30"," ","1,70","","-3,90","","67,00","","27,00","","19,00","","24,10","","100,41","","","","","","Dégagé"
"1961-05-12 00:00","1961","05","12","00:00"," ","","","","","","","","","","","","","","","","","","",""
"1961-05-12 00:30","1961","05","12","00:30"," ","1,70","","-3,30","","70,00","","27,00","","24,00","","24,10","","100,43","","","","","","Dégagé"
"1961-05-12 01:00","1961","05","12","01:00"," ","","","","","","","","","","","","","","","","","","",""
"1961-05-12 01:30","1961","05","12","01:30"," ","1,10","","-4,40","","66,00","","25,00","","16,00","","24,10","","100,40","","","","","","Dégagé"
"1961-05-12 02:00","1961","05","12","02:00"," ","","","","","","","","","","","","","","","","","","",""
"1961-05-12 02:30","1961","05","12","02:30"," ","1,10","","-3,90","","68,00","","27,00","","23,00","","24,10","","100,40","","","","","","Dégagé"
"1961-05-12 03:00","1961","05","12","03:00"," ","","","","","","","","","","","","","","","","","","",""
"1961-05-12 03:30","1961","05","12","03:30"," ","0,00","","-4,40","","71,00","","27,00","","31,00","","24,10","","100,43","","","","-7,00","","Dégagé"
"1961-05-12 04:00","1961","05","12","04:00"," ","","","","","","","","","","","","","","","","","","",""
"1961-05-12 04:30","1961","05","12","04:30"," ","0,00","","-4,40","","71,00","","27,00","","32,00","","24,10","","100,47","","","","-7,00","","Dégagé"
"1961-05-12 05:00","1961","05","12","05:00"," ","","","","","","","","","","","","","","","","","","",""
"1961-05-12 05:30","1961","05","12","05:30"," ","0,60","","-5,00","","67,00","","27,00","","32,00","","24,10","","100,54","","","","","","Dégagé"
"1961-05-12 06:00","1961","05","12","06:00"," ","","","","","","","","","","","","","","","","","","",""
"1961-05-12 06:30","1961","05","12","06:30"," ","1,70","","-3,30","","70,00","","29,00","","29,00","","24,10","","100,60","","","","","","Dégagé"
"1961-05-12 07:00","1961","05","12","07:00"," ","","","","","","","","","","","","","","","","","","",""
"1961-05-12 07:30","1961","05","12","07:30"," ","3,30","","-3,30","","63,00","","32,00","","21,00","","24,10","","100,61","","","","","","Dégagé"
"1961-05-12 08:00","1961","05","12","08:00"," ","","","","","","","","","","","","","","","","","","",""
"1961-05-12 08:30","1961","05","12","08:30"," ","4,40","","-3,30","","58,00","","29,00","","23,00","","24,10","","100,62","","","","","","Dégagé"
"1961-05-12 09:00","1961","05","12","09:00"," ","","","","","","","","","","","","","","","","","","",""
"1961-05-12 09:30","1961","05","12","09:30"," ","6,10","","-4,40","","46,00","","32,00","","24,00","","24,10","","100,62","","","","","","Dégagé"
"1961-05-12 10:00","1961","05","12","10:00"," ","","","","","","","","","","","","","","","","","","",""
"1961-05-12 10:30","1961","05","12","10:30"," ","7,20","","-6,10","","39,00","","32,00","","24,00","","24,10","","100,63","","","","","","Dégagé"
"1961-05-12 11:00","1961","05","12","11:00"," ","","","","","","","","","","","","","","","","","","",""
"1961-05-12 11:30","1961","05","12","11:30"," ","7,20","","-4,40","","42,00","","32,00","","23,00","","24,10","","100,62","","","","","","Généralement dégagé"
"1961-05-12 12:00","1961","05","12","12:00"," ","","","","","","","","","","","","","","","","","","",""
"1961-05-12 12:30","1961","05","12","12:30"," ","8,90","","-5,00","","37,00","","29,00","","19,00","","24,10","","100,63","","","","","","Généralement nuageux"
"1961-05-12 13:00","1961","05","12","13:00"," ","","","","","","","","","","","","","","","","","","",""
"1961-05-12 13:30","1961","05","12","13:30"," ","9,40","","-4,40","","37,00","","29,00","","19,00","","24,10","","100,63","","","","","","Généralement nuageux"
"1961-05-12 14:00","1961","05","12","14:00"," ","","","","","","","","","","","","","","","","","","",""
"1961-05-12 14:30","1961","05","12","14:30"," ","11,10","","-3,30","","35,00","","29,00","","23,00","","24,10","","100,58","","","","","","Généralement dégagé"
"1961-05-12 15:00","1961","05","12","15:00"," ","","","","","","","","","","","","","","","","","","",""
"1961-05-12 15:30","1961","05","12","15:30"," ","11,10","","-4,40","","34,00","","27,00","","29,00","","24,10","","100,50","","","","","","Généralement dégagé"
"1961-05-12 16:00","1961","05","12","16:00"," ","","","","","","","","","","","","","","","","","","",""
"1961-05-12 16:30","1961","05","12","16:30"," ","11,10","","-3,30","","35,00","","27,00","","27,00","","24,10","","100,46","","","","","","Généralement nuageux"
"1961-05-12 17:00","1961","05","12","17:00"," ","","","","","","","","","","","","","","","","","","",""
"1961-05-12 17:30","1961","05","12","17:30"," ","10,60","","-2,20","","41,00","","25,00","","29,00","","24,10","","100,46","","","","","","Généralement nuageux"
"1961-05-12 18:00","1961","05","12","18:00"," ","","","","","","","","","","","","","","","","","","",""
"1961-05-12 18:30","1961","05","12","18:30"," ","8,90","","-3,30","","42,00","","25,00","","26,00","","24,10","","100,42","","","","","","Généralement nuageux"
"1961-05-12 19:00","1961","05","12","19:00"," ","","","","","","","","","","","","","","","","","","",""
"1961-05-12 19:30","1961","05","12","19:30"," ","6,70","","-1,10","","57,00","","25,00","","29,00","","24,10","","100,40","","","","","","Généralement nuageux"
"1961-05-12 20:00","1961","05","12","20:00"," ","","","","","","","","","","","","","","","","","","",""
"1961-05-12 20:30","1961","05","12","20:30"," ","5,60","","-0,60","","64,00","","25,00","","29,00","","24,10","","100,40","","","","","","Généralement nuageux"
"1961-05-12 21:00","1961","05","12","21:00"," ","","","","","","","","","","","","","","","","","","",""
"1961-05-12 21:30","1961","05","12","21:30"," ","5,60","","-0,60","","64,00","","27,00","","32,00","","24,10","","100,44","","","","","","Généralement nuageux"
"1961-05-12 22:00","1961","05","12","22:00"," ","","","","","","","","","","","","","","","","","","",""
"1961-05-12 22:30","1961","05","12","22:30"," ","5,00","","-1,70","","63,00","","27,00","","29,00","","24,10","","100,43","","","","","","Généralement nuageux"
"1961-05-12 23:00","1961","05","12","23:00"," ","","","","","","","","","","","","","","","","","","",""
"1961-05-12 23:30","1961","05","12","23:30"," ","5,00","","-1,70","","61,00","","27,00","","23,00","","24,10","","100,43","","","","","","Nuageux"
"1961-05-13 00:00","1961","05","13","00:00"," ","","","","","","","","","","","","","","","","","","",""
"1961-05-13 00:30","1961","05","13","00:30"," ","4,40","","-2,20","","62,00","","27,00","","19,00","","24,10","","100,36","","","","","","Nuageux"
"1961-05-13 01:00","1961","05","13","01:00"," ","","","","","","","","","","","","","","","","","","",""
"1961-05-13 01:30","1961","05","13","01:30"," ","5,00","","-1,70","","63,00","","27,00","","16,00","","24,10","","100,32","","","","","","Nuageux"
"1961-05-13 02:00","1961","05","13","02:00"," ","","","","","","","","","","","","","","","","","","",""
"1961-05-13 02:30","1961","05","13","02:30"," ","5,00","","-2,20","","59,00","","23,00","","8,00","","24,10","","100,27","","","","","","Nuageux"
"1961-05-13 03:00","1961","05","13","03:00"," ","","","","","","","","","","","","","","","","","","",""
"1961-05-13 03:30","1961","05","13","03:30"," ","5,00","","-2,20","","59,00","","23,00","","18,00","","24,10","","100,15","","","","","","Généralement nuageux"
"1961-05-13 04:00","1961","05","13","04:00"," ","","","","","","","","","","","","","","","","","","",""
"1961-05-13 04:30","1961","05","13","04:30"," ","5,00","","-2,80","","56,00","","23,00","","23,00","","24,10","","100,07","","","","","","Généralement nuageux"
"1961-05-13 05:00","1961","05","13","05:00"," ","","","","","","","","","","","","","","","","","","",""
"1961-05-13 05:30","1961","05","13","05:30"," ","5,60","","-3,90","","51,00","","23,00","","19,00","","24,10","","99,96","","","","","","Généralement nuageux"
"1961-05-13 06:00","1961","05","13","06:00"," ","","","","","","","","","","","","","","","","","","",""
"1961-05-13 06:30","1961","05","13","06:30"," ","8,30","","-3,30","","43,00","","23,00","","27,00","","24,10","","99,78","","","","","","Généralement dégagé"
"1961-05-13 07:00","1961","05","13","07:00"," ","","","","","","","","","","","","","","","","","","",""
"1961-05-13 07:30","1961","05","13","07:30"," ","8,30","","-4,40","","39,00","","25,00","","32,00","","24,10","","99,71","","","","","","Généralement dégagé"
"1961-05-13 08:00","1961","05","13","08:00"," ","","","","","","","","","","","","","","","","","","",""
"1961-05-13 08:30","1961","05","13","08:30"," ","9,40","","-1,70","","45,00","","25,00","","40,00","","24,10","","99,60","","","","","","Généralement dégagé"
"1961-05-13 09:00","1961","05","13","09:00"," ","","","","","","","","","","","","","","","","","","",""
"1961-05-13 09:30","1961","05","13","09:30"," ","11,10","","0,60","","48,00","","25,00","","48,00","","24,10","","99,51","","","","","","Généralement dégagé"
"1961-05-13 10:00","1961","05","13","10:00"," ","","","","","","","","","","","","","","","","","","",""
"1961-05-13 10:30","1961","05","13","10:30"," ","13,30","","1,70","","44,00","","25,00","","48,00","","24,10","","99,42","","","","","","Généralement dégagé"
"1961-05-13 11:00","1961","05","13","11:00"," ","","","","","","","","","","","","","","","","","","",""
"1961-05-13 11:30","1961","05","13","11:30"," ","13,90","","1,70","","44,00","","25,00","","51,00","","24,10","","99,28","","","","","","Généralement nuageux"
"1961-05-13 12:00","1961","05","13","12:00"," ","","","","","","","","","","","","","","","","","","",""
"1961-05-13 12:30","1961","05","13","12:30"," ","14,40","","2,80","","45,00","","25,00","","56,00","","24,10","","99,15","","","","","","Généralement nuageux"
"1961-05-13 13:00","1961","05","13","13:00"," ","","","","","","","","","","","","","","","","","","",""
"1961-05-13 13:30","1961","05","13","13:30"," ","14,40","","3,30","","46,00","","27,00","","56,00","","24,10","","99,14","","","","","","Généralement nuageux"
"1961-05-13 14:00","1961","05","13","14:00"," ","","","","","","","","","","","","","","","","","","",""
"1961-05-13 14:30","1961","05","13","14:30"," ","15,00","","4,40","","49,00","","27,00","","48,00","","24,10","","99,12","","","","","","Généralement dégagé"
"1961-05-13 15:00","1961","05","13","15:00"," ","","","","","","","","","","","","","","","","","","",""
"1961-05-13 15:30","1961","05","13","15:30"," ","15,00","","4,40","","50,00","","27,00","","48,00","","24,10","","99,04","","","","","","Généralement dégagé"
"1961-05-13 16:00","1961","05","13","16:00"," ","","","","","","","","","","","","","","","","","","",""
"1961-05-13 16:30","1961","05","13","16:30"," ","14,40","","5,00","","52,00","","27,00","","43,00","","24,10","","99,08","","","","","","Généralement dégagé"
"1961-05-13 17:00","1961","05","13","17:00"," ","","","","","","","","","","","","","","","","","","",""
"1961-05-13 17:30","1961","05","13","17:30"," ","13,90","","5,00","","54,00","","27,00","","32,00","","24,10","","99,10","","","","","","Généralement dégagé"
"1961-05-13 18:00","1961","05","13","18:00"," ","","","","","","","","","","","","","","","","","","",""
"1961-05-13 18:30","1961","05","13","18:30"," ","12,20","","2,80","","53,00","","36,00","","19,00","","24,10","","99,32","","","","","","Généralement nuageux"
"1961-05-13 19:00","1961","05","13","19:00"," ","","","","","","","","","","","","","","","","","","",""
"1961-05-13 19:30","1961","05","13","19:30"," ","9,40","","2,20","","60,00","","36,00","","24,00","","24,10","","99,43","","","","","","Généralement nuageux"
"1961-05-13 20:00","1961","05","13","20:00"," ","","","","","","","","","","","","","","","","","","",""
"1961-05-13 20:30","1961","05","13","20:30"," ","8,30","","1,70","","64,00","","2,00","","27,00","","24,10","","99,58","","","","","","Généralement nuageux"
"1961-05-13 21:00","1961","05","13","21:00"," ","","","","","","","","","","","","","","","","","","",""
"1961-05-13 21:30","1961","05","13","21:30"," ","6,10","","1,70","","73,00","","36,00","","24,00","","24,10","","99,64","","","","","","Généralement nuageux"
"1961-05-13 22:00","1961","05","13","22:00"," ","","","","","","","","","","","","","","","","","","",""
"1961-05-13 22:30","1961","05","13","22:30"," ","4,40","","1,70","","81,00","","36,00","","19,00","","24,10","","99,74","","","","","","Généralement dégagé"
"1961-05-13 23:00","1961","05","13","23:00"," ","","","","","","","","","","","","","","","","","","",""
"1961-05-13 23:30","1961","05","13","23:30"," ","3,90","","0,60","","78,00","","32,00","","21,00","","24,10","","99,75","","","","","","Dégagé"
"1961-05-14 00:00","1961","05","14","00:00"," ","","","","","","","","","","","","","","","","","","",""
"1961-05-14 00:30","1961","05","14","00:30"," ","2,80","","0,00","","82,00","","32,00","","24,00","","24,10","","99,76","","","","","","Dégagé"
"1961-05-14 01:00","1961","05","14","01:00"," ","","","","","","","","","","","","","","","","","","",""
"1961-05-14 01:30","1961","05","14","01:30"," ","1,70","","-0,60","","86,00","","36,00","","23,00","","24,10","","99,80","","","","","","Généralement dégagé"
"1961-05-14 02:00","1961","05","14","02:00"," ","","","","","","","","","","","","","","","","","","",""
"1961-05-14 02:30","1961","05","14","02:30"," ","0,00","","-0,60","","97,00","","36,00","","26,00","","1,60","","99,84","","","","-6,00","","Brouillard"
"1961-05-14 03:00","1961","05","14","03:00"," ","","","","","","","","","","","","","","","","","","",""
"1961-05-14 03:30","1961","05","14","03:30"," ","0,00","","-0,60","","97,00","","36,00","","32,00","","1,60","","99,88","","","","-7,00","","Brouillard"
"1961-05-14 04:00","1961","05","14","04:00"," ","","","","","","","","","","","","","","","","","","",""
"1961-05-14 04:30","1961","05","14","04:30"," ","0,00","","-1,10","","91,00","","34,00","","27,00","","6,40","","99,91","","","","-6,00","","Brouillard"
"1961-05-14 05:00","1961","05","14","05:00"," ","","","","","","","","","","","","","","","","","","",""
"1961-05-14 05:30","1961","05","14","05:30"," ","0,60","","-0,60","","91,00","","32,00","","13,00","","24,10","","99,99","","","","","","Nuageux"
"1961-05-14 06:00","1961","05","14","06:00"," ","","","","","","","","","","","","","","","","","","",""
"1961-05-14 06:30","1961","05","14","06:30"," ","1,10","","0,00","","92,00","","34,00","","19,00","","24,10","","99,99","","","","","","Nuageux"
"1961-05-14 07:00","1961","05","14","07:00"," ","","","","","","","","","","","","","","","","","","",""
"1961-05-14 07:30","1961","05","14","07:30"," ","1,70","","0,60","","92,00","","36,00","","16,00","","24,10","","100,03","","","","","","Nuageux"
"1961-05-14 08:00","1961","05","14","08:00"," ","","","","","","","","","","","","","","","","","","",""
"1961-05-14 08:30","1961","05","14","08:30"," ","2,80","","-0,60","","79,00","","2,00","","26,00","","24,10","","100,04","","","","","","Nuageux"
"1961-05-14 09:00","1961","05","14","09:00"," ","","","","","","","","","","","","","","","","","","",""
"1961-05-14 09:30","1961","05","14","09:30"," ","2,80","","-0,60","","79,00","","5,00","","13,00","","24,10","","100,02","","","","","","Nuageux"
"1961-05-14 10:00","1961","05","14","10:00"," ","","","","","","","","","","","","","","","","","","",""
"1961-05-14 10:30","1961","05","14","10:30"," ","4,40","","-0,60","","71,00","","7,00","","16,00","","24,10","","100,02","","","","","","Nuageux"
"1961-05-14 11:00","1961","05","14","11:00"," ","","","","","","","","","","","","","","","","","","",""
"1961-05-14 11:30","1961","05","14","11:30"," ","4,40","","0,00","","74,00","","7,00","","13,00","","24,10","","99,96","","","","","","Généralement dégagé"
"1961-05-14 12:00","1961","05","14","12:00"," ","","","","","","","","","","","","","","","","","","",""
"1961-05-14 12:30","1961","05","14","12:30"," ","5,60","","0,00","","68,00","","9,00","","8,00","","24,10","","99,87","","","","","","Généralement dégagé"
"1961-05-14 13:00","1961","05","14","13:00"," ","","","","","","","","","","","","","","","","","","",""
"1961-05-14 13:30","1961","05","14","13:30"," ","6,10","","1,10","","69,00","","16,00","","16,00","","24,10","","99,77","","","","","","Généralement dégagé"
"1961-05-14 14:00","1961","05","14","14:00"," ","","","","","","","","","","","","","","","","","","",""
"1961-05-14 14:30","1961","05","14","14:30"," ","6,10","","1,10","","71,00","","16,00","","24,00","","24,10","","99,72","","","","","","Généralement nuageux"
"1961-05-14 15:00","1961","05","14","15:00"," ","","","","","","","","","","","","","","","","","","",""
"1961-05-14 15:30","1961","05","14","15:30"," ","6,10","","1,10","","71,00","","16,00","","26,00","","16,10","","99,61","","","","","","Nuageux"
"1961-05-14 16:00","1961","05","14","16:00"," ","","","","","","","","","","","","","","","","","","",""
"1961-05-14 16:30","1961","05","14","16:30"," ","4,40","","0,00","","74,00","","18,00","","26,00","","16,10","","99,45","","","","","","Nuageux"
"1961-05-14 17:00","1961","05","14","17:00"," ","","","","","","","","","","","","","","","","","","",""
"1961-05-14 17:30","1961","05","14","17:30"," ","3,30","","-0,60","","75,00","","18,00","","27,00","","16,10","","99,34","","","","","","Nuageux"
"1961-05-14 18:00","1961","05","14","18:00"," ","","","","","","","","","","","","","","","","","","",""
"1961-05-14 18:30","1961","05","14","18:30"," ","2,20","","0,60","","89,00","","20,00","","32,00","","16,10","","99,23","","","","","","Averses de pluie"
"1961-05-14 19:00","1961","05","14","19:00"," ","","","","","","","","","","","","","","","","","","",""
"1961-05-14 19:30","1961","05","14","19:30"," ","2,20","","0,00","","87,00","","20,00","","24,00","","16,10","","99,09","","","","","","Nuageux"
"1961-05-14 20:00","1961","05","14","20:00"," ","","","","","","","","","","","","","","","","","","",""
"1961-05-14 20:30","1961","05","14","20:30"," ","2,80","","2,20","","95,00","","23,00","","24,00","","12,90","","99,01","","","","","","Pluie"
"1961-05-14 21:00","1961","05","14","21:00"," ","","","","","","","","","","","","","","","","","","",""
"1961-05-14 21:30","1961","05","14","21:30"," ","2,80","","2,80","","100,00","","5,00","","6,00","","6,40","","99,16","","","","","","Pluie,Brouillard"
"1961-05-14 22:00","1961","05","14","22:00"," ","","","","","","","","","","","","","","","","","","",""
"1961-05-14 22:30","1961","05","14","22:30"," ","2,20","","1,70","","97,00","","25,00","","11,00","","4,80","","99,05","","","","","","Pluie,Brouillard"
"1961-05-14 23:00","1961","05","14","23:00"," ","","","","","","","","","","","","","","","","","","",""
"1961-05-14 23:30","1961","05","14","23:30"," ","2,20","","2,20","","100,00","","27,00","","26,00","","0,80","","98,91","","","","","","Brouillard"
"1961-05-15 00:00","1961","05","15","00:00"," ","","","","","","","","","","","","","","","","","","",""
"1961-05-15 00:30","1961","05","15","00:30"," ","2,20","","2,20","","100,00","","25,00","","16,00","","0,40","","98,90","","","","","","Brouillard"
"1961-05-15 01:00","1961","05","15","01:00"," ","","","","","","","","","","","","","","","","","","",""
"1961-05-15 01:30","1961","05","15","01:30"," ","3,30","","2,80","","97,00","","29,00","","24,00","","3,20","","98,88","","","","","","Brouillard"
"1961-05-15 02:00","1961","05","15","02:00"," ","","","","","","","","","","","","","","","","","","",""
"1961-05-15 02:30","1961","05","15","02:30"," ","3,90","","3,30","","97,00","","29,00","","16,00","","6,40","","98,91","","","","","","Brouillard"
"1961-05-15 03:00","1961","05","15","03:00"," ","","","","","","","","","","","","","","","","","","",""
"1961-05-15 03:30","1961","05","15","03:30"," ","3,30","","2,80","","95,00","","32,00","","26,00","","16,10","","98,94","","","","","","Généralement nuageux"
"1961-05-15 04:00","1961","05","15","04:00"," ","","","","","","","","","","","","","","","","","","",""
"1961-05-15 04:30","1961","05","15","04:30"," ","2,80","","1,70","","92,00","","32,00","","24,00","","24,10","","99,06","","","","","","Généralement dégagé"
"1961-05-15 05:00","1961","05","15","05:00"," ","","","","","","","","","","","","","","","","","","",""
"1961-05-15 05:30","1961","05","15","05:30"," ","3,30","","1,70","","90,00","","29,00","","16,00","","24,10","","99,15","","","","","","Dégagé"
"1961-05-15 06:00","1961","05","15","06:00"," ","","","","","","","","","","","","","","","","","","",""
"1961-05-15 06:30","1961","05","15","06:30"," ","4,40","","2,80","","90,00","","32,00","","24,00","","24,10","","99,19","","","","","","Généralement dégagé"
"1961-05-15 07:00","1961","05","15","07:00"," ","","","","","","","","","","","","","","","","","","",""
"1961-05-15 07:30","1961","05","15","07:30"," ","5,60","","2,80","","84,00","","32,00","","29,00","","24,10","","99,28","","","","","","Généralement dégagé"
"1961-05-15 08:00","1961","05","15","08:00"," ","","","","","","","","","","","","","","","","","","",""
"1961-05-15 08:30","1961","05","15","08:30"," ","5,60","","1,70","","75,00","","34,00","","32,00","","24,10","","99,43","","","","","","Généralement nuageux"
"1961-05-15 09:00","1961","05","15","09:00"," ","","","","","","","","","","","","","","","","","","",""
"1961-05-15 09:30","1961","05","15","09:30"," ","5,60","","1,10","","73,00","","32,00","","39,00","","24,10","","99,52","","","","","","Généralement dégagé"
"1961-05-15 10:00","1961","05","15","10:00"," ","","","","","","","","","","","","","","","","","","",""
"1961-05-15 10:30","1961","05","15","10:30"," ","6,70","","-1,10","","57,00","","32,00","","35,00","","24,10","","99,63","","","","","","Généralement dégagé"
"1961-05-15 11:00","1961","05","15","11:00"," ","","","","","","","","","","","","","","","","","","",""
"1961-05-15 11:30","1961","05","15","11:30"," ","6,70","","-1,10","","57,00","","34,00","","40,00","","24,10","","99,77","","","","","","Généralement dégagé"
"1961-05-15 12:00","1961","05","15","12:00"," ","","","","","","","","","","","","","","","","","","",""
"1961-05-15 12:30","1961","05","15","12:30"," ","5,60","","-0,60","","64,00","","32,00","","40,00","","24,10","","99,91","","","","","","Généralement nuageux"
"1961-05-15 13:00","1961","05","15","13:00"," ","","","","","","","","","","","","","","","","","","",""
"1961-05-15 13:30","1961","05","15","13:30"," ","4,40","","-0,60","","69,00","","34,00","","32,00","","24,10","","100,05","","","","","","Généralement nuageux"
"1961-05-15 14:00","1961","05","15","14:00"," ","","","","","","","","","","","","","","","","","","",""
"1961-05-15 14:30","1961","05","15","14:30"," ","3,90","","-1,70","","68,00","","36,00","","45,00","","24,10","","100,10","","","","","","Généralement nuageux"
"1961-05-15 15:00","1961","05","15","15:00"," ","","","","","","","","","","","","","","","","","","",""
"1961-05-15 15:30","1961","05","15","15:30"," ","2,80","","-1,10","","74,00","","34,00","","40,00","","24,10","","100,30","","","","","","Généralement nuageux"
"1961-05-15 16:00","1961","05","15","16:00"," ","","","","","","","","","","","","","","","","","","",""
"1961-05-15 16:30","1961","05","15","16:30"," ","2,20","","-1,70","","76,00","","36,00","","40,00","","24,10","","100,40","","","","","","Généralement nuageux"
"1961-05-15 17:00","1961","05","15","17:00"," ","","","","","","","","","","","","","","","","","","",""
"1961-05-15 17:30","1961","05","15","17:30"," ","1,70","","-2,20","","76,00","","36,00","","37,00","","24,10","","100,44","","","","","","Généralement nuageux"
"1961-05-15 18:00","1961","05","15","18:00"," ","","","","","","","","","","","","","","","","","","",""
"1961-05-15 18:30","1961","05","15","18:30"," ","1,10","","-2,20","","79,00","","36,00","","35,00","","24,10","","100,59","","","","","","Généralement nuageux"
"1961-05-15 19:00","1961","05","15","19:00"," ","","","","","","","","","","","","","","","","","","",""
"1961-05-15 19:30","1961","05","15","19:30"," ","0,00","","-3,30","","80,00","","36,00","","24,00","","24,10","","100,70","","","","-6,00","","Généralement dégagé"
"1961-05-15 20:00","1961","05","15","20:00"," ","","","","","","","","","","","","","","","","","","",""
"1961-05-15 20:30","1961","05","15","20:30"," ","-0,60","","-2,80","","85,00","","36,00","","24,00","","24,10","","100,80","","","","-7,00","","Généralement dégagé"
"1961-05-15 21:00","1961","05","15","21:00"," ","","","","","","","","","","","","","","","","","","",""
"1961-05-15 21:30","1961","05","15","21:30"," ","-0,60","","-2,20","","88,00","","34,00","","16,00","","24,10","","100,90","","","","-5,00","","Généralement dégagé"
"1961-05-15 22:00","1961","05","15","22:00"," ","","","","","","","","","","","","","","","","","","",""
"1961-05-15 22:30","1961","05","15","22:30"," ","-1,10","","-2,20","","91,00","","36,00","","19,00","","24,10","","100,92","","","","-6,00","","Généralement dégagé"
"1961-05-15 23:00","1961","05","15","23:00"," ","","","","","","","","","","","","","","","","","","",""
"1961-05-15 23:30","1961","05","15","23:30"," ","-1,10","","-1,70","","97,00","","36,00","","19,00","","24,10","","100,97","","","","-6,00","","Généralement dégagé"
"1961-05-16 00:00","1961","05","16","00:00"," ","","","","","","","","","","","","","","","","","","",""
"1961-05-16 00:30","1961","05","16","00:30"," ","-1,70","","-2,20","","96,00","","34,00","","5,00","","24,10","","101,04","","","","-4,00","","Dégagé"
"1961-05-16 01:00","1961","05","16","01:00"," ","","","","","","","","","","","","","","","","","","",""
"1961-05-16 01:30","1961","05","16","01:30"," ","-1,70","","-2,20","","96,00","","34,00","","10,00","","24,10","","101,08","","","","-5,00","","Dégagé"
"1961-05-16 02:00","1961","05","16","02:00"," ","","","","","","","","","","","","","","","","","","",""
"1961-05-16 02:30","1961","05","16","02:30"," ","-2,20","","-2,80","","97,00","","34,00","","8,00","","24,10","","101,10","","","","-5,00","","Dégagé"
"1961-05-16 03:00","1961","05","16","03:00"," ","","","","","","","","","","","","","","","","","","",""
"1961-05-16 03:30","1961","05","16","03:30"," ","-2,20","","-2,80","","97,00","","34,00","","8,00","","24,10","","101,11","","","","-5,00","","Dégagé"
"1961-05-16 04:00","1961","05","16","04:00"," ","","","","","","","","","","","","","","","","","","",""
"1961-05-16 04:30","1961","05","16","04:30"," ","-1,70","","-2,20","","96,00","","27,00","","6,00","","24,10","","101,15","","","","-4,00","","Dégagé"
"1961-05-16 05:00","1961","05","16","05:00"," ","","","","","","","","","","","","","","","","","","",""
"1961-05-16 05:30","1961","05","16","05:30"," ","-1,10","","-2,20","","93,00","","34,00","","8,00","","24,10","","101,25","","","","-4,00","","Généralement dégagé"
"1961-05-16 06:00","1961","05","16","06:00"," ","","","","","","","","","","","","","","","","","","",""
"1961-05-16 06:30","1961","05","16","06:30"," ","0,00","","-1,70","","88,00","","34,00","","8,00","","24,10","","101,29","","","","-3,00","","Généralement dégagé"
"1961-05-16 07:00","1961","05","16","07:00"," ","","","","","","","","","","","","","","","","","","",""
"1961-05-16 07:30","1961","05","16","07:30"," ","1,70","","-1,70","","78,00","","34,00","","5,00","","19,30","","101,34","","","","","","Généralement nuageux"
"1961-05-16 08:00","1961","05","16","08:00"," ","","","","","","","","","","","","","","","","","","",""
"1961-05-16 08:30","1961","05","16","08:30"," ","3,30","","0,00","","77,00","","0,00","","0,00","","19,30","","101,31","","","","","","Généralement nuageux"
"1961-05-16 09:00","1961","05","16","09:00"," ","","","","","","","","","","","","","","","","","","",""
"1961-05-16 09:30","1961","05","16","09:30"," ","4,40","","-0,60","","69,00","","0,00","","0,00","","19,30","","101,30","","","","","","Généralement nuageux"
"1961-05-16 10:00","1961","05","16","10:00"," ","","","","","","","","","","","","","","","","","","",""
"1961-05-16 10:30","1961","05","16","10:30"," ","5,00","","-1,70","","63,00","","7,00","","11,00","","16,10","","101,30","","","","","","Généralement nuageux"
"1961-05-16 11:00","1961","05","16","11:00"," ","","","","","","","","","","","","","","","","","","",""
"1961-05-16 11:30","1961","05","16","11:30"," ","5,60","","-0,60","","64,00","","11,00","","10,00","","16,10","","101,30","","","","","","Généralement nuageux"
"1961-05-16 12:00","1961","05","16","12:00"," ","","","","","","","","","","","","","","","","","","",""
"1961-05-16 12:30","1961","05","16","12:30"," ","5,00","","-2,20","","59,00","","14,00","","16,00","","24,10","","101,28","","","","","","Généralement dégagé"
"1961-05-16 13:00","1961","05","16","13:00"," ","","","","","","","","","","","","","","","","","","",""
"1961-05-16 13:30","1961","05","16","13:30"," ","6,70","","0,00","","61,00","","14,00","","19,00","","24,10","","101,24","","","","","","Généralement dégagé"
"1961-05-16 14:00","1961","05","16","14:00"," ","","","","","","","","","","","","","","","","","","",""
"1961-05-16 14:30","1961","05","16","14:30"," ","5,00","","0,00","","70,00","","14,00","","24,00","","24,10","","101,20","","","","","","Généralement nuageux"
"1961-05-16 15:00","1961","05","16","15:00"," ","","","","","","","","","","","","","","","","","","",""
"1961-05-16 15:30","1961","05","16","15:30"," ","5,00","","-1,70","","61,00","","16,00","","24,00","","24,10","","101,12","","","","","","Nuageux"
"1961-05-16 16:00","1961","05","16","16:00"," ","","","","","","","","","","","","","","","","","","",""
"1961-05-16 16:30","1961","05","16","16:30"," ","4,40","","-2,20","","62,00","","18,00","","21,00","","24,10","","101,12","","","","","","Nuageux"
"1961-05-16 17:00","1961","05","16","17:00"," ","","","","","","","","","","","","","","","","","","",""
"1961-05-16 17:30","1961","05","16","17:30"," ","4,40","","-1,10","","67,00","","18,00","","19,00","","24,10","","101,12","","","","","","Nuageux"
"1961-05-16 18:00","1961","05","16","18:00"," ","","","","","","","","","","","","","","","","","","",""
"1961-05-16 18:30","1961","05","16","18:30"," ","5,00","","-0,60","","67,00","","20,00","","16,00","","24,10","","101,12","","","","","","Nuageux"
"1961-05-16 19:00","1961","05","16","19:00"," ","","","","","","","","","","","","","","","","","","",""
"1961-05-16 19:30","1961","05","16","19:30"," ","5,00","","0,00","","70,00","","0,00","","0,00","","24,10","","101,12","","","","","","Nuageux"
"1961-05-16 20:00","1961","05","16","20:00"," ","","","","","","","","","","","","","","","","","","",""
"1961-05-16 20:30","1961","05","16","20:30"," ","3,90","","0,60","","78,00","","0,00","","0,00","","24,10","","101,15","","","","","","Généralement nuageux"
"1961-05-16 21:00","1961","05","16","21:00"," ","","","","","","","","","","","","","","","","","","",""
"1961-05-16 21:30","1961","05","16","21:30"," ","3,90","","0,60","","80,00","","23,00","","13,00","","24,10","","101,10","","","","","","Nuageux"
"1961-05-16 22:00","1961","05","16","22:00"," ","","","","","","","","","","","","","","","","","","",""
"1961-05-16 22:30","1961","05","16","22:30"," ","3,90","","0,60","","80,00","","20,00","","21,00","","24,10","","101,06","","","","","","Nuageux"
"1961-05-16 23:00","1961","05","16","23:00"," ","","","","","","","","","","","","","","","","","","",""
"1961-05-16 23:30","1961","05","16","23:30"," ","3,90","","1,10","","83,00","","20,00","","16,00","","24,10","","101,00","","","","","","Nuageux"
"1961-05-17 00:00","1961","05","17","00:00"," ","","","","","","","","","","","","","","","","","","",""
"1961-05-17 00:30","1961","05","17","00:30"," ","3,90","","1,10","","83,00","","18,00","","16,00","","24,10","","100,93","","","","","","Nuageux"
"1961-05-17 01:00","1961","05","17","01:00"," ","","","","","","","","","","","","","","","","","","",""
"1961-05-17 01:30","1961","05","17","01:30"," ","3,90","","1,70","","85,00","","20,00","","21,00","","24,10","","100,90","","","","","","Pluie"
"1961-05-17 02:00","1961","05","17","02:00"," ","","","","","","","","","","","","","","","","","","",""
"1961-05-17 02:30","1961","05","17","02:30"," ","3,90","","1,10","","83,00","","20,00","","16,00","","24,10","","100,81","","","","","","Nuageux"
"1961-05-17 03:00","1961","05","17","03:00"," ","","","","","","","","","","","","","","","","","","",""
"1961-05-17 03:30","1961","05","17","03:30"," ","4,40","","0,60","","76,00","","20,00","","16,00","","24,10","","100,79","","","","","","Nuageux"
"1961-05-17 04:00","1961","05","17","04:00"," ","","","","","","","","","","","","","","","","","","",""
"1961-05-17 04:30","1961","05","17","04:30"," ","3,90","","-0,60","","73,00","","18,00","","13,00","","24,10","","100,74","","","","","","Nuageux"
"1961-05-17 05:00","1961","05","17","05:00"," ","","","","","","","","","","","","","","","","","","",""
"1961-05-17 05:30","1961","05","17","05:30"," ","3,30","","0,00","","80,00","","20,00","","18,00","","24,10","","100,71","","","","","","Pluie"
"1961-05-17 06:00","1961","05","17","06:00"," ","","","","","","","","","","","","","","","","","","",""
"1961-05-17 06:30","1961","05","17","06:30"," ","3,30","","1,10","","85,00","","20,00","","23,00","","24,10","","100,65","","","","","","Pluie"
"1961-05-17 07:00","1961","05","17","07:00"," ","","","","","","","","","","","","","","","","","","",""
"1961-05-17 07:30","1961","05","17","07:30"," ","4,40","","2,80","","90,00","","18,00","","13,00","","16,10","","100,65","","","","","","Averses de pluie"
"1961-05-17 08:00","1961","05","17","08:00"," ","","","","","","","","","","","","","","","","","","",""
"1961-05-17 08:30","1961","05","17","08:30"," ","5,00","","3,90","","93,00","","20,00","","24,00","","16,10","","100,58","","","","","","Nuageux"
"1961-05-17 09:00","1961","05","17","09:00"," ","","","","","","","","","","","","","","","","","","",""
"1961-05-17 09:30","1961","05","17","09:30"," ","7,20","","5,60","","89,00","","20,00","","23,00","","16,10","","100,56","","","","","","Nuageux"
"1961-05-17 10:00","1961","05","17","10:00"," ","","","","","","","","","","","","","","","","","","",""
"1961-05-17 10:30","1961","05","17","10:30"," ","7,80","","5,60","","87,00","","20,00","","19,00","","16,10","","100,50","","","","","","Nuageux"
"1961-05-17 11:00","1961","05","17","11:00"," ","","","","","","","","","","","","","","","","","","",""
"1961-05-17 11:30","1961","05","17","11:30"," ","12,80","","8,90","","77,00","","23,00","","24,00","","24,10","","100,41","","","","","","Généralement nuageux"
"1961-05-17 12:00","1961","05","17","12:00"," ","","","","","","","","","","","","","","","","","","",""
"1961-05-17 12:30","1961","05","17","12:30"," ","12,20","","8,30","","77,00","","25,00","","26,00","","24,10","","100,36","","","","","","Généralement nuageux"
"1961-05-17 13:00","1961","05","17","13:00"," ","","","","","","","","","","","","","","","","","","",""
"1961-05-17 13:30","1961","05","17","13:30"," ","12,80","","8,30","","74,00","","23,00","","16,00","","24,10","","100,32","","","","","","Généralement nuageux"
"1961-05-17 14:00","1961","05","17","14:00"," ","","","","","","","","","","","","","","","","","","",""
"1961-05-17 14:30","1961","05","17","14:30"," ","16,70","","10,60","","67,00","","25,00","","19,00","","24,10","","100,28","","","","","","Généralement nuageux"
"1961-05-17 15:00","1961","05","17","15:00"," ","","","","","","","","","","","","","","","","","","",""
"1961-05-17 15:30","1961","05","17","15:30"," ","16,10","","10,60","","69,00","","25,00","","19,00","","24,10","","100,27","","","","","","Généralement nuageux"
"1961-05-17 16:00","1961","05","17","16:00"," ","","","","","","","","","","","","","","","","","","",""
"1961-05-17 16:30","1961","05","17","16:30"," ","13,30","","9,40","","78,00","","25,00","","19,00","","24,10","","100,24","","","","","","Généralement nuageux"
"1961-05-17 17:00","1961","05","17","17:00"," ","","","","","","","","","","","","","","","","","","",""
"1961-05-17 17:30","1961","05","17","17:30"," ","13,30","","9,40","","76,00","","25,00","","13,00","","24,10","","100,22","","","","","","Généralement nuageux"
"1961-05-17 18:00","1961","05","17","18:00"," ","","","","","","","","","","","","","","","","","","",""
"1961-05-17 18:30","1961","05","17","18:30"," ","12,20","","10,00","","85,00","","27,00","","24,00","","24,10","","100,23","","","","","","Bruine"
"1961-05-17 19:00","1961","05","17","19:00"," ","","","","","","","","","","","","","","","","","","",""
"1961-05-17 19:30","1961","05","17","19:30"," ","11,10","","10,00","","92,00","","25,00","","19,00","","12,90","","100,22","","","","","","Bruine"
"1961-05-17 20:00","1961","05","17","20:00"," ","","","","","","","","","","","","","","","","","","",""
"1961-05-17 20:30","1961","05","17","20:30"," ","11,10","","10,60","","96,00","","23,00","","19,00","","16,10","","100,19","","","","","","Généralement nuageux"
"1961-05-17 21:00","1961","05","17","21:00"," ","","","","","","","","","","","","","","","","","","",""
"1961-05-17 21:30","1961","05","17","21:30"," ","10,60","","10,60","","100,00","","25,00","","16,00","","0,80","","100,14","","","","","","Brouillard"
"1961-05-17 22:00","1961","05","17","22:00"," ","","","","","","","","","","","","","","","","","","",""
"1961-05-17 22:30","1961","05","17","22:30"," ","11,70","","11,70","","100,00","","25,00","","14,00","","0,40","","100,12","","","","","","Brouillard"
"1961-05-17 23:00","1961","05","17","23:00"," ","","","","","","","","","","","","","","","","","","",""
"1961-05-17 23:30","1961","05","17","23:30"," ","12,80","","12,80","","100,00","","25,00","","19,00","","0,40","","100,12","","","","","","Brouillard"
"1961-05-18 00:00","1961","05","18","00:00"," ","","","","","","","","","","","","","","","","","","",""
"1961-05-18 00:30","1961","05","18","00:30"," ","11,70","","11,70","","100,00","","25,00","","16,00","","0,40","","100,11","","","","","","Brouillard"
"1961-05-18 01:00","1961","05","18","01:00"," ","","","","","","","","","","","","","","","","","","",""
"1961-05-18 01:30","1961","05","18","01:30"," ","11,10","","11,10","","100,00","","25,00","","23,00","","0,80","","100,09","","","","","","Brouillard"
"1961-05-18 02:00","1961","05","18","02:00"," ","","","","","","","","","","","","","","","","","","",""
"1961-05-18 02:30","1961","05","18","02:30"," ","10,00","","10,00","","100,00","","25,00","","24,00","","0,40","","100,00","","","","","","Brouillard"
"1961-05-18 03:00","1961","05","18","03:00"," ","","","","","","","","","","","","","","","","","","",""
"1961-05-18 03:30","1961","05","18","03:30"," ","8,90","","8,90","","100,00","","27,00","","29,00","","0,80","","100,05","","","","","","Pluie,Brouillard"
"1961-05-18 04:00","1961","05","18","04:00"," ","","","","","","","","","","","","","","","","","","",""
"1961-05-18 04:30","1961","05","18","04:30"," ","8,30","","8,30","","100,00","","29,00","","24,00","","4,00","","100,05","","","","","","Pluie,Brouillard"
"1961-05-18 05:00","1961","05","18","05:00"," ","","","","","","","","","","","","","","","","","","",""
"1961-05-18 05:30","1961","05","18","05:30"," ","8,30","","8,30","","100,00","","32,00","","24,00","","4,80","","100,19","","","","","","Pluie,Brouillard"
"1961-05-18 06:00","1961","05","18","06:00"," ","","","","","","","","","","","","","","","","","","",""
"1961-05-18 06:30","1961","05","18","06:30"," ","7,80","","7,80","","100,00","","2,00","","29,00","","4,80","","100,29","","","","","","Pluie,Brouillard"
"1961-05-18 07:00","1961","05","18","07:00"," ","","","","","","","","","","","","","","","","","","",""
"1961-05-18 07:30","1961","05","18","07:30"," ","6,70","","6,10","","98,00","","36,00","","24,00","","12,90","","100,32","","","","","","Nuageux"
"1961-05-18 08:00","1961","05","18","08:00"," ","","","","","","","","","","","","","","","","","","",""
"1961-05-18 08:30","1961","05","18","08:30"," ","7,20","","6,10","","93,00","","36,00","","32,00","","16,10","","100,34","","","","","","Nuageux"
"1961-05-18 09:00","1961","05","18","09:00"," ","","","","","","","","","","","","","","","","","","",""
"1961-05-18 09:30","1961","05","18","09:30"," ","5,60","","5,00","","95,00","","36,00","","32,00","","12,90","","100,42","","","","","","Nuageux"
"1961-05-18 10:00","1961","05","18","10:00"," ","","","","","","","","","","","","","","","","","","",""
"1961-05-18 10:30","1961","05","18","10:30"," ","6,10","","5,00","","91,00","","36,00","","29,00","","16,10","","100,46","","","","","","Nuageux"
"1961-05-18 11:00","1961","05","18","11:00"," ","","","","","","","","","","","","","","","","","","",""
"1961-05-18 11:30","1961","05","18","11:30"," ","6,70","","4,40","","85,00","","36,00","","37,00","","16,10","","100,48","","","","","","Nuageux"
"1961-05-18 12:00","1961","05","18","12:00"," ","","","","","","","","","","","","","","","","","","",""
"1961-05-18 12:30","1961","05","18","12:30"," ","7,20","","4,40","","83,00","","2,00","","35,00","","24,10","","100,57","","","","","","Généralement nuageux"
"1961-05-18 13:00","1961","05","18","13:00"," ","","","","","","","","","","","","","","","","","","",""
"1961-05-18 13:30","1961","05","18","13:30"," ","7,80","","2,80","","71,00","","36,00","","37,00","","24,10","","100,60","","","","","","Généralement dégagé"
"1961-05-18 14:00","1961","05","18","14:00"," ","","","","","","","","","","","","","","","","","","",""
"1961-05-18 14:30","1961","05","18","14:30"," ","7,20","","1,70","","68,00","","36,00","","40,00","","24,10","","100,66","","","","","","Généralement dégagé"
"1961-05-18 15:00","1961","05","18","15:00"," ","","","","","","","","","","","","","","","","","","",""
"1961-05-18 15:30","1961","05","18","15:30"," ","6,70","","0,00","","63,00","","36,00","","40,00","","24,10","","100,69","","","","","","Dégagé"
"1961-05-18 16:00","1961","05","18","16:00"," ","","","","","","","","","","","","","","","","","","",""
"1961-05-18 16:30","1961","05","18","16:30"," ","5,00","","-0,60","","67,00","","36,00","","40,00","","24,10","","100,78","","","","","","Généralement dégagé"
"1961-05-18 17:00","1961","05","18","17:00"," ","","","","","","","","","","","","","","","","","","",""
"1961-05-18 17:30","1961","05","18","17:30"," ","3,90","","-1,70","","68,00","","36,00","","37,00","","24,10","","100,85","","","","","","Généralement dégagé"
"1961-05-18 18:00","1961","05","18","18:00"," ","","","","","","","","","","","","","","","","","","",""
"1961-05-18 18:30","1961","05","18","18:30"," ","2,20","","-1,10","","79,00","","36,00","","32,00","","24,10","","100,94","","","","","","Généralement dégagé"
"1961-05-18 19:00","1961","05","18","19:00"," ","","","","","","","","","","","","","","","","","","",""
"1961-05-18 19:30","1961","05","18","19:30"," ","0,00","","-1,70","","88,00","","36,00","","27,00","","24,10","","101,09","","","","-6,00","","Généralement dégagé"
"1961-05-18 20:00","1961","05","18","20:00"," ","","","","","","","","","","","","","","","","","","",""
"1961-05-18 20:30","1961","05","18","20:30"," ","-0,60","","-2,80","","85,00","","2,00","","16,00","","24,10","","101,16","","","","-5,00","","Généralement dégagé"
"1961-05-18 21:00","1961","05","18","21:00"," ","","","","","","","","","","","","","","","","","","",""
"1961-05-18 21:30","1961","05","18","21:30"," ","-1,10","","-2,20","","91,00","","36,00","","23,00","","24,10","","101,15","","","","-7,00","","Généralement dégagé"
"1961-05-18 22:00","1961","05","18","22:00"," ","","","","","","","","","","","","","","","","","","",""
"1961-05-18 22:30","1961","05","18","22:30"," ","-1,10","","-2,80","","90,00","","36,00","","21,00","","24,10","","101,21","","","","-7,00","","Généralement dégagé"
"1961-05-18 23:00","1961","05","18","23:00"," ","","","","","","","","","","","","","","","","","","",""
"1961-05-18 23:30","1961","05","18","23:30"," ","-1,10","","-2,20","","91,00","","36,00","","26,00","","24,10","","101,23","","","","-7,00","","Généralement dégagé"
"1961-05-19 00:00","1961","05","19","00:00"," ","","","","","","","","","","","","","","","","","","",""
"1961-05-19 00:30","1961","05","19","00:30"," ","-1,10","","-2,80","","88,00","","36,00","","24,00","","24,10","","101,25","","","","-7,00","","Dégagé"
"1961-05-19 01:00","1961","05","19","01:00"," ","","","","","","","","","","","","","","","","","","",""
"1961-05-19 01:30","1961","05","19","01:30"," ","-1,70","","-3,30","","89,00","","36,00","","24,00","","24,10","","101,27","","","","-8,00","","Dégagé"
"1961-05-19 02:00","1961","05","19","02:00"," ","","","","","","","","","","","","","","","","","","",""
"1961-05-19 02:30","1961","05","19","02:30"," ","-1,10","","-2,80","","89,00","","2,00","","19,00","","24,10","","101,30","","","","-6,00","","Dégagé"
"1961-05-19 03:00","1961","05","19","03:00"," ","","","","","","","","","","","","","","","","","","",""
"1961-05-19 03:30","1961","05","19","03:30"," ","-1,10","","-2,80","","87,00","","2,00","","24,00","","24,10","","101,35","","","","-7,00","","Généralement nuageux"
"1961-05-19 04:00","1961","05","19","04:00"," ","","","","","","","","","","","","","","","","","","",""
"1961-05-19 04:30","1961","05","19","04:30"," ","-0,60","","-2,20","","88,00","","5,00","","24,00","","24,10","","101,42","","","","-7,00","","Généralement nuageux"
"1961-05-19 05:00","1961","05","19","05:00"," ","","","","","","","","","","","","","","","","","","",""
"1961-05-19 05:30","1961","05","19","05:30"," ","-0,60","","-2,20","","88,00","","5,00","","24,00","","24,10","","101,48","","","","-7,00","","Nuageux"
"1961-05-19 06:00","1961","05","19","06:00"," ","","","","","","","","","","","","","","","","","","",""
"1961-05-19 06:30","1961","05","19","06:30"," ","-0,60","","-2,20","","88,00","","2,00","","24,00","","16,10","","101,54","","","","-7,00","","Nuageux"
"1961-05-19 07:00","1961","05","19","07:00"," ","","","","","","","","","","","","","","","","","","",""
"1961-05-19 07:30","1961","05","19","07:30"," ","-0,60","","-3,30","","82,00","","2,00","","26,00","","24,10","","101,57","","","","-7,00","","Nuageux"
"1961-05-19 08:00","1961","05","19","08:00"," ","","","","","","","","","","","","","","","","","","",""
"1961-05-19 08:30","1961","05","19","08:30"," ","0,60","","-3,90","","73,00","","2,00","","24,00","","24,10","","101,65","","","","","","Généralement nuageux"
"1961-05-19 09:00","1961","05","19","09:00"," ","","","","","","","","","","","","","","","","","","",""
"1961-05-19 09:30","1961","05","19","09:30"," ","1,10","","-3,90","","68,00","","5,00","","27,00","","24,10","","101,66","","","","","","Généralement nuageux"
"1961-05-19 10:00","1961","05","19","10:00"," ","","","","","","","","","","","","","","","","","","",""
"1961-05-19 10:30","1961","05","19","10:30"," ","1,70","","-3,90","","67,00","","5,00","","24,00","","24,10","","101,64","","","","","","Généralement nuageux"
"1961-05-19 11:00","1961","05","19","11:00"," ","","","","","","","","","","","","","","","","","","",""
"1961-05-19 11:30","1961","05","19","11:30"," ","1,70","","-1,70","","78,00","","2,00","","39,00","","24,10","","101,67","","","","","","Généralement dégagé"
"1961-05-19 12:00","1961","05","19","12:00"," ","","","","","","","","","","","","","","","","","","",""
"1961-05-19 12:30","1961","05","19","12:30"," ","3,30","","-2,20","","68,00","","5,00","","29,00","","24,10","","101,69","","","","","","Généralement dégagé"
"1961-05-19 13:00","1961","05","19","13:00"," ","","","","","","","","","","","","","","","","","","",""
"1961-05-19 13:30","1961","05","19","13:30"," ","3,30","","-2,20","","68,00","","2,00","","32,00","","24,10","","101,68","","","","","","Généralement dégagé"
"1961-05-19 14:00","1961","05","19","14:00"," ","","","","","","","","","","","","","","","","","","",""
"1961-05-19 14:30","1961","05","19","14:30"," ","3,30","","-0,60","","75,00","","5,00","","29,00","","24,10","","101,66","","","","","","Généralement dégagé"
"1961-05-19 15:00","1961","05","19","15:00"," ","","","","","","","","","","","","","","","","","","",""
"1961-05-19 15:30","1961","05","19","15:30"," ","2,20","","-1,10","","79,00","","5,00","","24,00","","24,10","","101,67","","","","","","Généralement dégagé"
"1961-05-19 16:00","1961","05","19","16:00"," ","","","","","","","","","","","","","","","","","","",""
"1961-05-19 16:30","1961","05","19","16:30"," ","2,20","","-2,20","","74,00","","5,00","","19,00","","24,10","","101,68","","","","","","Généralement dégagé"
"1961-05-19 17:00","1961","05","19","17:00"," ","","","","","","","","","","","","","","","","","","",""
"1961-05-19 17:30","1961","05","19","17:30"," ","1,70","","-1,10","","81,00","","5,00","","24,00","","24,10","","101,67","","","","","","Généralement dégagé"
"1961-05-19 18:00","1961","05","19","18:00"," ","","","","","","","","","","","","","","","","","","",""
"1961-05-19 18:30","1961","05","19","18:30"," ","0,60","","-1,10","","89,00","","5,00","","24,00","","24,10","","101,68","","","","","","Généralement nuageux"
"1961-05-19 19:00","1961","05","19","19:00"," ","","","","","","","","","","","","","","","","","","",""
"1961-05-19 19:30","1961","05","19","19:30"," ","0,00","","-1,70","","88,00","","5,00","","21,00","","24,10","","101,69","","","","-5,00","","Généralement nuageux"
"1961-05-19 20:00","1961","05","19","20:00"," ","","","","","","","","","","","","","","","","","","",""
"1961-05-19 20:30","1961","05","19","20:30"," ","-0,60","","-1,10","","97,00","","5,00","","16,00","","16,10","","101,73","","","","-5,00","","Généralement nuageux"
"1961-05-19 21:00","1961","05","19","21:00"," ","","","","","","","","","","","","","","","","","","",""
"1961-05-19 21:30","1961","05","19","21:30"," ","-0,60","","-1,10","","97,00","","5,00","","11,00","","16,10","","101,72","","","","-4,00","","Généralement nuageux"
"1961-05-19 22:00","1961","05","19","22:00"," ","","","","","","","","","","","","","","","","","","",""
"1961-05-19 22:30","1961","05","19","22:30"," ","-1,10","","-1,70","","96,00","","9,00","","10,00","","16,10","","101,69","","","","-5,00","","Généralement nuageux"
"1961-05-19 23:00","1961","05","19","23:00"," ","","","","","","","","","","","","","","","","","","",""
"1961-05-19 23:30","1961","05","19","23:30"," ","-1,10","","-2,20","","93,00","","7,00","","16,00","","16,10","","101,61","","","","-6,00","","Généralement dégagé"
"1961-05-20 00:00","1961","05","20","00:00"," ","","","","","","","","","","","","","","","","","","",""
"1961-05-20 00:30","1961","05","20","00:30"," ","-0,60","","-1,10","","97,00","","7,00","","16,00","","12,90","","101,62","","","","-5,00","","Généralement nuageux"
"1961-05-20 01:00","1961","05","20","01:00"," ","","","","","","","","","","","","","","","","","","",""
"1961-05-20 01:30","1961","05","20","01:30"," ","-0,60","","-1,70","","93,00","","7,00","","14,00","","12,90","","101,58","","","","-5,00","","Nuageux"
"1961-05-20 02:00","1961","05","20","02:00"," ","","","","","","","","","","","","","","","","","","",""
"1961-05-20 02:30","1961","05","20","02:30"," ","-0,60","","-1,70","","91,00","","7,00","","16,00","","16,10","","101,53","","","","-5,00","","Nuageux"
"1961-05-20 03:00","1961","05","20","03:00"," ","","","","","","","","","","","","","","","","","","",""
"1961-05-20 03:30","1961","05","20","03:30"," ","0,00","","-1,70","","88,00","","7,00","","16,00","","16,10","","101,49","","","","-5,00","","Nuageux"
"1961-05-20 04:00","1961","05","20","04:00"," ","","","","","","","","","","","","","","","","","","",""
"1961-05-20 04:30","1961","05","20","04:30"," ","0,00","","-1,70","","88,00","","7,00","","16,00","","16,10","","101,47","","","","-5,00","","Généralement nuageux"
"1961-05-20 05:00","1961","05","20","05:00"," ","","","","","","","","","","","","","","","","","","",""
"1961-05-20 05:30","1961","05","20","05:30"," ","0,00","","-2,20","","86,00","","9,00","","16,00","","16,10","","101,46","","","","-5,00","","Généralement nuageux"
"1961-05-20 06:00","1961","05","20","06:00"," ","","","","","","","","","","","","","","","","","","",""
"1961-05-20 06:30","1961","05","20","06:30"," ","1,10","","-1,70","","83,00","","9,00","","19,00","","16,10","","101,46","","","","","","Nuageux"
"1961-05-20 07:00","1961","05","20","07:00"," ","","","","","","","","","","","","","","","","","","",""
"1961-05-20 07:30","1961","05","20","07:30"," ","1,10","","-1,70","","82,00","","9,00","","23,00","","24,10","","101,44","","","","","","Nuageux"
"1961-05-20 08:00","1961","05","20","08:00"," ","","","","","","","","","","","","","","","","","","",""
"1961-05-20 08:30","1961","05","20","08:30"," ","1,10","","-2,80","","76,00","","9,00","","21,00","","24,10","","101,42","","","","","","Nuageux"
"1961-05-20 09:00","1961","05","20","09:00"," ","","","","","","","","","","","","","","","","","","",""
"1961-05-20 09:30","1961","05","20","09:30"," ","2,20","","-2,20","","71,00","","9,00","","29,00","","24,10","","101,41","","","","","","Nuageux"
"1961-05-20 10:00","1961","05","20","10:00"," ","","","","","","","","","","","","","","","","","","",""
"1961-05-20 10:30","1961","05","20","10:30"," ","2,20","","-2,20","","71,00","","11,00","","29,00","","24,10","","101,35","","","","","","Nuageux"
"1961-05-20 11:00","1961","05","20","11:00"," ","","","","","","","","","","","","","","","","","","",""
"1961-05-20 11:30","1961","05","20","11:30"," ","2,80","","-2,80","","67,00","","11,00","","27,00","","24,10","","101,32","","","","","","Nuageux"
"1961-05-20 12:00","1961","05","20","12:00"," ","","","","","","","","","","","","","","","","","","",""
"1961-05-20 12:30","1961","05","20","12:30"," ","3,30","","-1,10","","72,00","","11,00","","27,00","","24,10","","101,27","","","","","","Généralement nuageux"
"1961-05-20 13:00","1961","05","20","13:00"," ","","","","","","","","","","","","","","","","","","",""
"1961-05-20 13:30","1961","05","20","13:30"," ","3,90","","-0,60","","73,00","","11,00","","35,00","","24,10","","101,18","","","","","","Nuageux"
"1961-05-20 14:00","1961","05","20","14:00"," ","","","","","","","","","","","","","","","","","","",""
"1961-05-20 14:30","1961","05","20","14:30"," ","2,80","","-1,10","","74,00","","11,00","","32,00","","24,10","","101,14","","","","","","Nuageux"
"1961-05-20 15:00","1961","05","20","15:00"," ","","","","","","","","","","","","","","","","","","",""
"1961-05-20 15:30","1961","05","20","15:30"," ","2,20","","-1,70","","76,00","","11,00","","26,00","","24,10","","101,05","","","","","","Nuageux"
"1961-05-20 16:00","1961","05","20","16:00"," ","","","","","","","","","","","","","","","","","","",""
"1961-05-20 16:30","1961","05","20","16:30"," ","3,30","","0,00","","77,00","","11,00","","26,00","","24,10","","100,99","","","","","","Nuageux"
"1961-05-20 17:00","1961","05","20","17:00"," ","","","","","","","","","","","","","","","","","","",""
"1961-05-20 17:30","1961","05","20","17:30"," ","3,30","","0,00","","77,00","","14,00","","24,00","","24,10","","100,98","","","","","","Nuageux"
"1961-05-20 18:00","1961","05","20","18:00"," ","","","","","","","","","","","","","","","","","","",""
"1961-05-20 18:30","1961","05","20","18:30"," ","2,20","","-0,60","","81,00","","14,00","","26,00","","24,10","","100,95","","","","","","Nuageux"
"1961-05-20 19:00","1961","05","20","19:00"," ","","","","","","","","","","","","","","","","","","",""
"1961-05-20 19:30","1961","05","20","19:30"," ","1,70","","-0,60","","84,00","","14,00","","26,00","","24,10","","100,93","","","","","","Nuageux"
"1961-05-20 20:00","1961","05","20","20:00"," ","","","","","","","","","","","","","","","","","","",""
"1961-05-20 20:30","1961","05","20","20:30"," ","1,70","","-0,60","","84,00","","14,00","","26,00","","24,10","","100,87","","","","","","Nuageux"
"1961-05-20 21:00","1961","05","20","21:00"," ","","","","","","","","","","","","","","","","","","",""
"1961-05-20 21:30","1961","05","20","21:30"," ","1,70","","-0,60","","84,00","","14,00","","26,00","","24,10","","100,85","","","","","","Nuageux"
"1961-05-20 22:00","1961","05","20","22:00"," ","","","","","","","","","","","","","","","","","","",""
"1961-05-20 22:30","1961","05","20","22:30"," ","1,10","","-0,60","","89,00","","14,00","","29,00","","24,10","","100,78","","","","","","Nuageux"
"1961-05-20 23:00","1961","05","20","23:00"," ","","","","","","","","","","","","","","","","","","",""
"1961-05-20 23:30","1961","05","20","23:30"," ","1,10","","-0,60","","89,00","","14,00","","24,00","","24,10","","100,73","","","","","","Nuageux"
"1961-05-21 00:00","1961","05","21","00:00"," ","","","","","","","","","","","","","","","","","","",""
"1961-05-21 00:30","1961","05","21","00:30"," ","1,10","","0,00","","92,00","","11,00","","21,00","","8,00","","100,65","","","","","","Brouillard"
"1961-05-21 01:00","1961","05","21","01:00"," ","","","","","","","","","","","","","","","","","","",""
"1961-05-21 01:30","1961","05","21","01:30"," ","1,10","","0,00","","92,00","","14,00","","26,00","","9,70","","100,58","","","","","","Brouillard"
"1961-05-21 02:00","1961","05","21","02:00"," ","","","","","","","","","","","","","","","","","","",""
"1961-05-21 02:30","1961","05","21","02:30"," ","1,10","","0,00","","92,00","","14,00","","29,00","","9,70","","100,47","","","","","","Brouillard"
"1961-05-21 03:00","1961","05","21","03:00"," ","","","","","","","","","","","","","","","","","","",""
"1961-05-21 03:30","1961","05","21","03:30"," ","1,10","","0,60","","94,00","","14,00","","32,00","","12,90","","100,44","","","","","","Bruine"
"1961-05-21 04:00","1961","05","21","04:00"," ","","","","","","","","","","","","","","","","","","",""
"1961-05-21 04:30","1961","05","21","04:30"," ","1,10","","0,60","","94,00","","14,00","","32,00","","12,90","","100,42","","","","","","Bruine"
"1961-05-21 05:00","1961","05","21","05:00"," ","","","","","","","","","","","","","","","","","","",""
"1961-05-21 05:30","1961","05","21","05:30"," ","1,70","","1,10","","94,00","","14,00","","40,00","","9,70","","100,39","","","","","","Brouillard"
"1961-05-21 06:00","1961","05","21","06:00"," ","","","","","","","","","","","","","","","","","","",""
"1961-05-21 06:30","1961","05","21","06:30"," ","1,70","","0,60","","97,00","","14,00","","40,00","","9,70","","100,36","","","","","","Bruine,Brouillard"
"1961-05-21 07:00","1961","05","21","07:00"," ","","","","","","","","","","","","","","","","","","",""
"1961-05-21 07:30","1961","05","21","07:30"," ","2,20","","1,70","","97,00","","16,00","","48,00","","8,00","","100,29","","","","","","Bruine,Brouillard"
"1961-05-21 08:00","1961","05","21","08:00"," ","","","","","","","","","","","","","","","","","","",""
"1961-05-21 08:30","1961","05","21","08:30"," ","2,80","","2,20","","97,00","","16,00","","48,00","","8,00","","100,28","","","","","","Brouillard"
"1961-05-21 09:00","1961","05","21","09:00"," ","","","","","","","","","","","","","","","","","","",""
"1961-05-21 09:30","1961","05","21","09:30"," ","2,80","","2,80","","100,00","","16,00","","48,00","","0,40","","100,26","","","","","","Brouillard"
"1961-05-21 10:00","1961","05","21","10:00"," ","","","","","","","","","","","","","","","","","","",""
"1961-05-21 10:30","1961","05","21","10:30"," ","3,30","","3,30","","100,00","","14,00","","42,00","","0,20","","100,24","","","","","","Pluie,Bruine,Brouillard"
"1961-05-21 11:00","1961","05","21","11:00"," ","","","","","","","","","","","","","","","","","","",""
"1961-05-21 11:30","1961","05","21","11:30"," ","3,30","","3,30","","100,00","","14,00","","24,00","","0,20","","100,24","","","","","","Bruine,Brouillard"
"1961-05-21 12:00","1961","05","21","12:00"," ","","","","","","","","","","","","","","","","","","",""
"1961-05-21 12:30","1961","05","21","12:30"," ","2,80","","2,80","","100,00","","14,00","","26,00","","0,20","","100,19","","","","","","Bruine,Brouillard"
"1961-05-21 13:00","1961","05","21","13:00"," ","","","","","","","","","","","","","","","","","","",""
"1961-05-21 13:30","1961","05","21","13:30"," ","2,80","","2,80","","100,00","","14,00","","32,00","","0,20","","100,11","","","","","","Pluie,Bruine,Brouillard"
"1961-05-21 14:00","1961","05","21","14:00"," ","","","","","","","","","","","","","","","","","","",""
"1961-05-21 14:30","1961","05","21","14:30"," ","2,80","","2,80","","100,00","","16,00","","29,00","","0,20","","100,10","","","","","","Pluie,Bruine,Brouillard"
"1961-05-21 15:00","1961","05","21","15:00"," ","","","","","","","","","","","","","","","","","","",""
"1961-05-21 15:30","1961","05","21","15:30"," ","3,30","","3,30","","100,00","","14,00","","32,00","","0,20","","100,01","","","","","","Pluie,Bruine,Brouillard"
"1961-05-21 16:00","1961","05","21","16:00"," ","","","","","","","","","","","","","","","","","","",""
"1961-05-21 16:30","1961","05","21","16:30"," ","3,30","","3,30","","100,00","","16,00","","24,00","","0,80","","99,99","","","","","","Pluie,Bruine,Brouillard"
"1961-05-21 17:00","1961","05","21","17:00"," ","","","","","","","","","","","","","","","","","","",""
"1961-05-21 17:30","1961","05","21","17:30"," ","3,30","","3,30","","100,00","","14,00","","24,00","","2,40","","99,95","","","","","","Pluie,Bruine,Brouillard"
"1961-05-21 18:00","1961","05","21","18:00"," ","","","","","","","","","","","","","","","","","","",""
"1961-05-21 18:30","1961","05","21","18:30"," ","3,30","","3,30","","100,00","","14,00","","26,00","","0,80","","99,95","","","","","","Pluie,Bruine,Brouillard"
"1961-05-21 19:00","1961","05","21","19:00"," ","","","","","","","","","","","","","","","","","","",""
"1961-05-21 19:30","1961","05","21","19:30"," ","3,30","","3,30","","100,00","","14,00","","26,00","","0,80","","99,88","","","","","","Pluie,Bruine,Brouillard"
"1961-05-21 20:00","1961","05","21","20:00"," ","","","","","","","","","","","","","","","","","","",""
"1961-05-21 20:30","1961","05","21","20:30"," ","3,30","","3,30","","100,00","","16,00","","35,00","","0,40","","99,85","","","","","","Bruine,Brouillard"
"1961-05-21 21:00","1961","05","21","21:00"," ","","","","","","","","","","","","","","","","","","",""
"1961-05-21 21:30","1961","05","21","21:30"," ","3,30","","3,30","","100,00","","16,00","","40,00","","4,00","","99,80","","","","","","Pluie,Brouillard"
"1961-05-21 22:00","1961","05","21","22:00"," ","","","","","","","","","","","","","","","","","","",""
"1961-05-21 22:30","1961","05","21","22:30"," ","2,80","","2,80","","100,00","","16,00","","32,00","","0,40","","99,79","","","","","","Pluie,Bruine,Brouillard"
"1961-05-21 23:00","1961","05","21","23:00"," ","","","","","","","","","","","","","","","","","","",""
"1961-05-21 23:30","1961","05","21","23:30"," ","2,80","","2,80","","100,00","","16,00","","32,00","","0,40","","99,75","","","","","","Brouillard"
"1961-05-22 00:00","1961","05","22","00:00"," ","","","","","","","","","","","","","","","","","","",""
"1961-05-22 00:30","1961","05","22","00:30"," ","2,80","","2,80","","100,00","","20,00","","10,00","","0,80","","99,80","","","","","","Brouillard"
"1961-05-22 01:00","1961","05","22","01:00"," ","","","","","","","","","","","","","","","","","","",""
"1961-05-22 01:30","1961","05","22","01:30"," ","3,30","","2,80","","97,00","","25,00","","10,00","","3,20","","99,79","","","","","","Brouillard"
"1961-05-22 02:00","1961","05","22","02:00"," ","","","","","","","","","","","","","","","","","","",""
"1961-05-22 02:30","1961","05","22","02:30"," ","3,90","","3,30","","95,00","","25,00","","13,00","","3,20","","99,82","","","","","","Brouillard"
"1961-05-22 03:00","1961","05","22","03:00"," ","","","","","","","","","","","","","","","","","","",""
"1961-05-22 03:30","1961","05","22","03:30"," ","3,90","","2,80","","93,00","","25,00","","16,00","","16,10","","99,87","","","","","","Généralement nuageux"
"1961-05-22 04:00","1961","05","22","04:00"," ","","","","","","","","","","","","","","","","","","",""
"1961-05-22 04:30","1961","05","22","04:30"," ","3,90","","2,80","","93,00","","27,00","","32,00","","1,60","","99,90","","","","","","Brouillard"
"1961-05-22 05:00","1961","05","22","05:00"," ","","","","","","","","","","","","","","","","","","",""
"1961-05-22 05:30","1961","05","22","05:30"," ","2,80","","2,80","","100,00","","27,00","","32,00","","0,40","","99,99","","","","","","Brouillard"
"1961-05-22 06:00","1961","05","22","06:00"," ","","","","","","","","","","","","","","","","","","",""
"1961-05-22 06:30","1961","05","22","06:30"," ","1,70","","1,10","","97,00","","27,00","","24,00","","2,40","","100,13","","","","","","Brouillard"
"1961-05-22 07:00","1961","05","22","07:00"," ","","","","","","","","","","","","","","","","","","",""
"1961-05-22 07:30","1961","05","22","07:30"," ","2,80","","2,20","","95,00","","27,00","","32,00","","16,10","","100,16","","","","","","Généralement nuageux"
"1961-05-22 08:00","1961","05","22","08:00"," ","","","","","","","","","","","","","","","","","","",""
"1961-05-22 08:30","1961","05","22","08:30"," ","4,40","","2,80","","90,00","","29,00","","29,00","","24,10","","100,25","","","","","","Généralement nuageux"
"1961-05-22 09:00","1961","05","22","09:00"," ","","","","","","","","","","","","","","","","","","",""
"1961-05-22 09:30","1961","05","22","09:30"," ","6,70","","3,90","","82,00","","32,00","","24,00","","24,10","","100,33","","","","","","Généralement dégagé"
"1961-05-22 10:00","1961","05","22","10:00"," ","","","","","","","","","","","","","","","","","","",""
"1961-05-22 10:30","1961","05","22","10:30"," ","8,90","","3,90","","72,00","","27,00","","19,00","","24,10","","100,40","","","","","","Dégagé"
"1961-05-22 11:00","1961","05","22","11:00"," ","","","","","","","","","","","","","","","","","","",""
"1961-05-22 11:30","1961","05","22","11:30"," ","10,60","","3,90","","63,00","","27,00","","21,00","","24,10","","100,40","","","","","","Dégagé"
"1961-05-22 12:00","1961","05","22","12:00"," ","","","","","","","","","","","","","","","","","","",""
"1961-05-22 12:30","1961","05","22","12:30"," ","12,80","","4,40","","56,00","","27,00","","16,00","","24,10","","100,35","","","","","","Dégagé"
"1961-05-22 13:00","1961","05","22","13:00"," ","","","","","","","","","","","","","","","","","","",""
"1961-05-22 13:30","1961","05","22","13:30"," ","13,90","","3,90","","51,00","","27,00","","16,00","","24,10","","100,39","","","","","","Dégagé"
"1961-05-22 14:00","1961","05","22","14:00"," ","","","","","","","","","","","","","","","","","","",""
"1961-05-22 14:30","1961","05","22","14:30"," ","14,40","","3,90","","49,00","","29,00","","23,00","","24,10","","100,36","","","","","","Généralement dégagé"
"1961-05-22 15:00","1961","05","22","15:00"," ","","","","","","","","","","","","","","","","","","",""
"1961-05-22 15:30","1961","05","22","15:30"," ","15,00","","1,10","","39,00","","32,00","","24,00","","24,10","","100,34","","","","","","Généralement dégagé"
"1961-05-22 16:00","1961","05","22","16:00"," ","","","","","","","","","","","","","","","","","","",""
"1961-05-22 16:30","1961","05","22","16:30"," ","15,00","","2,80","","44,00","","0,00","","0,00","","24,10","","100,36","","","","","","Généralement dégagé"
"1961-05-22 17:00","1961","05","22","17:00"," ","","","","","","","","","","","","","","","","","","",""
"1961-05-22 17:30","1961","05","22","17:30"," ","11,10","","4,40","","64,00","","16,00","","13,00","","24,10","","100,37","","","","","","Généralement nuageux"
"1961-05-22 18:00","1961","05","22","18:00"," ","","","","","","","","","","","","","","","","","","",""
"1961-05-22 18:30","1961","05","22","18:30"," ","10,00","","4,40","","68,00","","16,00","","16,00","","24,10","","100,37","","","","","","Généralement nuageux"
"1961-05-22 19:00","1961","05","22","19:00"," ","","","","","","","","","","","","","","","","","","",""
"1961-05-22 19:30","1961","05","22","19:30"," ","8,90","","4,40","","74,00","","16,00","","11,00","","24,10","","100,35","","","","","","Généralement nuageux"
"1961-05-22 20:00","1961","05","22","20:00"," ","","","","","","","","","","","","","","","","","","",""
"1961-05-22 20:30","1961","05","22","20:30"," ","7,80","","3,30","","73,00","","16,00","","8,00","","24,10","","100,40","","","","","","Nuageux"
"1961-05-22 21:00","1961","05","22","21:00"," ","","","","","","","","","","","","","","","","","","",""
"1961-05-22 21:30","1961","05","22","21:30"," ","7,20","","3,90","","78,00","","16,00","","11,00","","24,10","","100,38","","","","","","Nuageux"
"1961-05-22 22:00","1961","05","22","22:00"," ","","","","","","","","","","","","","","","","","","",""
"1961-05-22 22:30","1961","05","22","22:30"," ","6,70","","3,30","","80,00","","16,00","","13,00","","24,10","","100,36","","","","","","Nuageux"
"1961-05-22 23:00","1961","05","22","23:00"," ","","","","","","","","","","","","","","","","","","",""
"1961-05-22 23:30","1961","05","22","23:30"," ","5,60","","2,80","","84,00","","14,00","","10,00","","24,10","","100,30","","","","","","Généralement nuageux"
"1961-05-23 00:00","1961","05","23","00:00"," ","","","","","","","","","","","","","","","","","","",""
"1961-05-23 00:30","1961","05","23","00:30"," ","4,40","","2,20","","85,00","","16,00","","10,00","","24,10","","100,18","","","","","","Généralement nuageux"
"1961-05-23 01:00","1961","05","23","01:00"," ","","","","","","","","","","","","","","","","","","",""
"1961-05-23 01:30","1961","05","23","01:30"," ","3,90","","2,20","","90,00","","14,00","","16,00","","24,10","","100,10","","","","","","Généralement nuageux"
"1961-05-23 02:00","1961","05","23","02:00"," ","","","","","","","","","","","","","","","","","","",""
"1961-05-23 02:30","1961","05","23","02:30"," ","3,30","","2,80","","95,00","","16,00","","13,00","","8,00","","99,98","","","","","","Brouillard"
"1961-05-23 03:00","1961","05","23","03:00"," ","","","","","","","","","","","","","","","","","","",""
"1961-05-23 03:30","1961","05","23","03:30"," ","2,80","","2,20","","97,00","","14,00","","13,00","","4,80","","99,85","","","","","","Brouillard"
"1961-05-23 04:00","1961","05","23","04:00"," ","","","","","","","","","","","","","","","","","","",""
"1961-05-23 04:30","1961","05","23","04:30"," ","2,20","","2,20","","100,00","","14,00","","24,00","","0,80","","99,81","","","","","","Brouillard"
"1961-05-23 05:00","1961","05","23","05:00"," ","","","","","","","","","","","","","","","","","","",""
"1961-05-23 05:30","1961","05","23","05:30"," ","2,20","","2,20","","100,00","","14,00","","26,00","","1,20","","99,82","","","","","","Pluie,Brouillard"
"1961-05-23 06:00","1961","05","23","06:00"," ","","","","","","","","","","","","","","","","","","",""
"1961-05-23 06:30","1961","05","23","06:30"," ","1,70","","1,70","","100,00","","14,00","","24,00","","0,20","","99,74","","","","","","Brouillard"
"1961-05-23 07:00","1961","05","23","07:00"," ","","","","","","","","","","","","","","","","","","",""
"1961-05-23 07:30","1961","05","23","07:30"," ","2,20","","2,20","","100,00","","14,00","","24,00","","0,20","","99,60","","","","","","Brouillard"
"1961-05-23 08:00","1961","05","23","08:00"," ","","","","","","","","","","","","","","","","","","",""
"1961-05-23 08:30","1961","05","23","08:30"," ","1,10","","1,10","","100,00","","14,00","","24,00","","0,20","","99,57","","","","","","Brouillard"
"1961-05-23 09:00","1961","05","23","09:00"," ","","","","","","","","","","","","","","","","","","",""
"1961-05-23 09:30","1961","05","23","09:30"," ","1,70","","1,70","","100,00","","14,00","","24,00","","0,20","","99,42","","","","","","Pluie,Brouillard"
"1961-05-23 10:00","1961","05","23","10:00"," ","","","","","","","","","","","","","","","","","","",""
"1961-05-23 10:30","1961","05","23","10:30"," ","1,70","","1,70","","100,00","","16,00","","32,00","","1,60","","99,34","","","","","","Pluie,Brouillard"
"1961-05-23 11:00","1961","05","23","11:00"," ","","","","","","","","","","","","","","","","","","",""
"1961-05-23 11:30","1961","05","23","11:30"," ","2,20","","1,10","","92,00","","18,00","","37,00","","12,90","","99,20","","","","","","Pluie"
"1961-05-23 12:00","1961","05","23","12:00"," ","","","","","","","","","","","","","","","","","","",""
"1961-05-23 12:30","1961","05","23","12:30"," ","2,80","","2,20","","95,00","","16,00","","29,00","","4,80","","99,18","","","","","","Pluie,Brouillard"
"1961-05-23 13:00","1961","05","23","13:00"," ","","","","","","","","","","","","","","","","","","",""
"1961-05-23 13:30","1961","05","23","13:30"," ","2,20","","2,20","","100,00","","16,00","","29,00","","4,80","","99,13","","","","","","Pluie,Brouillard"
"1961-05-23 14:00","1961","05","23","14:00"," ","","","","","","","","","","","","","","","","","","",""
"1961-05-23 14:30","1961","05","23","14:30"," ","2,80","","2,20","","97,00","","18,00","","26,00","","0,40","","98,97","","","","","","Pluie,Brouillard"
"1961-05-23 15:00","1961","05","23","15:00"," ","","","","","","","","","","","","","","","","","","",""
"1961-05-23 15:30","1961","05","23","15:30"," ","3,90","","3,90","","100,00","","16,00","","32,00","","0,20","","98,92","","","","","","Brouillard"
"1961-05-23 16:00","1961","05","23","16:00"," ","","","","","","","","","","","","","","","","","","",""
"1961-05-23 16:30","1961","05","23","16:30"," ","6,10","","5,60","","95,00","","18,00","","26,00","","4,80","","98,89","","","","","","Brouillard"
"1961-05-23 17:00","1961","05","23","17:00"," ","","","","","","","","","","","","","","","","","","",""
"1961-05-23 17:30","1961","05","23","17:30"," ","6,70","","5,60","","93,00","","18,00","","24,00","","3,20","","98,83","","","","","","Brouillard"
"1961-05-23 18:00","1961","05","23","18:00"," ","","","","","","","","","","","","","","","","","","",""
"1961-05-23 18:30","1961","05","23","18:30"," ","6,10","","5,00","","93,00","","18,00","","24,00","","4,80","","98,78","","","","","","Brouillard"
"1961-05-23 19:00","1961","05","23","19:00"," ","","","","","","","","","","","","","","","","","","",""
"1961-05-23 19:30","1961","05","23","19:30"," ","6,10","","5,00","","93,00","","20,00","","29,00","","11,30","","98,78","","","","","","Généralement nuageux"
"1961-05-23 20:00","1961","05","23","20:00"," ","","","","","","","","","","","","","","","","","","",""
"1961-05-23 20:30","1961","05","23","20:30"," ","5,60","","3,90","","88,00","","23,00","","32,00","","16,10","","98,78","","","","","","Nuageux"
"1961-05-23 21:00","1961","05","23","21:00"," ","","","","","","","","","","","","","","","","","","",""
"1961-05-23 21:30","1961","05","23","21:30"," ","5,00","","2,80","","86,00","","23,00","","39,00","","16,10","","98,75","","","","","","Nuageux"
"1961-05-23 22:00","1961","05","23","22:00"," ","","","","","","","","","","","","","","","","","","",""
"1961-05-23 22:30","1961","05","23","22:30"," ","5,00","","2,80","","86,00","","23,00","","32,00","","16,10","","98,77","","","","","","Nuageux"
"1961-05-23 23:00","1961","05","23","23:00"," ","","","","","","","","","","","","","","","","","","",""
"1961-05-23 23:30","1961","05","23","23:30"," ","5,00","","2,80","","86,00","","23,00","","32,00","","16,10","","98,79","","","","","","Nuageux"
"1961-05-24 00:00","1961","05","24","00:00"," ","","","","","","","","","","","","","","","","","","",""
"1961-05-24 00:30","1961","05","24","00:30"," ","4,40","","2,80","","88,00","","25,00","","32,00","","24,10","","98,77","","","","","","Nuageux"
"1961-05-24 01:00","1961","05","24","01:00"," ","","","","","","","","","","","","","","","","","","",""
"1961-05-24 01:30","1961","05","24","01:30"," ","3,90","","2,20","","90,00","","25,00","","40,00","","24,10","","98,77","","","","","","Nuageux"
"1961-05-24 02:00","1961","05","24","02:00"," ","","","","","","","","","","","","","","","","","","",""
"1961-05-24 02:30","1961","05","24","02:30"," ","3,90","","1,70","","85,00","","25,00","","48,00","","24,10","","98,81","","","","","","Nuageux"
"1961-05-24 03:00","1961","05","24","03:00"," ","","","","","","","","","","","","","","","","","","",""
"1961-05-24 03:30","1961","05","24","03:30"," ","4,40","","2,20","","85,00","","25,00","","48,00","","24,10","","98,87","","","","","","Nuageux"
"1961-05-24 04:00","1961","05","24","04:00"," ","","","","","","","","","","","","","","","","","","",""
"1961-05-24 04:30","1961","05","24","04:30"," ","4,40","","2,20","","85,00","","25,00","","40,00","","24,10","","98,97","","","","","","Nuageux"
"1961-05-24 05:00","1961","05","24","05:00"," ","","","","","","","","","","","","","","","","","","",""
"1961-05-24 05:30","1961","05","24","05:30"," ","3,90","","1,10","","83,00","","25,00","","32,00","","24,10","","99,03","","","","","","Nuageux"
"1961-05-24 06:00","1961","05","24","06:00"," ","","","","","","","","","","","","","","","","","","",""
"1961-05-24 06:30","1961","05","24","06:30"," ","4,40","","2,20","","85,00","","25,00","","29,00","","24,10","","99,05","","","","","","Nuageux"
"1961-05-24 07:00","1961","05","24","07:00"," ","","","","","","","","","","","","","","","","","","",""
"1961-05-24 07:30","1961","05","24","07:30"," ","5,00","","2,20","","81,00","","25,00","","29,00","","24,10","","99,11","","","","","","Nuageux"
"1961-05-24 08:00","1961","05","24","08:00"," ","","","","","","","","","","","","","","","","","","",""
"1961-05-24 08:30","1961","05","24","08:30"," ","6,70","","3,30","","78,00","","25,00","","24,00","","24,10","","99,09","","","","","","Généralement nuageux"
"1961-05-24 09:00","1961","05","24","09:00"," ","","","","","","","","","","","","","","","","","","",""
"1961-05-24 09:30","1961","05","24","09:30"," ","8,30","","2,20","","66,00","","27,00","","32,00","","24,10","","99,13","","","","","","Généralement nuageux"
"1961-05-24 10:00","1961","05","24","10:00"," ","","","","","","","","","","","","","","","","","","",""
"1961-05-24 10:30","1961","05","24","10:30"," ","9,40","","3,30","","65,00","","27,00","","21,00","","24,10","","99,13","","","","","","Généralement nuageux"
"1961-05-24 11:00","1961","05","24","11:00"," ","","","","","","","","","","","","","","","","","","",""
"1961-05-24 11:30","1961","05","24","11:30"," ","10,60","","3,90","","63,00","","20,00","","24,00","","24,10","","99,14","","","","","","Nuageux"
"1961-05-24 12:00","1961","05","24","12:00"," ","","","","","","","","","","","","","","","","","","",""
"1961-05-24 12:30","1961","05","24","12:30"," ","9,40","","4,40","","71,00","","23,00","","19,00","","24,10","","99,14","","","","","","Nuageux"
"1961-05-24 13:00","1961","05","24","13:00"," ","","","","","","","","","","","","","","","","","","",""
"1961-05-24 13:30","1961","05","24","13:30"," ","9,40","","5,00","","73,00","","23,00","","21,00","","19,30","","99,15","","","","","","Pluie"
"1961-05-24 14:00","1961","05","24","14:00"," ","","","","","","","","","","","","","","","","","","",""
"1961-05-24 14:30","1961","05","24","14:30"," ","8,30","","5,60","","81,00","","20,00","","18,00","","16,10","","99,12","","","","","","Pluie"
"1961-05-24 15:00","1961","05","24","15:00"," ","","","","","","","","","","","","","","","","","","",""
"1961-05-24 15:30","1961","05","24","15:30"," ","7,20","","5,60","","89,00","","18,00","","16,00","","12,90","","99,06","","","","","","Pluie"
"1961-05-24 16:00","1961","05","24","16:00"," ","","","","","","","","","","","","","","","","","","",""
"1961-05-24 16:30","1961","05","24","16:30"," ","7,20","","6,70","","96,00","","18,00","","13,00","","6,40","","99,02","","","","","","Pluie,Brouillard"
"1961-05-24 17:00","1961","05","24","17:00"," ","","","","","","","","","","","","","","","","","","",""
"1961-05-24 17:30","1961","05","24","17:30"," ","7,20","","6,70","","98,00","","18,00","","8,00","","2,40","","99,02","","","","","","Pluie,Brouillard"
"1961-05-24 18:00","1961","05","24","18:00"," ","","","","","","","","","","","","","","","","","","",""
"1961-05-24 18:30","1961","05","24","18:30"," ","7,80","","7,80","","100,00","","16,00","","6,00","","1,60","","98,97","","","","","","Pluie,Brouillard"
"1961-05-24 19:00","1961","05","24","19:00"," ","","","","","","","","","","","","","","","","","","",""
"1961-05-24 19:30","1961","05","24","19:30"," ","5,60","","5,60","","100,00","","14,00","","13,00","","0,20","","98,97","","","","","","Pluie modérée,Brouillard"
"1961-05-24 20:00","1961","05","24","20:00"," ","","","","","","","","","","","","","","","","","","",""
"1961-05-24 20:30","1961","05","24","20:30"," ","3,90","","3,90","","100,00","","0,00","","0,00","","0,60","","98,93","","","","","","Pluie,Brouillard"
"1961-05-24 21:00","1961","05","24","21:00"," ","","","","","","","","","","","","","","","","","","",""
"1961-05-24 21:30","1961","05","24","21:30"," ","3,30","","3,30","","100,00","","0,00","","0,00","","0,40","","98,88","","","","","","Pluie,Brouillard"
"1961-05-24 22:00","1961","05","24","22:00"," ","","","","","","","","","","","","","","","","","","",""
"1961-05-24 22:30","1961","05","24","22:30"," ","3,90","","3,90","","100,00","","5,00","","11,00","","0,40","","98,72","","","","","","Pluie,Brouillard"
"1961-05-24 23:00","1961","05","24","23:00"," ","","","","","","","","","","","","","","","","","","",""
"1961-05-24 23:30","1961","05","24","23:30"," ","3,90","","3,90","","100,00","","5,00","","24,00","","0,00","","98,63","","","","","","Pluie,Brouillard"
"1961-05-25 00:00","1961","05","25","00:00"," ","","","","","","","","","","","","","","","","","","",""
"1961-05-25 00:30","1961","05","25","00:30"," ","3,90","","3,90","","100,00","","5,00","","18,00","","0,00","","98,53","","","","","","Pluie,Brouillard"
"1961-05-25 01:00","1961","05","25","01:00"," ","","","","","","","","","","","","","","","","","","",""
"1961-05-25 01:30","1961","05","25","01:30"," ","3,90","","3,90","","100,00","","2,00","","24,00","","0,00","","98,50","","","","","","Bruine,Brouillard"
"1961-05-25 02:00","1961","05","25","02:00"," ","","","","","","","","","","","","","","","","","","",""
"1961-05-25 02:30","1961","05","25","02:30"," ","3,90","","3,90","","100,00","","2,00","","29,00","","0,00","","98,46","","","","","","Bruine,Brouillard"
"1961-05-25 03:00","1961","05","25","03:00"," ","","","","","","","","","","","","","","","","","","",""
"1961-05-25 03:30","1961","05","25","03:30"," ","3,90","","3,90","","100,00","","2,00","","21,00","","0,00","","98,49","","","","","","Pluie,Bruine,Brouillard"
"1961-05-25 04:00","1961","05","25","04:00"," ","","","","","","","","","","","","","","","","","","",""
"1961-05-25 04:30","1961","05","25","04:30"," ","3,90","","3,90","","100,00","","36,00","","24,00","","0,60","","98,53","","","","","","Pluie,Bruine,Brouillard"
"1961-05-25 05:00","1961","05","25","05:00"," ","","","","","","","","","","","","","","","","","","",""
"1961-05-25 05:30","1961","05","25","05:30"," ","3,90","","3,90","","100,00","","36,00","","16,00","","3,20","","98,63","","","","","","Bruine,Brouillard"
"1961-05-25 06:00","1961","05","25","06:00"," ","","","","","","","","","","","","","","","","","","",""
"1961-05-25 06:30","1961","05","25","06:30"," ","4,40","","3,90","","98,00","","34,00","","16,00","","3,20","","98,69","","","","","","Bruine,Brouillard"
"1961-05-25 07:00","1961","05","25","07:00"," ","","","","","","","","","","","","","","","","","","",""
"1961-05-25 07:30","1961","05","25","07:30"," ","4,40","","4,40","","100,00","","29,00","","19,00","","0,40","","98,78","","","","","","Bruine,Brouillard"
"1961-05-25 08:00","1961","05","25","08:00"," ","","","","","","","","","","","","","","","","","","",""
"1961-05-25 08:30","1961","05","25","08:30"," ","4,40","","4,40","","100,00","","32,00","","19,00","","0,80","","98,80","","","","","","Brouillard"
"1961-05-25 09:00","1961","05","25","09:00"," ","","","","","","","","","","","","","","","","","","",""
"1961-05-25 09:30","1961","05","25","09:30"," ","6,70","","6,10","","96,00","","32,00","","23,00","","8,00","","98,90","","","","","","Brouillard"
"1961-05-25 10:00","1961","05","25","10:00"," ","","","","","","","","","","","","","","","","","","",""
"1961-05-25 10:30","1961","05","25","10:30"," ","7,80","","6,70","","94,00","","29,00","","21,00","","9,70","","98,97","","","","","","Brouillard"
"1961-05-25 11:00","1961","05","25","11:00"," ","","","","","","","","","","","","","","","","","","",""
"1961-05-25 11:30","1961","05","25","11:30"," ","8,30","","7,20","","92,00","","27,00","","24,00","","12,90","","99,04","","","","","","Nuageux"
"1961-05-25 12:00","1961","05","25","12:00"," ","","","","","","","","","","","","","","","","","","",""
"1961-05-25 12:30","1961","05","25","12:30"," ","9,40","","7,80","","88,00","","27,00","","21,00","","16,10","","99,10","","","","","","Généralement nuageux"
"1961-05-25 13:00","1961","05","25","13:00"," ","","","","","","","","","","","","","","","","","","",""
"1961-05-25 13:30","1961","05","25","13:30"," ","11,10","","7,20","","76,00","","27,00","","26,00","","24,10","","99,12","","","","","","Généralement nuageux"
"1961-05-25 14:00","1961","05","25","14:00"," ","","","","","","","","","","","","","","","","","","",""
"1961-05-25 14:30","1961","05","25","14:30"," ","11,70","","6,10","","69,00","","27,00","","23,00","","24,10","","99,18","","","","","","Nuageux"
"1961-05-25 15:00","1961","05","25","15:00"," ","","","","","","","","","","","","","","","","","","",""
"1961-05-25 15:30","1961","05","25","15:30"," ","11,70","","6,70","","71,00","","27,00","","19,00","","24,10","","99,24","","","","","","Généralement nuageux"
"1961-05-25 16:00","1961","05","25","16:00"," ","","","","","","","","","","","","","","","","","","",""
"1961-05-25 16:30","1961","05","25","16:30"," ","11,10","","6,70","","74,00","","25,00","","11,00","","24,10","","99,30","","","","","","Nuageux"
"1961-05-25 17:00","1961","05","25","17:00"," ","","","","","","","","","","","","","","","","","","",""
"1961-05-25 17:30","1961","05","25","17:30"," ","10,60","","5,60","","72,00","","25,00","","13,00","","24,10","","99,35","","","","","","Généralement nuageux"
"1961-05-25 18:00","1961","05","25","18:00"," ","","","","","","","","","","","","","","","","","","",""
"1961-05-25 18:30","1961","05","25","18:30"," ","10,00","","5,00","","71,00","","25,00","","16,00","","24,10","","99,42","","","","","","Généralement dégagé"
"1961-05-25 19:00","1961","05","25","19:00"," ","","","","","","","","","","","","","","","","","","",""
"1961-05-25 19:30","1961","05","25","19:30"," ","8,90","","4,40","","74,00","","25,00","","21,00","","24,10","","99,48","","","","","","Généralement dégagé"
"1961-05-25 20:00","1961","05","25","20:00"," ","","","","","","","","","","","","","","","","","","",""
"1961-05-25 20:30","1961","05","25","20:30"," ","7,80","","3,90","","77,00","","23,00","","11,00","","24,10","","99,56","","","","","","Généralement dégagé"
"1961-05-25 21:00","1961","05","25","21:00"," ","","","","","","","","","","","","","","","","","","",""
"1961-05-25 21:30","1961","05","25","21:30"," ","7,20","","3,90","","81,00","","23,00","","13,00","","24,10","","99,66","","","","","","Dégagé"
"1961-05-25 22:00","1961","05","25","22:00"," ","","","","","","","","","","","","","","","","","","",""
"1961-05-25 22:30","1961","05","25","22:30"," ","6,10","","3,90","","86,00","","23,00","","19,00","","24,10","","99,68","","","","","","Dégagé"
"1961-05-25 23:00","1961","05","25","23:00"," ","","","","","","","","","","","","","","","","","","",""
"1961-05-25 23:30","1961","05","25","23:30"," ","5,00","","3,90","","93,00","","25,00","","29,00","","16,10","","99,76","","","","","","Généralement nuageux"
"1961-05-26 00:00","1961","05","26","00:00"," ","","","","","","","","","","","","","","","","","","",""
"1961-05-26 00:30","1961","05","26","00:30"," ","4,40","","3,90","","95,00","","27,00","","32,00","","3,20","","99,76","","","","","","Brouillard"
"1961-05-26 01:00","1961","05","26","01:00"," ","","","","","","","","","","","","","","","","","","",""
"1961-05-26 01:30","1961","05","26","01:30"," ","4,40","","3,90","","98,00","","27,00","","32,00","","3,20","","99,82","","","","","","Brouillard"
"1961-05-26 02:00","1961","05","26","02:00"," ","","","","","","","","","","","","","","","","","","",""
"1961-05-26 02:30","1961","05","26","02:30"," ","3,30","","2,80","","97,00","","27,00","","24,00","","1,20","","99,92","","","","","","Brouillard"
"1961-05-26 03:00","1961","05","26","03:00"," ","","","","","","","","","","","","","","","","","","",""
"1961-05-26 03:30","1961","05","26","03:30"," ","3,30","","2,80","","95,00","","25,00","","26,00","","12,90","","99,98","","","","","","Généralement dégagé"
"1961-05-26 04:00","1961","05","26","04:00"," ","","","","","","","","","","","","","","","","","","",""
"1961-05-26 04:30","1961","05","26","04:30"," ","4,40","","3,30","","93,00","","25,00","","24,00","","12,90","","100,04","","","","","","Généralement nuageux"
"1961-05-26 05:00","1961","05","26","05:00"," ","","","","","","","","","","","","","","","","","","",""
"1961-05-26 05:30","1961","05","26","05:30"," ","4,40","","2,80","","90,00","","25,00","","24,00","","12,90","","100,08","","","","","","Généralement dégagé"
"1961-05-26 06:00","1961","05","26","06:00"," ","","","","","","","","","","","","","","","","","","",""
"1961-05-26 06:30","1961","05","26","06:30"," ","5,60","","3,30","","86,00","","27,00","","23,00","","16,10","","100,15","","","","","","Dégagé"
"1961-05-26 07:00","1961","05","26","07:00"," ","","","","","","","","","","","","","","","","","","",""
"1961-05-26 07:30","1961","05","26","07:30"," ","7,80","","3,30","","75,00","","25,00","","32,00","","24,10","","100,20","","","","","","Dégagé"
"1961-05-26 08:00","1961","05","26","08:00"," ","","","","","","","","","","","","","","","","","","",""
"1961-05-26 08:30","1961","05","26","08:30"," ","12,20","","4,40","","58,00","","25,00","","32,00","","24,10","","100,24","","","","","","Dégagé"
"1961-05-26 09:00","1961","05","26","09:00"," ","","","","","","","","","","","","","","","","","","",""
"1961-05-26 09:30","1961","05","26","09:30"," ","13,90","","5,60","","57,00","","25,00","","32,00","","24,10","","100,27","","","","","","Généralement dégagé"
"1961-05-26 10:00","1961","05","26","10:00"," ","","","","","","","","","","","","","","","","","","",""
"1961-05-26 10:30","1961","05","26","10:30"," ","15,00","","7,20","","60,00","","25,00","","32,00","","24,10","","100,34","","","","","","Généralement dégagé"
"1961-05-26 11:00","1961","05","26","11:00"," ","","","","","","","","","","","","","","","","","","",""
"1961-05-26 11:30","1961","05","26","11:30"," ","17,20","","9,40","","60,00","","23,00","","37,00","","24,10","","100,37","","","","","","Généralement dégagé"
"1961-05-26 12:00","1961","05","26","12:00"," ","","","","","","","","","","","","","","","","","","",""
"1961-05-26 12:30","1961","05","26","12:30"," ","19,40","","9,40","","53,00","","23,00","","35,00","","24,10","","100,38","","","","","","Généralement nuageux"
"1961-05-26 13:00","1961","05","26","13:00"," ","","","","","","","","","","","","","","","","","","",""
"1961-05-26 13:30","1961","05","26","13:30"," ","20,00","","10,60","","55,00","","23,00","","45,00","","16,10","","100,40","","","","","","Généralement nuageux"
"1961-05-26 14:00","1961","05","26","14:00"," ","","","","","","","","","","","","","","","","","","",""
"1961-05-26 14:30","1961","05","26","14:30"," ","19,40","","9,40","","53,00","","20,00","","40,00","","16,10","","100,40","","","","","","Généralement nuageux"
"1961-05-26 15:00","1961","05","26","15:00"," ","","","","","","","","","","","","","","","","","","",""
"1961-05-26 15:30","1961","05","26","15:30"," ","18,90","","9,40","","54,00","","23,00","","40,00","","16,10","","100,37","","","","","","Généralement nuageux"
"1961-05-26 16:00","1961","05","26","16:00"," ","","","","","","","","","","","","","","","","","","",""
"1961-05-26 16:30","1961","05","26","16:30"," ","18,30","","8,30","","51,00","","23,00","","37,00","","12,90","","100,42","","","","","","Généralement dégagé"
"1961-05-26 17:00","1961","05","26","17:00"," ","","","","","","","","","","","","","","","","","","",""
"1961-05-26 17:30","1961","05","26","17:30"," ","17,20","","6,70","","50,00","","23,00","","24,00","","16,10","","100,45","","","","","","Généralement nuageux"
"1961-05-26 18:00","1961","05","26","18:00"," ","","","","","","","","","","","","","","","","","","",""
"1961-05-26 18:30","1961","05","26","18:30"," ","16,70","","6,70","","51,00","","23,00","","29,00","","24,10","","100,50","","","","","","Généralement nuageux"
"1961-05-26 19:00","1961","05","26","19:00"," ","","","","","","","","","","","","","","","","","","",""
"1961-05-26 19:30","1961","05","26","19:30"," ","15,00","","2,20","","42,00","","23,00","","24,00","","24,10","","100,58","","","","","","Généralement dégagé"
"1961-05-26 20:00","1961","05","26","20:00"," ","","","","","","","","","","","","","","","","","","",""
"1961-05-26 20:30","1961","05","26","20:30"," ","14,40","","2,20","","43,00","","23,00","","29,00","","24,10","","100,69","","","","","","Généralement dégagé"
"1961-05-26 21:00","1961","05","26","21:00"," ","","","","","","","","","","","","","","","","","","",""
"1961-05-26 21:30","1961","05","26","21:30"," ","13,30","","6,10","","61,00","","25,00","","32,00","","24,10","","100,79","","","","","","Généralement dégagé"
"1961-05-26 22:00","1961","05","26","22:00"," ","","","","","","","","","","","","","","","","","","",""
"1961-05-26 22:30","1961","05","26","22:30"," ","13,30","","10,00","","79,00","","25,00","","21,00","","24,10","","100,82","","","","","","Généralement dégagé"
"1961-05-26 23:00","1961","05","26","23:00"," ","","","","","","","","","","","","","","","","","","",""
"1961-05-26 23:30","1961","05","26","23:30"," ","12,20","","9,40","","84,00","","23,00","","24,00","","24,10","","100,87","","","","","","Généralement dégagé"
"1961-05-27 00:00","1961","05","27","00:00"," ","","","","","","","","","","","","","","","","","","",""
"1961-05-27 00:30","1961","05","27","00:30"," ","12,20","","10,00","","85,00","","23,00","","27,00","","24,10","","100,90","","","","","","Généralement nuageux"
"1961-05-27 01:00","1961","05","27","01:00"," ","","","","","","","","","","","","","","","","","","",""
"1961-05-27 01:30","1961","05","27","01:30"," ","12,20","","10,00","","85,00","","23,00","","26,00","","24,10","","100,90","","","","","","Généralement nuageux"
"1961-05-27 02:00","1961","05","27","02:00"," ","","","","","","","","","","","","","","","","","","",""
"1961-05-27 02:30","1961","05","27","02:30"," ","12,20","","9,40","","82,00","","23,00","","29,00","","24,10","","100,90","","","","","","Généralement nuageux"
"1961-05-27 03:00","1961","05","27","03:00"," ","","","","","","","","","","","","","","","","","","",""
"1961-05-27 03:30","1961","05","27","03:30"," ","10,60","","8,30","","87,00","","23,00","","29,00","","12,90","","100,94","","","","","","Généralement nuageux"
"1961-05-27 04:00","1961","05","27","04:00"," ","","","","","","","","","","","","","","","","","","",""
"1961-05-27 04:30","1961","05","27","04:30"," ","12,20","","11,70","","96,00","","23,00","","27,00","","2,40","","101,00","","","","","","Brouillard"
"1961-05-27 05:00","1961","05","27","05:00"," ","","","","","","","","","","","","","","","","","","",""
"1961-05-27 05:30","1961","05","27","05:30"," ","12,80","","12,20","","96,00","","23,00","","26,00","","2,40","","101,07","","","","","","Brouillard"
"1961-05-27 06:00","1961","05","27","06:00"," ","","","","","","","","","","","","","","","","","","",""
"1961-05-27 06:30","1961","05","27","06:30"," ","13,30","","11,10","","88,00","","23,00","","29,00","","8,00","","101,10","","","","","","Brume sèche"
"1961-05-27 07:00","1961","05","27","07:00"," ","","","","","","","","","","","","","","","","","","",""
"1961-05-27 07:30","1961","05","27","07:30"," ","16,10","","12,20","","79,00","","23,00","","24,00","","8,00","","101,09","","","","","","Brume sèche"
"1961-05-27 08:00","1961","05","27","08:00"," ","","","","","","","","","","","","","","","","","","",""
"1961-05-27 08:30","1961","05","27","08:30"," ","17,20","","12,20","","72,00","","23,00","","24,00","","8,00","","101,12","","","","","","Brume sèche"
"1961-05-27 09:00","1961","05","27","09:00"," ","","","","","","","","","","","","","","","","","","",""
"1961-05-27 09:30","1961","05","27","09:30"," ","18,30","","12,20","","67,00","","23,00","","24,00","","8,00","","101,17","","","","","","Brume sèche"
"1961-05-27 10:00","1961","05","27","10:00"," ","","","","","","","","","","","","","","","","","","",""
"1961-05-27 10:30","1961","05","27","10:30"," ","19,40","","12,80","","64,00","","25,00","","27,00","","9,70","","101,19","","","","","","Brume sèche"
"1961-05-27 11:00","1961","05","27","11:00"," ","","","","","","","","","","","","","","","","","","",""
"1961-05-27 11:30","1961","05","27","11:30"," ","21,10","","13,90","","63,00","","23,00","","32,00","","16,10","","101,18","","","","","","Généralement dégagé"
"1961-05-27 12:00","1961","05","27","12:00"," ","","","","","","","","","","","","","","","","","","",""
"1961-05-27 12:30","1961","05","27","12:30"," ","22,20","","14,40","","60,00","","25,00","","37,00","","16,10","","101,18","","26,00","","","","Généralement nuageux"
"1961-05-27 13:00","1961","05","27","13:00"," ","","","","","","","","","","","","","","","","","","",""
"1961-05-27 13:30","1961","05","27","13:30"," ","22,20","","13,90","","59,00","","23,00","","37,00","","16,10","","101,18","","26,00","","","","Généralement nuageux"
"1961-05-27 14:00","1961","05","27","14:00"," ","","","","","","","","","","","","","","","","","","",""
"1961-05-27 14:30","1961","05","27","14:30"," ","20,00","","12,80","","63,00","","23,00","","32,00","","16,10","","101,20","","","","","","Généralement nuageux"
"1961-05-27 15:00","1961","05","27","15:00"," ","","","","","","","","","","","","","","","","","","",""
"1961-05-27 15:30","1961","05","27","15:30"," ","19,40","","12,80","","66,00","","20,00","","35,00","","16,10","","101,22","","","","","","Généralement nuageux"
"1961-05-27 16:00","1961","05","27","16:00"," ","","","","","","","","","","","","","","","","","","",""
"1961-05-27 16:30","1961","05","27","16:30"," ","18,30","","13,30","","72,00","","20,00","","29,00","","16,10","","101,24","","","","","","Généralement nuageux"
"1961-05-27 17:00","1961","05","27","17:00"," ","","","","","","","","","","","","","","","","","","",""
"1961-05-27 17:30","1961","05","27","17:30"," ","16,70","","9,40","","62,00","","20,00","","19,00","","24,10","","101,24","","","","","","Généralement nuageux"
"1961-05-27 18:00","1961","05","27","18:00"," ","","","","","","","","","","","","","","","","","","",""
"1961-05-27 18:30","1961","05","27","18:30"," ","15,60","","8,30","","62,00","","20,00","","19,00","","24,10","","101,26","","","","","","Généralement nuageux"
"1961-05-27 19:00","1961","05","27","19:00"," ","","","","","","","","","","","","","","","","","","",""
"1961-05-27 19:30","1961","05","27","19:30"," ","13,30","","6,70","","63,00","","20,00","","19,00","","24,10","","101,28","","","","","","Généralement nuageux"
"1961-05-27 20:00","1961","05","27","20:00"," ","","","","","","","","","","","","","","","","","","",""
"1961-05-27 20:30","1961","05","27","20:30"," ","10,60","","7,20","","81,00","","20,00","","19,00","","24,10","","101,32","","","","","","Généralement nuageux"
"1961-05-27 21:00","1961","05","27","21:00"," ","","","","","","","","","","","","","","","","","","",""
"1961-05-27 21:30","1961","05","27","21:30"," ","8,30","","6,70","","90,00","","20,00","","19,00","","16,10","","101,32","","","","","","Généralement nuageux"
"1961-05-27 22:00","1961","05","27","22:00"," ","","","","","","","","","","","","","","","","","","",""
"1961-05-27 22:30","1961","05","27","22:30"," ","7,80","","6,70","","91,00","","20,00","","24,00","","12,90","","101,30","","","","","","Généralement nuageux"
"1961-05-27 23:00","1961","05","27","23:00"," ","","","","","","","","","","","","","","","","","","",""
"1961-05-27 23:30","1961","05","27","23:30"," ","7,80","","7,20","","98,00","","20,00","","26,00","","0,60","","101,25","","","","","","Brouillard"
"1961-05-28 00:00","1961","05","28","00:00"," ","","","","","","","","","","","","","","","","","","",""
"1961-05-28 00:30","1961","05","28","00:30"," ","8,30","","7,20","","92,00","","20,00","","27,00","","8,00","","101,20","","","","","","Brouillard"
"1961-05-28 01:00","1961","05","28","01:00"," ","","","","","","","","","","","","","","","","","","",""
"1961-05-28 01:30","1961","05","28","01:30"," ","7,80","","6,10","","89,00","","20,00","","29,00","","12,90","","101,12","","","","","","Généralement dégagé"
"1961-05-28 02:00","1961","05","28","02:00"," ","","","","","","","","","","","","","","","","","","",""
"1961-05-28 02:30","1961","05","28","02:30"," ","7,80","","5,60","","87,00","","20,00","","29,00","","16,10","","101,05","","","","","","Généralement nuageux"
"1961-05-28 03:00","1961","05","28","03:00"," ","","","","","","","","","","","","","","","","","","",""
"1961-05-28 03:30","1961","05","28","03:30"," ","7,20","","6,10","","91,00","","20,00","","24,00","","9,70","","100,99","","","","","","Brume sèche"
"1961-05-28 04:00","1961","05","28","04:00"," ","","","","","","","","","","","","","","","","","","",""
"1961-05-28 04:30","1961","05","28","04:30"," ","7,80","","7,20","","98,00","","20,00","","32,00","","0,40","","100,92","","","","","","Brouillard"
"1961-05-28 05:00","1961","05","28","05:00"," ","","","","","","","","","","","","","","","","","","",""
"1961-05-28 05:30","1961","05","28","05:30"," ","7,20","","6,70","","98,00","","20,00","","35,00","","0,40","","100,90","","","","","","Brouillard"
"1961-05-28 06:00","1961","05","28","06:00"," ","","","","","","","","","","","","","","","","","","",""
"1961-05-28 06:30","1961","05","28","06:30"," ","7,80","","7,20","","98,00","","20,00","","40,00","","1,20","","100,88","","","","","","Brouillard"
"1961-05-28 07:00","1961","05","28","07:00"," ","","","","","","","","","","","","","","","","","","",""
"1961-05-28 07:30","1961","05","28","07:30"," ","10,00","","8,30","","90,00","","18,00","","40,00","","12,90","","100,85","","","","","","Généralement nuageux"
"1961-05-28 08:00","1961","05","28","08:00"," ","","","","","","","","","","","","","","","","","","",""
"1961-05-28 08:30","1961","05","28","08:30"," ","8,90","","7,80","","94,00","","18,00","","35,00","","12,90","","100,81","","","","","","Nuageux"
"1961-05-28 09:00","1961","05","28","09:00"," ","","","","","","","","","","","","","","","","","","",""
"1961-05-28 09:30","1961","05","28","09:30"," ","11,10","","8,30","","83,00","","18,00","","32,00","","16,10","","100,72","","","","","","Généralement nuageux"
"1961-05-28 10:00","1961","05","28","10:00"," ","","","","","","","","","","","","","","","","","","",""
"1961-05-28 10:30","1961","05","28","10:30"," ","13,30","","9,40","","76,00","","20,00","","45,00","","19,30","","100,65","","","","","","Généralement nuageux"
"1961-05-28 11:00","1961","05","28","11:00"," ","","","","","","","","","","","","","","","","","","",""
"1961-05-28 11:30","1961","05","28","11:30"," ","13,90","","8,30","","70,00","","18,00","","40,00","","24,10","","100,56","","","","","","Généralement nuageux"
"1961-05-28 12:00","1961","05","28","12:00"," ","","","","","","","","","","","","","","","","","","",""
"1961-05-28 12:30","1961","05","28","12:30"," ","13,30","","8,30","","73,00","","20,00","","37,00","","24,10","","100,49","","","","","","Généralement nuageux"
"1961-05-28 13:00","1961","05","28","13:00"," ","","","","","","","","","","","","","","","","","","",""
"1961-05-28 13:30","1961","05","28","13:30"," ","13,30","","8,30","","73,00","","18,00","","40,00","","24,10","","100,38","","","","","","Nuageux"
"1961-05-28 14:00","1961","05","28","14:00"," ","","","","","","","","","","","","","","","","","","",""
"1961-05-28 14:30","1961","05","28","14:30"," ","12,80","","8,30","","75,00","","18,00","","53,00","","24,10","","100,28","","","","","","Nuageux"
"1961-05-28 15:00","1961","05","28","15:00"," ","","","","","","","","","","","","","","","","","","",""
"1961-05-28 15:30","1961","05","28","15:30"," ","11,70","","7,80","","76,00","","18,00","","32,00","","16,10","","100,23","","","","","","Nuageux"
"1961-05-28 16:00","1961","05","28","16:00"," ","","","","","","","","","","","","","","","","","","",""
"1961-05-28 16:30","1961","05","28","16:30"," ","10,60","","7,80","","83,00","","18,00","","40,00","","12,90","","100,08","","","","","","Nuageux"
"1961-05-28 17:00","1961","05","28","17:00"," ","","","","","","","","","","","","","","","","","","",""
"1961-05-28 17:30","1961","05","28","17:30"," ","10,00","","8,90","","92,00","","18,00","","45,00","","4,80","","100,03","","","","","","Brouillard"
"1961-05-28 18:00","1961","05","28","18:00"," ","","","","","","","","","","","","","","","","","","",""
"1961-05-28 18:30","1961","05","28","18:30"," ","9,40","","8,90","","96,00","","18,00","","40,00","","1,60","","99,97","","","","","","Bruine,Brouillard"
"1961-05-28 19:00","1961","05","28","19:00"," ","","","","","","","","","","","","","","","","","","",""
"1961-05-28 19:30","1961","05","28","19:30"," ","9,40","","8,90","","96,00","","20,00","","40,00","","0,40","","99,94","","","","","","Bruine,Brouillard"
"1961-05-28 20:00","1961","05","28","20:00"," ","","","","","","","","","","","","","","","","","","",""
"1961-05-28 20:30","1961","05","28","20:30"," ","9,40","","9,40","","100,00","","20,00","","45,00","","0,40","","99,90","","","","","","Bruine,Brouillard"
"1961-05-28 21:00","1961","05","28","21:00"," ","","","","","","","","","","","","","","","","","","",""
"1961-05-28 21:30","1961","05","28","21:30"," ","8,90","","8,30","","96,00","","23,00","","32,00","","8,00","","99,89","","","","","","Pluie,Brouillard"
"1961-05-28 22:00","1961","05","28","22:00"," ","","","","","","","","","","","","","","","","","","",""
"1961-05-28 22:30","1961","05","28","22:30"," ","8,90","","8,30","","96,00","","20,00","","24,00","","12,90","","99,84","","","","","","Pluie"
"1961-05-28 23:00","1961","05","28","23:00"," ","","","","","","","","","","","","","","","","","","",""
"1961-05-28 23:30","1961","05","28","23:30"," ","9,40","","8,30","","92,00","","23,00","","13,00","","24,10","","99,88","","","","","","Nuageux"
"1961-05-29 00:00","1961","05","29","00:00"," ","","","","","","","","","","","","","","","","","","",""
"1961-05-29 00:30","1961","05","29","00:30"," ","8,30","","6,70","","90,00","","23,00","","23,00","","24,10","","99,96","","","","","","Généralement nuageux"
"1961-05-29 01:00","1961","05","29","01:00"," ","","","","","","","","","","","","","","","","","","",""
"1961-05-29 01:30","1961","05","29","01:30"," ","6,70","","3,30","","80,00","","23,00","","24,00","","24,10","","100,06","","","","","","Généralement dégagé"
"1961-05-29 02:00","1961","05","29","02:00"," ","","","","","","","","","","","","","","","","","","",""
"1961-05-29 02:30","1961","05","29","02:30"," ","5,60","","3,90","","88,00","","23,00","","19,00","","24,10","","100,13","","","","","","Généralement dégagé"
"1961-05-29 03:00","1961","05","29","03:00"," ","","","","","","","","","","","","","","","","","","",""
"1961-05-29 03:30","1961","05","29","03:30"," ","4,40","","3,30","","93,00","","23,00","","8,00","","24,10","","100,22","","","","","","Généralement dégagé"
"1961-05-29 04:00","1961","05","29","04:00"," ","","","","","","","","","","","","","","","","","","",""
"1961-05-29 04:30","1961","05","29","04:30"," ","3,90","","3,30","","95,00","","25,00","","10,00","","24,10","","100,30","","","","","","Généralement dégagé"
"1961-05-29 05:00","1961","05","29","05:00"," ","","","","","","","","","","","","","","","","","","",""
"1961-05-29 05:30","1961","05","29","05:30"," ","5,60","","3,30","","86,00","","23,00","","13,00","","24,10","","100,38","","","","","","Généralement dégagé"
"1961-05-29 06:00","1961","05","29","06:00"," ","","","","","","","","","","","","","","","","","","",""
"1961-05-29 06:30","1961","05","29","06:30"," ","8,30","","3,30","","71,00","","25,00","","10,00","","24,10","","100,48","","","","","","Dégagé"
"1961-05-29 07:00","1961","05","29","07:00"," ","","","","","","","","","","","","","","","","","","",""
"1961-05-29 07:30","1961","05","29","07:30"," ","12,80","","5,60","","62,00","","23,00","","19,00","","24,10","","100,52","","","","","","Dégagé"
"1961-05-29 08:00","1961","05","29","08:00"," ","","","","","","","","","","","","","","","","","","",""
"1961-05-29 08:30","1961","05","29","08:30"," ","14,40","","6,70","","60,00","","20,00","","16,00","","24,10","","100,57","","","","","","Dégagé"
"1961-05-29 09:00","1961","05","29","09:00"," ","","","","","","","","","","","","","","","","","","",""
"1961-05-29 09:30","1961","05","29","09:30"," ","16,70","","5,00","","45,00","","23,00","","23,00","","24,10","","100,61","","","","","","Dégagé"
"1961-05-29 10:00","1961","05","29","10:00"," ","","","","","","","","","","","","","","","","","","",""
"1961-05-29 10:30","1961","05","29","10:30"," ","16,10","","3,90","","44,00","","25,00","","23,00","","24,10","","100,65","","","","","","Dégagé"
"1961-05-29 11:00","1961","05","29","11:00"," ","","","","","","","","","","","","","","","","","","",""
"1961-05-29 11:30","1961","05","29","11:30"," ","17,80","","3,90","","40,00","","27,00","","19,00","","24,10","","100,65","","","","","","Dégagé"
"1961-05-29 12:00","1961","05","29","12:00"," ","","","","","","","","","","","","","","","","","","",""
"1961-05-29 12:30","1961","05","29","12:30"," ","18,90","","5,00","","41,00","","27,00","","24,00","","24,10","","100,65","","","","","","Dégagé"
"1961-05-29 13:00","1961","05","29","13:00"," ","","","","","","","","","","","","","","","","","","",""
"1961-05-29 13:30","1961","05","29","13:30"," ","18,90","","3,90","","37,00","","27,00","","26,00","","24,10","","100,68","","","","","","Dégagé"
"1961-05-29 14:00","1961","05","29","14:00"," ","","","","","","","","","","","","","","","","","","",""
"1961-05-29 14:30","1961","05","29","14:30"," ","18,30","","3,90","","38,00","","27,00","","29,00","","24,10","","100,71","","","","","","Dégagé"
"1961-05-29 15:00","1961","05","29","15:00"," ","","","","","","","","","","","","","","","","","","",""
"1961-05-29 15:30","1961","05","29","15:30"," ","18,90","","3,30","","36,00","","25,00","","24,00","","24,10","","100,72","","","","","","Dégagé"
"1961-05-29 16:00","1961","05","29","16:00"," ","","","","","","","","","","","","","","","","","","",""
"1961-05-29 16:30","1961","05","29","16:30"," ","18,30","","4,40","","40,00","","25,00","","19,00","","24,10","","100,75","","","","","","Dégagé"
"1961-05-29 17:00","1961","05","29","17:00"," ","","","","","","","","","","","","","","","","","","",""
"1961-05-29 17:30","1961","05","29","17:30"," ","17,80","","5,00","","44,00","","25,00","","32,00","","24,10","","100,75","","","","","","Dégagé"
"1961-05-29 18:00","1961","05","29","18:00"," ","","","","","","","","","","","","","","","","","","",""
"1961-05-29 18:30","1961","05","29","18:30"," ","16,70","","4,40","","44,00","","25,00","","26,00","","24,10","","100,76","","","","","","Dégagé"
"1961-05-29 19:00","1961","05","29","19:00"," ","","","","","","","","","","","","","","","","","","",""
"1961-05-29 19:30","1961","05","29","19:30"," ","14,40","","3,30","","48,00","","23,00","","24,00","","24,10","","100,79","","","","","","Généralement dégagé"
"1961-05-29 20:00","1961","05","29","20:00"," ","","","","","","","","","","","","","","","","","","",""
"1961-05-29 20:30","1961","05","29","20:30"," ","12,80","","2,80","","51,00","","25,00","","24,00","","24,10","","100,85","","","","","","Généralement dégagé"
"1961-05-29 21:00","1961","05","29","21:00"," ","","","","","","","","","","","","","","","","","","",""
"1961-05-29 21:30","1961","05","29","21:30"," ","11,10","","2,80","","57,00","","25,00","","24,00","","24,10","","100,88","","","","","","Dégagé"
"1961-05-29 22:00","1961","05","29","22:00"," ","","","","","","","","","","","","","","","","","","",""
"1961-05-29 22:30","1961","05","29","22:30"," ","10,00","","2,20","","59,00","","25,00","","21,00","","24,10","","100,87","","","","","","Dégagé"
"1961-05-29 23:00","1961","05","29","23:00"," ","","","","","","","","","","","","","","","","","","",""
"1961-05-29 23:30","1961","05","29","23:30"," ","8,30","","1,70","","62,00","","25,00","","19,00","","24,10","","100,86","","","","","","Dégagé"
"1961-05-30 00:00","1961","05","30","00:00"," ","","","","","","","","","","","","","","","","","","",""
"1961-05-30 00:30","1961","05","30","00:30"," ","7,80","","1,70","","65,00","","23,00","","11,00","","24,10","","100,86","","","","","","Dégagé"
"1961-05-30 01:00","1961","05","30","01:00"," ","","","","","","","","","","","","","","","","","","",""
"1961-05-30 01:30","1961","05","30","01:30"," ","7,80","","4,40","","79,00","","25,00","","16,00","","24,10","","100,88","","","","","","Dégagé"
"1961-05-30 02:00","1961","05","30","02:00"," ","","","","","","","","","","","","","","","","","","",""
"1961-05-30 02:30","1961","05","30","02:30"," ","6,70","","4,40","","85,00","","25,00","","16,00","","24,10","","100,90","","","","","","Généralement dégagé"
"1961-05-30 03:00","1961","05","30","03:00"," ","","","","","","","","","","","","","","","","","","",""
"1961-05-30 03:30","1961","05","30","03:30"," ","6,70","","5,60","","93,00","","25,00","","21,00","","6,40","","100,90","","","","","","Brouillard"
"1961-05-30 04:00","1961","05","30","04:00"," ","","","","","","","","","","","","","","","","","","",""
"1961-05-30 04:30","1961","05","30","04:30"," ","7,80","","7,20","","96,00","","25,00","","24,00","","6,40","","100,88","","","","","","Brouillard"
"1961-05-30 05:00","1961","05","30","05:00"," ","","","","","","","","","","","","","","","","","","",""
"1961-05-30 05:30","1961","05","30","05:30"," ","8,90","","7,80","","94,00","","25,00","","19,00","","16,10","","100,87","","","","","","Généralement dégagé"
"1961-05-30 06:00","1961","05","30","06:00"," ","","","","","","","","","","","","","","","","","","",""
"1961-05-30 06:30","1961","05","30","06:30"," ","8,90","","7,80","","94,00","","25,00","","24,00","","1,20","","100,88","","","","","","Brouillard"
"1961-05-30 07:00","1961","05","30","07:00"," ","","","","","","","","","","","","","","","","","","",""
"1961-05-30 07:30","1961","05","30","07:30"," ","11,10","","8,90","","87,00","","25,00","","19,00","","12,90","","100,92","","","","","","Généralement dégagé"
"1961-05-30 08:00","1961","05","30","08:00"," ","","","","","","","","","","","","","","","","","","",""
"1961-05-30 08:30","1961","05","30","08:30"," ","15,00","","8,90","","68,00","","23,00","","19,00","","16,10","","100,90","","","","","","Dégagé"
"1961-05-30 09:00","1961","05","30","09:00"," ","","","","","","","","","","","","","","","","","","",""
"1961-05-30 09:30","1961","05","30","09:30"," ","16,10","","8,30","","61,00","","27,00","","21,00","","16,10","","100,87","","","","","","Généralement dégagé"
"1961-05-30 10:00","1961","05","30","10:00"," ","","","","","","","","","","","","","","","","","","",""
"1961-05-30 10:30","1961","05","30","10:30"," ","15,00","","8,90","","66,00","","27,00","","19,00","","16,10","","100,86","","","","","","Généralement dégagé"
"1961-05-30 11:00","1961","05","30","11:00"," ","","","","","","","","","","","","","","","","","","",""
"1961-05-30 11:30","1961","05","30","11:30"," ","17,20","","10,60","","64,00","","27,00","","16,00","","16,10","","100,83","","","","","","Généralement nuageux"
"1961-05-30 12:00","1961","05","30","12:00"," ","","","","","","","","","","","","","","","","","","",""
"1961-05-30 12:30","1961","05","30","12:30"," ","17,80","","10,60","","63,00","","0,00","","0,00","","16,10","","100,82","","","","","","Généralement nuageux"
"1961-05-30 13:00","1961","05","30","13:00"," ","","","","","","","","","","","","","","","","","","",""
"1961-05-30 13:30","1961","05","30","13:30"," ","17,80","","9,40","","57,00","","32,00","","13,00","","16,10","","100,80","","","","","","Généralement nuageux"
"1961-05-30 14:00","1961","05","30","14:00"," ","","","","","","","","","","","","","","","","","","",""
"1961-05-30 14:30","1961","05","30","14:30"," ","17,80","","9,40","","57,00","","27,00","","13,00","","24,10","","100,75","","","","","","Généralement nuageux"
"1961-05-30 15:00","1961","05","30","15:00"," ","","","","","","","","","","","","","","","","","","",""
"1961-05-30 15:30","1961","05","30","15:30"," ","18,30","","8,30","","53,00","","11,00","","14,00","","24,10","","100,66","","","","","","Généralement nuageux"
"1961-05-30 16:00","1961","05","30","16:00"," ","","","","","","","","","","","","","","","","","","",""
"1961-05-30 16:30","1961","05","30","16:30"," ","18,30","","8,90","","55,00","","16,00","","16,00","","24,10","","100,61","","","","","","Généralement nuageux"
"1961-05-30 17:00","1961","05","30","17:00"," ","","","","","","","","","","","","","","","","","","",""
"1961-05-30 17:30","1961","05","30","17:30"," ","16,10","","8,90","","63,00","","18,00","","19,00","","16,10","","100,56","","","","","","Nuageux"
"1961-05-30 18:00","1961","05","30","18:00"," ","","","","","","","","","","","","","","","","","","",""
"1961-05-30 18:30","1961","05","30","18:30"," ","15,00","","8,90","","68,00","","20,00","","18,00","","16,10","","100,51","","","","","","Nuageux"
"1961-05-30 19:00","1961","05","30","19:00"," ","","","","","","","","","","","","","","","","","","",""
"1961-05-30 19:30","1961","05","30","19:30"," ","12,80","","8,30","","75,00","","20,00","","18,00","","16,10","","100,47","","","","","","Nuageux"
"1961-05-30 20:00","1961","05","30","20:00"," ","","","","","","","","","","","","","","","","","","",""
"1961-05-30 20:30","1961","05","30","20:30"," ","11,70","","8,90","","82,00","","20,00","","13,00","","16,10","","100,49","","","","","","Nuageux"
"1961-05-30 21:00","1961","05","30","21:00"," ","","","","","","","","","","","","","","","","","","",""
"1961-05-30 21:30","1961","05","30","21:30"," ","11,10","","8,30","","83,00","","18,00","","8,00","","16,10","","100,44","","","","","","Généralement nuageux"
"1961-05-30 22:00","1961","05","30","22:00"," ","","","","","","","","","","","","","","","","","","",""
"1961-05-30 22:30","1961","05","30","22:30"," ","10,60","","7,80","","83,00","","20,00","","14,00","","16,10","","100,38","","","","","","Nuageux"
"1961-05-30 23:00","1961","05","30","23:00"," ","","","","","","","","","","","","","","","","","","",""
"1961-05-30 23:30","1961","05","30","23:30"," ","10,00","","7,80","","86,00","","18,00","","13,00","","12,90","","100,31","","","","","","Nuageux"
"1961-05-31 00:00","1961","05","31","00:00"," ","","","","","","","","","","","","","","","","","","",""
"1961-05-31 00:30","1961","05","31","00:30"," ","9,40","","8,30","","92,00","","18,00","","16,00","","12,90","","100,21","","","","","","Nuageux"
"1961-05-31 01:00","1961","05","31","01:00"," ","","","","","","","","","","","","","","","","","","",""
"1961-05-31 01:30","1961","05","31","01:30"," ","8,90","","7,80","","94,00","","18,00","","13,00","","12,90","","100,17","","","","","","Averses de pluie"
"1961-05-31 02:00","1961","05","31","02:00"," ","","","","","","","","","","","","","","","","","","",""
"1961-05-31 02:30","1961","05","31","02:30"," ","8,90","","7,80","","94,00","","18,00","","13,00","","8,00","","100,05","","","","","","Averses de pluie,Brouillard"
"1961-05-31 03:00","1961","05","31","03:00"," ","","","","","","","","","","","","","","","","","","",""
"1961-05-31 03:30","1961","05","31","03:30"," ","7,20","","7,20","","100,00","","18,00","","13,00","","0,80","","99,88","","","","","","Averses de pluie,Brouillard"
"1961-05-31 04:00","1961","05","31","04:00"," ","","","","","","","","","","","","","","","","","","",""
"1961-05-31 04:30","1961","05","31","04:30"," ","6,10","","6,10","","100,00","","16,00","","16,00","","0,80","","99,71","","","","","","Pluie,Brouillard"
"1961-05-31 05:00","1961","05","31","05:00"," ","","","","","","","","","","","","","","","","","","",""
"1961-05-31 05:30","1961","05","31","05:30"," ","5,60","","5,60","","100,00","","14,00","","21,00","","0,80","","99,61","","","","","","Pluie,Brouillard"
"1961-05-31 06:00","1961","05","31","06:00"," ","","","","","","","","","","","","","","","","","","",""
"1961-05-31 06:30","1961","05","31","06:30"," ","5,00","","5,00","","100,00","","16,00","","24,00","","0,00","","99,58","","","","","","Bruine,Brouillard"
"1961-05-31 07:00","1961","05","31","07:00"," ","","","","","","","","","","","","","","","","","","",""
"1961-05-31 07:30","1961","05","31","07:30"," ","5,60","","5,60","","100,00","","16,00","","23,00","","0,00","","99,42","","","","","","Bruine modérée,Brouillard"
"1961-05-31 08:00","1961","05","31","08:00"," ","","","","","","","","","","","","","","","","","","",""
"1961-05-31 08:30","1961","05","31","08:30"," ","5,60","","5,60","","100,00","","16,00","","23,00","","0,00","","99,36","","","","","","Bruine,Brouillard"
"1961-05-31 09:00","1961","05","31","09:00"," ","","","","","","","","","","","","","","","","","","",""
"1961-05-31 09:30","1961","05","31","09:30"," ","7,20","","7,20","","100,00","","18,00","","29,00","","0,80","","99,23","","","","","","Bruine,Brouillard"
"1961-05-31 10:00","1961","05","31","10:00"," ","","","","","","","","","","","","","","","","","","",""
"1961-05-31 10:30","1961","05","31","10:30"," ","10,00","","9,40","","96,00","","18,00","","19,00","","12,90","","99,18","","","","","","Nuageux"
"1961-05-31 11:00","1961","05","31","11:00"," ","","","","","","","","","","","","","","","","","","",""
"1961-05-31 11:30","1961","05","31","11:30"," ","12,20","","11,10","","93,00","","18,00","","21,00","","12,90","","99,14","","","","","","Nuageux"
"1961-05-31 12:00","1961","05","31","12:00"," ","","","","","","","","","","","","","","","","","","",""
"1961-05-31 12:30","1961","05","31","12:30"," ","15,00","","12,80","","85,00","","20,00","","24,00","","16,10","","99,08","","","","","","Nuageux"
"1961-05-31 13:00","1961","05","31","13:00"," ","","","","","","","","","","","","","","","","","","",""
"1961-05-31 13:30","1961","05","31","13:30"," ","15,60","","11,70","","79,00","","23,00","","32,00","","19,30","","99,04","","","","","","Généralement nuageux"
"1961-05-31 14:00","1961","05","31","14:00"," ","","","","","","","","","","","","","","","","","","",""
"1961-05-31 14:30","1961","05","31","14:30"," ","13,90","","10,00","","76,00","","25,00","","35,00","","24,10","","99,07","","","","","","Généralement nuageux"
"1961-05-31 15:00","1961","05","31","15:00"," ","","","","","","","","","","","","","","","","","","",""
"1961-05-31 15:30","1961","05","31","15:30"," ","13,30","","6,70","","63,00","","25,00","","35,00","","24,10","","99,10","","","","","","Généralement dégagé"
"1961-05-31 16:00","1961","05","31","16:00"," ","","","","","","","","","","","","","","","","","","",""
"1961-05-31 16:30","1961","05","31","16:30"," ","12,80","","4,40","","57,00","","23,00","","39,00","","24,10","","99,18","","","","","","Généralement dégagé"
"1961-05-31 17:00","1961","05","31","17:00"," ","","","","","","","","","","","","","","","","","","",""
"1961-05-31 17:30","1961","05","31","17:30"," ","10,00","","3,30","","64,00","","23,00","","37,00","","24,10","","99,26","","","","","","Généralement dégagé"
"1961-05-31 18:00","1961","05","31","18:00"," ","","","","","","","","","","","","","","","","","","",""
"1961-05-31 18:30","1961","05","31","18:30"," ","8,30","","1,10","","60,00","","23,00","","32,00","","24,10","","99,30","","","","","","Généralement dégagé"
"1961-05-31 19:00","1961","05","31","19:00"," ","","","","","","","","","","","","","","","","","","",""
"1961-05-31 19:30","1961","05","31","19:30"," ","7,80","","0,00","","59,00","","23,00","","26,00","","24,10","","99,37","","","","","","Généralement dégagé"
"1961-05-31 20:00","1961","05","31","20:00"," ","","","","","","","","","","","","","","","","","","",""
"1961-05-31 20:30","1961","05","31","20:30"," ","5,60","","0,00","","68,00","","23,00","","24,00","","24,10","","99,47","","","","","","Généralement dégagé"
"1961-05-31 21:00","1961","05","31","21:00"," ","","","","","","","","","","","","","","","","","","",""
"1961-05-31 21:30","1961","05","31","21:30"," ","3,30","","0,00","","80,00","","23,00","","24,00","","24,10","","99,50","","","","","","Généralement dégagé"
"1961-05-31 22:00","1961","05","31","22:00"," ","","","","","","","","","","","","","","","","","","",""
"1961-05-31 22:30","1961","05","31","22:30"," ","3,30","","1,10","","85,00","","23,00","","32,00","","24,10","","99,51","","","","","","Généralement nuageux"
"1961-05-31 23:00","1961","05","31","23:00"," ","","","","","","","","","","","","","","","","","","",""
"1961-05-31 23:30","1961","05","31","23:30"," ","3,30","","1,70","","87,00","","23,00","","19,00","","24,10","","99,55","","","","","","Généralement nuageux"
