"Nom de la Station","MONTREAL/PIERRE ELLIOTT TRUDEAU INTL A"
"Province","QUEBEC"
"Latitude","45,47"
"Longitude","-73,75"
"Altitude","36,00"
"Identification Climat","7025250"
"Identification OMM","71627"
"Identification TC","YUL"
"Toutes les heures sont exprimées en heure normale locale (HNL). Pour convertir l'heure locale en heure avancée de l'Est (HAE), ajoutez 1 heure s'il y a lieu."

"Légende"
"M","Données Manquantes"
"E","Valeur Estimée"
"ND","Non Disponible"
"**","Données fournies par un partenaire, non assujetties à un révision par les Archives climatiques nationales du Canada"

"Date/Heure","Année","Mois","Jour","Heure","Qualité des Données","Temp (°C)","Temp Indicateur","Point de rosée (°C)","Point de rosée Indicateur","Hum. rel (%)","Hum. rel. Indicateur","Dir. du vent (10s deg)","Dir. du vent Indicateur","Vit. du vent (km/h)","Vit. du vent Indicateur","Visibilité (km)","Visibilité Indicateur","Pression à la station (kPa)","Pression à la station Indicateur","Hmdx","Hmdx Indicateur","Refroid. éolien","Refroid. éolien Indicateur","Temps"
"1969-12-01 00:00","1969","12","01","00:00"," ","-5,60","","-8,30","","80,00","","9,00","","16,00","","6,40","","99,60","","","","-12,00","","Neige"
"1969-12-01 01:00","1969","12","01","01:00"," ","-5,60","","-7,20","","87,00","","7,00","","16,00","","4,80","","99,57","","","","-12,00","","Neige"
"1969-12-01 02:00","1969","12","01","02:00"," ","-5,60","","-7,20","","87,00","","5,00","","21,00","","4,00","","99,56","","","","-12,00","","Neige"
"1969-12-01 03:00","1969","12","01","03:00"," ","-5,60","","-7,80","","84,00","","7,00","","27,00","","11,30","","99,54","","","","-13,00","","Neige"
"1969-12-01 04:00","1969","12","01","04:00"," ","-6,10","","-8,30","","83,00","","5,00","","24,00","","12,90","","99,58","","","","-14,00","","Neige"
"1969-12-01 05:00","1969","12","01","05:00"," ","-6,10","","-8,30","","83,00","","7,00","","27,00","","6,40","","99,61","","","","-14,00","","Neige"
"1969-12-01 06:00","1969","12","01","06:00"," ","-6,10","","-8,90","","79,00","","5,00","","24,00","","11,30","","99,69","","","","-14,00","","Neige"
"1969-12-01 07:00","1969","12","01","07:00"," ","-6,10","","-11,10","","67,00","","5,00","","29,00","","16,10","","99,74","","","","-14,00","","Neige"
"1969-12-01 08:00","1969","12","01","08:00"," ","-6,10","","-12,20","","61,00","","5,00","","32,00","","32,20","","99,82","","","","-15,00","","Nuageux"
"1969-12-01 09:00","1969","12","01","09:00"," ","-7,20","","-11,70","","69,00","","5,00","","32,00","","40,20","","99,88","","","","-16,00","","Nuageux"
"1969-12-01 10:00","1969","12","01","10:00"," ","-7,20","","-12,80","","64,00","","5,00","","32,00","","40,20","","99,92","","","","-16,00","","Nuageux"
"1969-12-01 11:00","1969","12","01","11:00"," ","-6,70","","-12,80","","62,00","","5,00","","31,00","","40,20","","99,94","","","","-15,00","","Nuageux"
"1969-12-01 12:00","1969","12","01","12:00"," ","-6,10","","-12,20","","61,00","","5,00","","27,00","","40,20","","99,96","","","","-14,00","","Généralement nuageux"
"1969-12-01 13:00","1969","12","01","13:00"," ","-5,00","","-13,30","","52,00","","5,00","","29,00","","40,20","","99,99","","","","-13,00","","Généralement dégagé"
"1969-12-01 14:00","1969","12","01","14:00"," ","-4,40","","-14,40","","45,00","","2,00","","29,00","","48,30","","100,11","","","","-12,00","","Généralement nuageux"
"1969-12-01 15:00","1969","12","01","15:00"," ","-5,00","","-12,80","","54,00","","5,00","","26,00","","48,30","","100,16","","","","-12,00","","Nuageux"
"1969-12-01 16:00","1969","12","01","16:00"," ","-4,40","","-13,90","","47,00","","5,00","","19,00","","48,30","","100,25","","","","-11,00","","Généralement nuageux"
"1969-12-01 17:00","1969","12","01","17:00"," ","-5,00","","-13,90","","50,00","","2,00","","16,00","","25,00","","100,31","","","","-11,00","","Généralement nuageux"
"1969-12-01 18:00","1969","12","01","18:00"," ","-6,10","","-13,90","","53,00","","2,00","","11,00","","25,00","","100,45","","","","-11,00","","Généralement dégagé"
"1969-12-01 19:00","1969","12","01","19:00"," ","-6,70","","-14,40","","53,00","","2,00","","13,00","","25,00","","100,55","","","","-12,00","","Généralement dégagé"
"1969-12-01 20:00","1969","12","01","20:00"," ","-7,80","","-13,90","","61,00","","36,00","","10,00","","25,00","","100,65","","","","-13,00","","Généralement dégagé"
"1969-12-01 21:00","1969","12","01","21:00"," ","-10,00","","-14,40","","69,00","","36,00","","10,00","","25,00","","100,72","","","","-15,00","","Généralement dégagé"
"1969-12-01 22:00","1969","12","01","22:00"," ","-10,00","","-14,40","","69,00","","36,00","","8,00","","25,00","","100,76","","","","-14,00","","Dégagé"
"1969-12-01 23:00","1969","12","01","23:00"," ","-10,00","","-14,40","","69,00","","36,00","","10,00","","25,00","","100,86","","","","-15,00","","Dégagé"
"1969-12-02 00:00","1969","12","02","00:00"," ","-10,60","","-15,00","","69,00","","36,00","","11,00","","25,00","","100,89","","","","-16,00","","Dégagé"
"1969-12-02 01:00","1969","12","02","01:00"," ","-11,70","","-15,00","","76,00","","36,00","","10,00","","25,00","","100,93","","","","-17,00","","Dégagé"
"1969-12-02 02:00","1969","12","02","02:00"," ","-12,80","","-15,60","","79,00","","34,00","","10,00","","25,00","","100,93","","","","-19,00","","Dégagé"
"1969-12-02 03:00","1969","12","02","03:00"," ","-12,80","","-15,60","","79,00","","32,00","","10,00","","25,00","","100,87","","","","-19,00","","Dégagé"
"1969-12-02 04:00","1969","12","02","04:00"," ","-13,30","","-15,60","","82,00","","34,00","","2,00","","25,00","","100,81","","","","-15,00","","Dégagé"
"1969-12-02 05:00","1969","12","02","05:00"," ","-14,40","","-16,10","","87,00","","27,00","","6,00","","25,00","","100,87","","","","-19,00","","Dégagé"
"1969-12-02 06:00","1969","12","02","06:00"," ","-13,90","","-16,10","","81,00","","29,00","","6,00","","25,00","","100,91","","","","-18,00","","Dégagé"
"1969-12-02 07:00","1969","12","02","07:00"," ","-13,90","","-16,70","","79,00","","34,00","","3,00","","24,10","","100,85","","","","-16,00","","Généralement dégagé"
"1969-12-02 08:00","1969","12","02","08:00"," ","-13,90","","-16,70","","79,00","","0,00","","0,00","","48,30","","100,84","","","","","","Généralement dégagé"
"1969-12-02 09:00","1969","12","02","09:00"," ","-12,20","","-15,60","","75,00","","0,00","","0,00","","48,30","","100,80","","","","","","Généralement dégagé"
"1969-12-02 10:00","1969","12","02","10:00"," ","-11,10","","-15,00","","72,00","","0,00","","0,00","","48,30","","100,68","","","","","","Généralement dégagé"
"1969-12-02 11:00","1969","12","02","11:00"," ","-10,60","","-13,30","","79,00","","23,00","","16,00","","16,10","","100,53","","","","-18,00","","Averses de neige"
"1969-12-02 12:00","1969","12","02","12:00"," ","-9,40","","-13,90","","69,00","","25,00","","10,00","","24,10","","100,39","","","","-15,00","","Généralement dégagé"
"1969-12-02 13:00","1969","12","02","13:00"," ","-8,90","","-13,90","","66,00","","27,00","","19,00","","40,20","","100,24","","","","-16,00","","Généralement dégagé"
"1969-12-02 14:00","1969","12","02","14:00"," ","-8,30","","-13,90","","64,00","","25,00","","16,00","","40,20","","100,15","","","","-15,00","","Généralement dégagé"
"1969-12-02 15:00","1969","12","02","15:00"," ","-8,30","","-13,90","","64,00","","25,00","","13,00","","40,20","","100,07","","","","-14,00","","Généralement dégagé"
"1969-12-02 16:00","1969","12","02","16:00"," ","-8,90","","-13,90","","66,00","","25,00","","13,00","","40,20","","99,97","","","","-15,00","","Généralement dégagé"
"1969-12-02 17:00","1969","12","02","17:00"," ","-9,40","","-13,90","","69,00","","25,00","","13,00","","25,00","","99,85","","","","-15,00","","Généralement nuageux"
"1969-12-02 18:00","1969","12","02","18:00"," ","-9,40","","-13,30","","72,00","","27,00","","8,00","","25,00","","99,76","","","","-14,00","","Nuageux"
"1969-12-02 19:00","1969","12","02","19:00"," ","-8,90","","-13,90","","66,00","","25,00","","8,00","","25,00","","99,68","","","","-13,00","","Nuageux"
"1969-12-02 20:00","1969","12","02","20:00"," ","-10,60","","-13,90","","76,00","","25,00","","10,00","","25,00","","99,55","","","","-16,00","","Généralement nuageux"
"1969-12-02 21:00","1969","12","02","21:00"," ","-9,40","","-13,30","","72,00","","0,00","","0,00","","25,00","","99,48","","","","","","Neige"
"1969-12-02 22:00","1969","12","02","22:00"," ","-8,90","","-12,20","","76,00","","11,00","","5,00","","11,30","","99,35","","","","-12,00","","Neige"
"1969-12-02 23:00","1969","12","02","23:00"," ","-8,90","","-11,70","","79,00","","9,00","","6,00","","24,10","","99,22","","","","-12,00","","Neige"
"1969-12-03 00:00","1969","12","03","00:00"," ","-8,90","","-11,10","","83,00","","9,00","","3,00","","24,10","","99,13","","","","-11,00","","Neige"
"1969-12-03 01:00","1969","12","03","01:00"," ","-7,80","","-10,00","","83,00","","9,00","","5,00","","19,30","","99,05","","","","-10,00","","Neige"
"1969-12-03 02:00","1969","12","03","02:00"," ","-7,20","","-10,00","","80,00","","9,00","","8,00","","19,30","","99,01","","","","-11,00","","Neige"
"1969-12-03 03:00","1969","12","03","03:00"," ","-7,20","","-9,40","","83,00","","9,00","","10,00","","11,30","","98,92","","","","-12,00","","Neige"
"1969-12-03 04:00","1969","12","03","04:00"," ","-8,30","","-10,00","","87,00","","7,00","","13,00","","19,30","","98,84","","","","-14,00","","Neige"
"1969-12-03 05:00","1969","12","03","05:00"," ","-7,80","","-10,00","","83,00","","7,00","","14,00","","19,30","","98,81","","","","-14,00","","Neige"
"1969-12-03 06:00","1969","12","03","06:00"," ","-8,30","","-10,60","","82,00","","5,00","","21,00","","19,30","","98,78","","","","-16,00","","Neige"
"1969-12-03 07:00","1969","12","03","07:00"," ","-8,30","","-10,60","","82,00","","5,00","","19,00","","6,40","","98,76","","","","-16,00","","Neige"
"1969-12-03 08:00","1969","12","03","08:00"," ","-8,90","","-10,60","","86,00","","2,00","","24,00","","1,20","","98,80","","","","-17,00","","Neige"
"1969-12-03 09:00","1969","12","03","09:00"," ","-7,80","","-11,10","","76,00","","5,00","","29,00","","3,20","","98,81","","","","-17,00","","Neige"
"1969-12-03 10:00","1969","12","03","10:00"," ","-8,30","","-10,60","","82,00","","5,00","","26,00","","2,40","","98,86","","","","-17,00","","Neige"
"1969-12-03 11:00","1969","12","03","11:00"," ","-8,30","","-10,00","","87,00","","2,00","","27,00","","1,20","","98,85","","","","-17,00","","Neige"
"1969-12-03 12:00","1969","12","03","12:00"," ","-7,80","","-10,00","","83,00","","5,00","","26,00","","1,20","","98,85","","","","-16,00","","Neige"
"1969-12-03 13:00","1969","12","03","13:00"," ","-7,80","","-10,00","","83,00","","2,00","","23,00","","2,40","","98,91","","","","-16,00","","Neige"
"1969-12-03 14:00","1969","12","03","14:00"," ","-7,80","","-10,00","","83,00","","2,00","","24,00","","1,60","","99,01","","","","-16,00","","Neige"
"1969-12-03 15:00","1969","12","03","15:00"," ","-7,20","","-9,40","","83,00","","2,00","","13,00","","3,20","","99,18","","","","-13,00","","Neige"
"1969-12-03 16:00","1969","12","03","16:00"," ","-7,20","","-9,40","","83,00","","5,00","","14,00","","2,40","","99,34","","","","-13,00","","Neige"
"1969-12-03 17:00","1969","12","03","17:00"," ","-7,80","","-9,40","","87,00","","36,00","","6,00","","4,80","","99,43","","","","-11,00","","Neige"
"1969-12-03 18:00","1969","12","03","18:00"," ","-8,30","","-10,00","","87,00","","34,00","","6,00","","16,10","","99,53","","","","-12,00","","Neige"
"1969-12-03 19:00","1969","12","03","19:00"," ","-7,20","","-8,90","","87,00","","29,00","","6,00","","2,80","","99,61","","","","-10,00","","Neige"
"1969-12-03 20:00","1969","12","03","20:00"," ","-7,20","","-8,30","","91,00","","0,00","","0,00","","2,80","","99,65","","","","","","Neige"
"1969-12-03 21:00","1969","12","03","21:00"," ","-7,80","","-9,40","","87,00","","29,00","","3,00","","3,60","","99,71","","","","-9,00","","Neige"
"1969-12-03 22:00","1969","12","03","22:00"," ","-7,20","","-8,90","","87,00","","32,00","","8,00","","2,80","","99,76","","","","-11,00","","Neige"
"1969-12-03 23:00","1969","12","03","23:00"," ","-9,40","","-11,10","","87,00","","32,00","","8,00","","16,10","","99,77","","","","-14,00","","Neige"
"1969-12-04 00:00","1969","12","04","00:00"," ","-12,20","","-13,30","","91,00","","29,00","","6,00","","25,00","","99,75","","","","-16,00","","Généralement dégagé"
"1969-12-04 01:00","1969","12","04","01:00"," ","-11,10","","-12,20","","90,00","","27,00","","6,00","","25,00","","99,75","","","","-15,00","","Généralement nuageux"
"1969-12-04 02:00","1969","12","04","02:00"," ","-11,70","","-13,30","","86,00","","27,00","","6,00","","25,00","","99,83","","","","-15,00","","Généralement nuageux"
"1969-12-04 03:00","1969","12","04","03:00"," ","-10,60","","-11,70","","90,00","","0,00","","0,00","","25,00","","99,85","","","","","","Nuageux"
"1969-12-04 04:00","1969","12","04","04:00"," ","-9,40","","-11,10","","87,00","","27,00","","8,00","","25,00","","99,90","","","","-14,00","","Nuageux"
"1969-12-04 05:00","1969","12","04","05:00"," ","-11,10","","-13,30","","83,00","","0,00","","0,00","","25,00","","99,94","","","","","","Généralement nuageux"
"1969-12-04 06:00","1969","12","04","06:00"," ","-11,10","","-12,80","","86,00","","29,00","","3,00","","25,00","","100,02","","","","-13,00","","Généralement nuageux"
"1969-12-04 07:00","1969","12","04","07:00"," ","-12,20","","-13,30","","91,00","","0,00","","0,00","","25,00","","100,09","","","","","","Généralement dégagé"
"1969-12-04 08:00","1969","12","04","08:00"," ","-13,30","","-15,00","","86,00","","0,00","","0,00","","24,10","","100,15","","","","","","Généralement dégagé"
"1969-12-04 09:00","1969","12","04","09:00"," ","-10,60","","-11,10","","95,00","","0,00","","0,00","","32,20","","100,23","","","","","","Généralement dégagé"
"1969-12-04 10:00","1969","12","04","10:00"," ","-8,90","","-11,10","","83,00","","27,00","","10,00","","40,20","","100,28","","","","-14,00","","Généralement dégagé"
"1969-12-04 11:00","1969","12","04","11:00"," ","-7,80","","-11,10","","76,00","","27,00","","11,00","","40,20","","100,28","","","","-13,00","","Généralement dégagé"
"1969-12-04 12:00","1969","12","04","12:00"," ","-7,20","","-10,60","","76,00","","27,00","","13,00","","40,20","","100,28","","","","-13,00","","Généralement dégagé"
"1969-12-04 13:00","1969","12","04","13:00"," ","-6,10","","-10,60","","70,00","","27,00","","10,00","","40,20","","100,27","","","","-11,00","","Généralement dégagé"
"1969-12-04 14:00","1969","12","04","14:00"," ","-5,00","","-10,00","","67,00","","27,00","","10,00","","48,30","","100,30","","","","-9,00","","Généralement dégagé"
"1969-12-04 15:00","1969","12","04","15:00"," ","-5,00","","-10,00","","67,00","","27,00","","11,00","","40,20","","100,35","","","","-10,00","","Généralement dégagé"
"1969-12-04 16:00","1969","12","04","16:00"," ","-7,20","","-10,00","","80,00","","27,00","","11,00","","32,20","","100,42","","","","-12,00","","Généralement dégagé"
"1969-12-04 17:00","1969","12","04","17:00"," ","-5,00","","-8,30","","76,00","","27,00","","14,00","","25,00","","100,50","","","","-10,00","","Généralement nuageux"
"1969-12-04 18:00","1969","12","04","18:00"," ","-3,90","","-8,90","","67,00","","32,00","","13,00","","24,10","","100,55","","","","-9,00","","Averses de neige"
"1969-12-04 19:00","1969","12","04","19:00"," ","-3,90","","-8,30","","70,00","","32,00","","11,00","","24,10","","100,61","","","","-8,00","","Averses de neige"
"1969-12-04 20:00","1969","12","04","20:00"," ","-3,90","","-8,30","","70,00","","29,00","","11,00","","25,00","","100,68","","","","-8,00","","Nuageux"
"1969-12-04 21:00","1969","12","04","21:00"," ","-4,40","","-7,80","","76,00","","29,00","","10,00","","25,00","","100,72","","","","-9,00","","Nuageux"
"1969-12-04 22:00","1969","12","04","22:00"," ","-3,90","","-7,20","","77,00","","32,00","","6,00","","24,10","","100,79","","","","-7,00","","Averses de neige"
"1969-12-04 23:00","1969","12","04","23:00"," ","-4,40","","-7,20","","79,00","","32,00","","10,00","","24,10","","100,85","","","","-9,00","","Averses de neige"
"1969-12-05 00:00","1969","12","05","00:00"," ","-5,00","","-7,80","","80,00","","29,00","","11,00","","24,10","","100,87","","","","-10,00","","Nuageux"
"1969-12-05 01:00","1969","12","05","01:00"," ","-5,60","","-8,30","","80,00","","29,00","","8,00","","24,10","","100,87","","","","-9,00","","Nuageux"
"1969-12-05 02:00","1969","12","05","02:00"," ","-4,40","","-7,80","","76,00","","27,00","","11,00","","24,10","","100,95","","","","-9,00","","Nuageux"
"1969-12-05 03:00","1969","12","05","03:00"," ","-3,90","","-7,20","","77,00","","29,00","","19,00","","24,10","","101,00","","","","-10,00","","Neige"
"1969-12-05 04:00","1969","12","05","04:00"," ","-4,40","","-8,90","","70,00","","32,00","","16,00","","24,10","","101,01","","","","-10,00","","Généralement nuageux"
"1969-12-05 05:00","1969","12","05","05:00"," ","-4,40","","-8,90","","70,00","","32,00","","16,00","","24,10","","101,05","","","","-10,00","","Nuageux"
"1969-12-05 06:00","1969","12","05","06:00"," ","-5,60","","-9,40","","73,00","","32,00","","16,00","","24,10","","101,20","","","","-12,00","","Généralement dégagé"
"1969-12-05 07:00","1969","12","05","07:00"," ","-6,70","","-9,40","","79,00","","27,00","","11,00","","32,20","","101,26","","","","-12,00","","Généralement dégagé"
"1969-12-05 08:00","1969","12","05","08:00"," ","-7,20","","-10,60","","76,00","","27,00","","13,00","","48,30","","101,34","","","","-13,00","","Généralement dégagé"
"1969-12-05 09:00","1969","12","05","09:00"," ","-5,60","","-10,60","","67,00","","29,00","","19,00","","48,30","","101,39","","","","-12,00","","Généralement dégagé"
"1969-12-05 10:00","1969","12","05","10:00"," ","-5,60","","-10,60","","67,00","","34,00","","13,00","","48,30","","101,44","","","","-11,00","","Généralement dégagé"
"1969-12-05 11:00","1969","12","05","11:00"," ","-5,00","","-11,70","","59,00","","34,00","","8,00","","48,30","","101,44","","","","-9,00","","Généralement dégagé"
"1969-12-05 12:00","1969","12","05","12:00"," ","-4,40","","-10,60","","61,00","","29,00","","19,00","","48,30","","101,40","","","","-11,00","","Généralement dégagé"
"1969-12-05 13:00","1969","12","05","13:00"," ","-4,40","","-11,10","","59,00","","27,00","","21,00","","48,30","","101,40","","","","-11,00","","Généralement dégagé"
"1969-12-05 14:00","1969","12","05","14:00"," ","-4,40","","-10,60","","61,00","","27,00","","24,00","","48,30","","101,43","","","","-11,00","","Généralement dégagé"
"1969-12-05 15:00","1969","12","05","15:00"," ","-4,40","","-10,00","","65,00","","27,00","","21,00","","48,30","","101,47","","","","-11,00","","Généralement nuageux"
"1969-12-05 16:00","1969","12","05","16:00"," ","-5,00","","-10,00","","67,00","","27,00","","23,00","","48,30","","101,58","","","","-12,00","","Généralement nuageux"
"1969-12-05 17:00","1969","12","05","17:00"," ","-5,60","","-11,70","","61,00","","32,00","","14,00","","25,00","","101,66","","","","-11,00","","Généralement nuageux"
"1969-12-05 18:00","1969","12","05","18:00"," ","-6,10","","-12,20","","61,00","","32,00","","16,00","","25,00","","101,72","","","","-12,00","","Généralement nuageux"
"1969-12-05 19:00","1969","12","05","19:00"," ","-7,20","","-12,20","","67,00","","29,00","","6,00","","25,00","","101,78","","","","-10,00","","Généralement dégagé"
"1969-12-05 20:00","1969","12","05","20:00"," ","-11,70","","-14,40","","79,00","","32,00","","11,00","","25,00","","101,83","","","","-18,00","","Généralement dégagé"
"1969-12-05 21:00","1969","12","05","21:00"," ","-11,10","","-13,90","","78,00","","29,00","","10,00","","25,00","","101,83","","","","-17,00","","Généralement dégagé"
"1969-12-05 22:00","1969","12","05","22:00"," ","-11,10","","-12,80","","86,00","","29,00","","11,00","","25,00","","101,80","","","","-17,00","","Dégagé"
"1969-12-05 23:00","1969","12","05","23:00"," ","-12,80","","-13,90","","90,00","","29,00","","6,00","","25,00","","101,83","","","","-17,00","","Dégagé"
"1969-12-06 00:00","1969","12","06","00:00"," ","-11,70","","-13,90","","82,00","","32,00","","10,00","","25,00","","101,82","","","","-17,00","","Dégagé"
"1969-12-06 01:00","1969","12","06","01:00"," ","-12,20","","-13,90","","87,00","","32,00","","13,00","","25,00","","101,79","","","","-19,00","","Dégagé"
"1969-12-06 02:00","1969","12","06","02:00"," ","-12,80","","-15,00","","83,00","","29,00","","3,00","","25,00","","101,88","","","","-15,00","","Dégagé"
"1969-12-06 03:00","1969","12","06","03:00"," ","-10,60","","-13,30","","79,00","","32,00","","19,00","","25,00","","101,88","","","","-18,00","","Dégagé"
"1969-12-06 04:00","1969","12","06","04:00"," ","-11,10","","-13,90","","78,00","","32,00","","14,00","","25,00","","101,91","","","","-18,00","","Dégagé"
"1969-12-06 05:00","1969","12","06","05:00"," ","-11,70","","-14,40","","79,00","","32,00","","16,00","","25,00","","101,92","","","","-19,00","","Dégagé"
"1969-12-06 06:00","1969","12","06","06:00"," ","-12,80","","-15,00","","83,00","","32,00","","11,00","","25,00","","101,95","","","","-19,00","","Dégagé"
"1969-12-06 07:00","1969","12","06","07:00"," ","-13,30","","-15,60","","82,00","","29,00","","11,00","","25,00","","101,97","","","","-20,00","","Généralement dégagé"
"1969-12-06 08:00","1969","12","06","08:00"," ","-13,90","","-15,60","","85,00","","27,00","","8,00","","48,30","","102,00","","","","-19,00","","Généralement dégagé"
"1969-12-06 09:00","1969","12","06","09:00"," ","-11,70","","-13,90","","82,00","","27,00","","18,00","","48,30","","102,01","","","","-20,00","","Généralement dégagé"
"1969-12-06 10:00","1969","12","06","10:00"," ","-8,90","","-12,20","","76,00","","27,00","","18,00","","48,30","","102,03","","","","-16,00","","Généralement dégagé"
"1969-12-06 11:00","1969","12","06","11:00"," ","-7,80","","-11,70","","72,00","","27,00","","18,00","","48,30","","101,97","","","","-15,00","","Généralement dégagé"
"1969-12-06 12:00","1969","12","06","12:00"," ","-7,20","","-11,70","","69,00","","27,00","","24,00","","48,30","","101,90","","","","-15,00","","Dégagé"
"1969-12-06 13:00","1969","12","06","13:00"," ","-6,10","","-11,70","","64,00","","25,00","","26,00","","48,30","","101,83","","","","-14,00","","Dégagé"
"1969-12-06 14:00","1969","12","06","14:00"," ","-6,10","","-11,10","","67,00","","25,00","","29,00","","48,30","","101,83","","","","-14,00","","Dégagé"
"1969-12-06 15:00","1969","12","06","15:00"," ","-5,60","","-11,10","","64,00","","25,00","","19,00","","48,30","","101,81","","","","-12,00","","Dégagé"
"1969-12-06 16:00","1969","12","06","16:00"," ","-6,70","","-11,70","","67,00","","27,00","","27,00","","40,20","","101,85","","","","-15,00","","Généralement dégagé"
"1969-12-06 17:00","1969","12","06","17:00"," ","-7,80","","-12,20","","69,00","","27,00","","23,00","","25,00","","101,96","","","","-16,00","","Dégagé"
"1969-12-06 18:00","1969","12","06","18:00"," ","-7,80","","-11,70","","72,00","","27,00","","23,00","","25,00","","102,04","","","","-16,00","","Dégagé"
"1969-12-06 19:00","1969","12","06","19:00"," ","-8,90","","-12,20","","76,00","","27,00","","18,00","","25,00","","102,10","","","","-16,00","","Dégagé"
"1969-12-06 20:00","1969","12","06","20:00"," ","-10,00","","-12,80","","80,00","","27,00","","13,00","","25,00","","102,10","","","","-16,00","","Dégagé"
"1969-12-06 21:00","1969","12","06","21:00"," ","-10,60","","-12,80","","82,00","","27,00","","10,00","","25,00","","102,09","","","","-16,00","","Dégagé"
"1969-12-06 22:00","1969","12","06","22:00"," ","-10,00","","-12,80","","78,00","","25,00","","13,00","","25,00","","102,09","","","","-16,00","","Dégagé"
"1969-12-06 23:00","1969","12","06","23:00"," ","-8,90","","-11,70","","79,00","","23,00","","10,00","","25,00","","102,13","","","","-14,00","","Dégagé"
"1969-12-07 00:00","1969","12","07","00:00"," ","-10,60","","-13,30","","79,00","","25,00","","13,00","","25,00","","102,18","","","","-17,00","","Dégagé"
"1969-12-07 01:00","1969","12","07","01:00"," ","-11,10","","-13,90","","78,00","","25,00","","10,00","","25,00","","102,20","","","","-17,00","","Dégagé"
"1969-12-07 02:00","1969","12","07","02:00"," ","-12,20","","-14,40","","82,00","","27,00","","10,00","","25,00","","102,25","","","","-18,00","","Dégagé"
"1969-12-07 03:00","1969","12","07","03:00"," ","-12,20","","-13,30","","91,00","","27,00","","5,00","","25,00","","102,26","","","","-15,00","","Dégagé"
"1969-12-07 04:00","1969","12","07","04:00"," ","-12,20","","-13,30","","91,00","","0,00","","0,00","","25,00","","102,27","","","","","","Dégagé"
"1969-12-07 05:00","1969","12","07","05:00"," ","-12,20","","-13,90","","87,00","","0,00","","0,00","","25,00","","102,27","","","","","","Dégagé"
"1969-12-07 06:00","1969","12","07","06:00"," ","-15,60","","-16,10","","95,00","","0,00","","0,00","","25,00","","102,28","","","","","","Dégagé"
"1969-12-07 07:00","1969","12","07","07:00"," ","-15,00","","-16,70","","86,00","","0,00","","0,00","","25,00","","102,30","","","","","","Généralement dégagé"
"1969-12-07 08:00","1969","12","07","08:00"," ","-15,00","","-16,10","","91,00","","0,00","","0,00","","6,40","","102,32","","","","","","Brouillard"
"1969-12-07 09:00","1969","12","07","09:00"," ","-12,80","","-13,90","","90,00","","0,00","","0,00","","8,00","","102,36","","","","","","Brouillard"
"1969-12-07 10:00","1969","12","07","10:00"," ","-8,90","","-10,00","","90,00","","9,00","","8,00","","1,00","","102,38","","","","-13,00","","Brouillard"
"1969-12-07 11:00","1969","12","07","11:00"," ","-6,70","","-10,00","","76,00","","9,00","","5,00","","1,60","","102,37","","","","-9,00","","Brouillard"
"1969-12-07 12:00","1969","12","07","12:00"," ","-5,00","","-10,60","","64,00","","0,00","","0,00","","4,00","","102,30","","","","","","Brouillard"
"1969-12-07 13:00","1969","12","07","13:00"," ","-5,00","","-10,60","","64,00","","2,00","","6,00","","4,00","","102,22","","","","-8,00","","Brume sèche"
"1969-12-07 14:00","1969","12","07","14:00"," ","-5,00","","-10,60","","64,00","","5,00","","13,00","","4,80","","102,17","","","","-10,00","","Brume sèche"
"1969-12-07 15:00","1969","12","07","15:00"," ","-5,60","","-11,10","","64,00","","5,00","","11,00","","9,70","","102,12","","","","-10,00","","Brume sèche"
"1969-12-07 16:00","1969","12","07","16:00"," ","-5,60","","-12,20","","58,00","","9,00","","10,00","","9,70","","102,17","","","","-10,00","","Brume sèche"
"1969-12-07 17:00","1969","12","07","17:00"," ","-5,60","","-11,70","","61,00","","7,00","","16,00","","11,30","","102,14","","","","-12,00","","Nuageux"
"1969-12-07 18:00","1969","12","07","18:00"," ","-5,60","","-11,70","","61,00","","7,00","","13,00","","24,10","","102,10","","","","-11,00","","Nuageux"
"1969-12-07 19:00","1969","12","07","19:00"," ","-5,60","","-10,60","","67,00","","7,00","","13,00","","19,30","","102,10","","","","-11,00","","Nuageux"
"1969-12-07 20:00","1969","12","07","20:00"," ","-5,60","","-10,60","","67,00","","5,00","","13,00","","19,30","","101,99","","","","-11,00","","Nuageux"
"1969-12-07 21:00","1969","12","07","21:00"," ","-5,00","","-10,00","","67,00","","5,00","","19,00","","19,30","","102,04","","","","-11,00","","Nuageux"
"1969-12-07 22:00","1969","12","07","22:00"," ","-5,00","","-10,00","","67,00","","5,00","","19,00","","24,10","","101,96","","","","-11,00","","Nuageux"
"1969-12-07 23:00","1969","12","07","23:00"," ","-5,60","","-10,00","","70,00","","5,00","","16,00","","24,10","","101,96","","","","-12,00","","Nuageux"
"1969-12-08 00:00","1969","12","08","00:00"," ","-5,60","","-9,40","","73,00","","5,00","","23,00","","24,10","","101,92","","","","-13,00","","Nuageux"
"1969-12-08 01:00","1969","12","08","01:00"," ","-5,00","","-8,90","","73,00","","7,00","","13,00","","12,90","","101,88","","","","-10,00","","Neige"
"1969-12-08 02:00","1969","12","08","02:00"," ","-4,40","","-6,70","","83,00","","5,00","","16,00","","4,80","","101,87","","","","-10,00","","Neige"
"1969-12-08 03:00","1969","12","08","03:00"," ","-3,30","","-5,00","","87,00","","7,00","","14,00","","6,40","","101,84","","","","-8,00","","Neige,Granules de glace ou grésil"
"1969-12-08 04:00","1969","12","08","04:00"," ","-3,90","","-5,60","","87,00","","5,00","","16,00","","4,80","","101,82","","","","-9,00","","Pluie verglaçante,Granules de glace ou grésil,Brouillard"
"1969-12-08 05:00","1969","12","08","05:00"," ","-3,30","","-5,00","","87,00","","5,00","","16,00","","4,80","","101,74","","","","-9,00","","Neige,Granules de glace ou grésil"
"1969-12-08 06:00","1969","12","08","06:00"," ","-2,80","","-3,90","","91,00","","5,00","","21,00","","6,40","","101,76","","","","-9,00","","Pluie verglaçante,Brouillard"
"1969-12-08 07:00","1969","12","08","07:00"," ","-2,20","","-3,90","","87,00","","5,00","","19,00","","6,40","","101,75","","","","-8,00","","Pluie verglaçante,Brouillard"
"1969-12-08 08:00","1969","12","08","08:00"," ","-1,10","","-2,20","","91,00","","5,00","","19,00","","4,00","","101,79","","","","-6,00","","Pluie verglaçante,Brouillard"
"1969-12-08 09:00","1969","12","08","09:00"," ","-0,60","","-1,70","","91,00","","5,00","","18,00","","4,00","","101,81","","","","-6,00","","Pluie verglaçante,Brouillard"
"1969-12-08 10:00","1969","12","08","10:00"," ","0,00","","-1,70","","88,00","","5,00","","16,00","","4,80","","101,84","","","","-5,00","","Pluie,Brouillard"
"1969-12-08 11:00","1969","12","08","11:00"," ","0,60","","-1,10","","89,00","","7,00","","13,00","","4,80","","101,83","","","","","","Pluie,Brouillard"
"1969-12-08 12:00","1969","12","08","12:00"," ","0,60","","-1,10","","89,00","","7,00","","11,00","","4,80","","101,75","","","","","","Pluie,Brouillard"
"1969-12-08 13:00","1969","12","08","13:00"," ","0,60","","-0,60","","91,00","","9,00","","13,00","","4,00","","101,73","","","","","","Pluie,Brouillard"
"1969-12-08 14:00","1969","12","08","14:00"," ","1,10","","0,00","","92,00","","7,00","","18,00","","4,80","","101,72","","","","","","Pluie,Brouillard"
"1969-12-08 15:00","1969","12","08","15:00"," ","1,10","","0,00","","92,00","","7,00","","11,00","","4,00","","101,75","","","","","","Pluie,Granules de glace ou grésil,Brouillard"
"1969-12-08 16:00","1969","12","08","16:00"," ","1,70","","0,00","","89,00","","9,00","","13,00","","2,40","","101,74","","","","","","Pluie,Brouillard"
"1969-12-08 17:00","1969","12","08","17:00"," ","1,70","","0,60","","92,00","","9,00","","11,00","","4,00","","101,74","","","","","","Bruine,Brouillard"
"1969-12-08 18:00","1969","12","08","18:00"," ","1,70","","0,60","","92,00","","9,00","","13,00","","9,70","","101,70","","","","","","Bruine,Brouillard"
"1969-12-08 19:00","1969","12","08","19:00"," ","1,70","","0,60","","92,00","","7,00","","16,00","","8,00","","101,68","","","","","","Bruine,Brouillard"
"1969-12-08 20:00","1969","12","08","20:00"," ","2,20","","1,10","","92,00","","9,00","","10,00","","6,40","","101,66","","","","","","Bruine,Brouillard"
"1969-12-08 21:00","1969","12","08","21:00"," ","2,20","","1,10","","92,00","","7,00","","13,00","","9,70","","101,62","","","","","","Bruine,Brouillard"
"1969-12-08 22:00","1969","12","08","22:00"," ","2,80","","0,60","","84,00","","7,00","","11,00","","16,10","","101,54","","","","","","Nuageux"
"1969-12-08 23:00","1969","12","08","23:00"," ","2,80","","0,60","","84,00","","7,00","","13,00","","19,30","","101,50","","","","","","Nuageux"
"1969-12-09 00:00","1969","12","09","00:00"," ","2,80","","0,60","","84,00","","7,00","","13,00","","16,10","","101,44","","","","","","Bruine"
"1969-12-09 01:00","1969","12","09","01:00"," ","2,20","","1,10","","92,00","","7,00","","11,00","","11,30","","101,35","","","","","","Bruine"
"1969-12-09 02:00","1969","12","09","02:00"," ","2,80","","1,10","","90,00","","7,00","","10,00","","19,30","","101,35","","","","","","Nuageux"
"1969-12-09 03:00","1969","12","09","03:00"," ","1,10","","0,00","","92,00","","5,00","","5,00","","3,20","","101,44","","","","","","Bruine,Brouillard"
"1969-12-09 04:00","1969","12","09","04:00"," ","1,10","","0,60","","94,00","","29,00","","3,00","","2,40","","101,45","","","","","","Bruine,Brouillard"
"1969-12-09 05:00","1969","12","09","05:00"," ","0,60","","0,00","","94,00","","0,00","","0,00","","1,20","","101,47","","","","","","Brouillard"
"1969-12-09 06:00","1969","12","09","06:00"," ","0,60","","0,00","","94,00","","0,00","","0,00","","1,60","","101,57","","","","","","Brouillard"
"1969-12-09 07:00","1969","12","09","07:00"," ","0,60","","0,00","","94,00","","27,00","","6,00","","3,20","","101,64","","","","","","Brouillard"
"1969-12-09 08:00","1969","12","09","08:00"," ","0,60","","0,60","","100,00","","27,00","","10,00","","0,20","","101,75","","","","","","Brouillard"
"1969-12-09 09:00","1969","12","09","09:00"," ","1,10","","0,60","","94,00","","25,00","","10,00","","1,60","","101,82","","","","","","Brouillard"
"1969-12-09 10:00","1969","12","09","10:00"," ","1,10","","0,60","","94,00","","25,00","","10,00","","4,00","","101,88","","","","","","Brouillard"
"1969-12-09 11:00","1969","12","09","11:00"," ","1,70","","0,60","","92,00","","27,00","","8,00","","4,80","","101,88","","","","","","Brouillard"
"1969-12-09 12:00","1969","12","09","12:00"," ","1,70","","0,60","","92,00","","25,00","","8,00","","4,80","","101,88","","","","","","Brouillard"
"1969-12-09 13:00","1969","12","09","13:00"," ","2,20","","0,60","","89,00","","25,00","","8,00","","8,00","","101,88","","","","","","Brouillard"
"1969-12-09 14:00","1969","12","09","14:00"," ","2,20","","0,60","","89,00","","25,00","","8,00","","8,00","","101,90","","","","","","Brouillard"
"1969-12-09 15:00","1969","12","09","15:00"," ","1,70","","0,60","","92,00","","27,00","","6,00","","8,00","","101,96","","","","","","Brouillard"
"1969-12-09 16:00","1969","12","09","16:00"," ","1,70","","0,00","","89,00","","0,00","","0,00","","8,00","","101,96","","","","","","Brume sèche"
"1969-12-09 17:00","1969","12","09","17:00"," ","1,10","","-1,10","","86,00","","0,00","","0,00","","24,10","","102,10","","","","","","Généralement nuageux"
"1969-12-09 18:00","1969","12","09","18:00"," ","0,60","","-1,10","","89,00","","29,00","","3,00","","19,30","","102,12","","","","","","Généralement dégagé"
"1969-12-09 19:00","1969","12","09","19:00"," ","-0,60","","-2,20","","88,00","","29,00","","3,00","","9,70","","102,14","","","","-2,00","","Brouillard"
"1969-12-09 20:00","1969","12","09","20:00"," ","-2,20","","-3,90","","87,00","","25,00","","8,00","","11,30","","102,14","","","","-5,00","","Généralement dégagé"
"1969-12-09 21:00","1969","12","09","21:00"," ","-1,70","","-2,80","","91,00","","25,00","","5,00","","9,70","","102,12","","","","-4,00","","Brouillard"
"1969-12-09 22:00","1969","12","09","22:00"," ","-2,20","","-2,80","","95,00","","27,00","","2,00","","19,30","","102,15","","","","-3,00","","Généralement dégagé"
"1969-12-09 23:00","1969","12","09","23:00"," ","-2,80","","-3,90","","91,00","","29,00","","2,00","","6,40","","102,15","","","","-4,00","","Brouillard"
"1969-12-10 00:00","1969","12","10","00:00"," ","-2,80","","-3,30","","97,00","","0,00","","0,00","","1,20","","102,19","","","","","","Brouillard"
"1969-12-10 01:00","1969","12","10","01:00"," ","-3,90","","-4,40","","96,00","","0,00","","0,00","","1,20","","102,20","","","","","","Brouillard"
"1969-12-10 02:00","1969","12","10","02:00"," ","-5,00","","-6,10","","90,00","","0,00","","0,00","","0,80","","102,23","","","","","","Brouillard"
"1969-12-10 03:00","1969","12","10","03:00"," ","-4,40","","-5,60","","91,00","","0,00","","0,00","","0,40","","102,21","","","","","","Brouillard"
"1969-12-10 04:00","1969","12","10","04:00"," ","-5,00","","-6,10","","90,00","","0,00","","0,00","","0,20","","102,19","","","","","","Brouillard"
"1969-12-10 05:00","1969","12","10","05:00"," ","-5,00","","-6,10","","90,00","","36,00","","3,00","","0,40","","102,15","","","","-6,00","","Brouillard"
"1969-12-10 06:00","1969","12","10","06:00"," ","-4,40","","-5,60","","91,00","","2,00","","6,00","","0,40","","102,13","","","","-7,00","","Brouillard"
"1969-12-10 07:00","1969","12","10","07:00"," ","-3,90","","-5,00","","91,00","","2,00","","6,00","","0,40","","102,19","","","","-7,00","","Brouillard"
"1969-12-10 08:00","1969","12","10","08:00"," ","-3,90","","-4,40","","94,00","","0,00","","0,00","","0,00","","102,21","","","","","","Brouillard"
"1969-12-10 09:00","1969","12","10","09:00"," ","-3,90","","-5,00","","91,00","","0,00","","0,00","","1,00","","102,26","","","","","","Brouillard"
"1969-12-10 10:00","1969","12","10","10:00"," ","-1,70","","-2,80","","91,00","","5,00","","8,00","","1,60","","102,23","","","","-5,00","","Brouillard"
"1969-12-10 11:00","1969","12","10","11:00"," ","-1,70","","-2,20","","94,00","","5,00","","11,00","","1,20","","102,15","","","","-6,00","","Brouillard"
"1969-12-10 12:00","1969","12","10","12:00"," ","-1,10","","-2,20","","91,00","","7,00","","18,00","","2,40","","102,10","","","","-6,00","","Brouillard"
"1969-12-10 13:00","1969","12","10","13:00"," ","-1,10","","-2,20","","91,00","","7,00","","16,00","","3,20","","102,10","","","","-6,00","","Brouillard"
"1969-12-10 14:00","1969","12","10","14:00"," ","-0,60","","-2,20","","88,00","","7,00","","16,00","","3,20","","102,01","","","","-5,00","","Brouillard"
"1969-12-10 15:00","1969","12","10","15:00"," ","-0,60","","-2,20","","88,00","","5,00","","13,00","","4,80","","101,97","","","","-5,00","","Brouillard"
"1969-12-10 16:00","1969","12","10","16:00"," ","0,00","","-2,20","","86,00","","5,00","","18,00","","4,00","","101,85","","","","-5,00","","Brouillard"
"1969-12-10 17:00","1969","12","10","17:00"," ","0,00","","-1,10","","91,00","","5,00","","19,00","","6,40","","101,78","","","","-5,00","","Brouillard"
"1969-12-10 18:00","1969","12","10","18:00"," ","0,60","","-1,10","","89,00","","5,00","","13,00","","6,40","","101,80","","","","","","Brouillard"
"1969-12-10 19:00","1969","12","10","19:00"," ","1,10","","-1,10","","86,00","","5,00","","23,00","","9,70","","101,64","","","","","","Brouillard"
"1969-12-10 20:00","1969","12","10","20:00"," ","1,10","","-1,10","","86,00","","5,00","","29,00","","9,70","","101,49","","","","","","Brouillard"
"1969-12-10 21:00","1969","12","10","21:00"," ","1,10","","-1,10","","86,00","","7,00","","24,00","","11,30","","101,46","","","","","","Nuageux"
"1969-12-10 22:00","1969","12","10","22:00"," ","1,10","","-1,10","","86,00","","5,00","","27,00","","11,30","","101,29","","","","","","Neige,Granules de glace ou grésil"
"1969-12-10 23:00","1969","12","10","23:00"," ","0,60","","-1,10","","89,00","","5,00","","31,00","","8,00","","101,17","","","","","","Granules de glace ou grésil"
"1969-12-11 00:00","1969","12","11","00:00"," ","0,60","","-1,10","","89,00","","5,00","","34,00","","6,40","","100,95","","","","","","Pluie,Brouillard"
"1969-12-11 01:00","1969","12","11","01:00"," ","0,60","","-0,60","","91,00","","5,00","","40,00","","4,80","","100,62","","","","","","Pluie,Brouillard"
"1969-12-11 02:00","1969","12","11","02:00"," ","0,60","","-0,60","","91,00","","5,00","","40,00","","4,80","","100,33","","","","","","Pluie,Brouillard"
"1969-12-11 03:00","1969","12","11","03:00"," ","1,10","","0,00","","92,00","","5,00","","35,00","","4,80","","100,19","","","","","","Pluie,Brouillard"
"1969-12-11 04:00","1969","12","11","04:00"," ","1,10","","0,00","","92,00","","7,00","","31,00","","6,40","","99,95","","","","","","Pluie,Brouillard"
"1969-12-11 05:00","1969","12","11","05:00"," ","1,70","","0,60","","92,00","","5,00","","35,00","","6,40","","99,72","","","","","","Pluie modérée,Brouillard"
"1969-12-11 06:00","1969","12","11","06:00"," ","1,70","","0,60","","92,00","","5,00","","34,00","","6,40","","99,51","","","","","","Pluie,Brouillard"
"1969-12-11 07:00","1969","12","11","07:00"," ","2,20","","1,10","","92,00","","5,00","","32,00","","9,70","","99,31","","","","","","Pluie,Brouillard"
"1969-12-11 08:00","1969","12","11","08:00"," ","2,20","","1,10","","92,00","","5,00","","23,00","","4,80","","99,09","","","","","","Pluie,Brouillard"
"1969-12-11 09:00","1969","12","11","09:00"," ","2,20","","1,70","","95,00","","5,00","","24,00","","4,80","","98,91","","","","","","Brouillard"
"1969-12-11 10:00","1969","12","11","10:00"," ","2,80","","1,70","","92,00","","5,00","","21,00","","4,80","","98,70","","","","","","Pluie,Brouillard"
"1969-12-11 11:00","1969","12","11","11:00"," ","2,80","","2,20","","95,00","","5,00","","18,00","","1,60","","98,53","","","","","","Pluie,Brouillard"
"1969-12-11 12:00","1969","12","11","12:00"," ","2,80","","2,20","","95,00","","0,00","","0,00","","0,40","","98,51","","","","","","Pluie,Brouillard"
"1969-12-11 13:00","1969","12","11","13:00"," ","3,90","","2,80","","93,00","","25,00","","26,00","","16,10","","98,60","","","","","","Pluie"
"1969-12-11 14:00","1969","12","11","14:00"," ","3,90","","1,10","","83,00","","25,00","","42,00","","40,20","","98,68","","","","","","Nuageux"
"1969-12-11 15:00","1969","12","11","15:00"," ","3,90","","0,00","","75,00","","23,00","","43,00","","32,20","","98,77","","","","","","Nuageux"
"1969-12-11 16:00","1969","12","11","16:00"," ","3,90","","0,00","","75,00","","23,00","","32,00","","32,20","","98,83","","","","","","Nuageux"
"1969-12-11 17:00","1969","12","11","17:00"," ","3,90","","-0,60","","73,00","","23,00","","40,00","","25,00","","98,87","","","","","","Nuageux"
"1969-12-11 18:00","1969","12","11","18:00"," ","3,30","","-0,60","","75,00","","23,00","","40,00","","25,00","","98,91","","","","","","Nuageux"
"1969-12-11 19:00","1969","12","11","19:00"," ","3,30","","-0,60","","75,00","","23,00","","34,00","","25,00","","98,95","","","","","","Nuageux"
"1969-12-11 20:00","1969","12","11","20:00"," ","3,30","","-0,60","","75,00","","23,00","","40,00","","25,00","","99,04","","","","","","Nuageux"
"1969-12-11 21:00","1969","12","11","21:00"," ","3,30","","-0,60","","75,00","","23,00","","37,00","","25,00","","99,07","","","","","","Nuageux"
"1969-12-11 22:00","1969","12","11","22:00"," ","3,30","","-0,60","","75,00","","25,00","","48,00","","25,00","","99,11","","","","","","Pluie"
"1969-12-11 23:00","1969","12","11","23:00"," ","2,20","","0,00","","84,00","","25,00","","26,00","","25,00","","99,19","","","","","","Nuageux"
"1969-12-12 00:00","1969","12","12","00:00"," ","1,10","","-0,60","","89,00","","27,00","","31,00","","8,00","","99,29","","","","","","Neige en grains"
"1969-12-12 01:00","1969","12","12","01:00"," ","1,70","","-0,60","","86,00","","25,00","","32,00","","19,30","","99,35","","","","","","Pluie"
"1969-12-12 02:00","1969","12","12","02:00"," ","2,20","","-1,70","","76,00","","25,00","","37,00","","25,00","","99,45","","","","","","Nuageux"
"1969-12-12 03:00","1969","12","12","03:00"," ","2,20","","-2,80","","68,00","","25,00","","37,00","","25,00","","99,54","","","","","","Nuageux"
"1969-12-12 04:00","1969","12","12","04:00"," ","1,70","","-2,80","","72,00","","25,00","","32,00","","19,30","","99,65","","","","","","Nuageux"
"1969-12-12 05:00","1969","12","12","05:00"," ","1,10","","-2,20","","79,00","","25,00","","29,00","","6,40","","99,75","","","","","","Neige en grains"
"1969-12-12 06:00","1969","12","12","06:00"," ","0,60","","-0,60","","91,00","","25,00","","21,00","","4,80","","99,88","","","","","","Neige en grains"
"1969-12-12 07:00","1969","12","12","07:00"," ","1,10","","-0,60","","89,00","","25,00","","19,00","","19,30","","100,00","","","","","","Averses de neige"
"1969-12-12 08:00","1969","12","12","08:00"," ","1,70","","0,00","","89,00","","25,00","","24,00","","32,20","","100,13","","","","","","Pluie"
"1969-12-12 09:00","1969","12","12","09:00"," ","1,70","","0,00","","89,00","","25,00","","19,00","","32,20","","100,20","","","","","","Nuageux"
"1969-12-12 10:00","1969","12","12","10:00"," ","2,20","","-0,60","","81,00","","25,00","","29,00","","40,20","","100,32","","","","","","Nuageux"
"1969-12-12 11:00","1969","12","12","11:00"," ","2,80","","-1,10","","74,00","","25,00","","31,00","","40,20","","100,34","","","","","","Nuageux"
"1969-12-12 12:00","1969","12","12","12:00"," ","2,80","","-0,60","","79,00","","25,00","","26,00","","40,20","","100,38","","","","","","Nuageux"
"1969-12-12 13:00","1969","12","12","13:00"," ","2,80","","-1,10","","74,00","","25,00","","31,00","","40,20","","100,44","","","","","","Généralement nuageux"
"1969-12-12 14:00","1969","12","12","14:00"," ","2,80","","-0,60","","79,00","","27,00","","19,00","","40,20","","100,52","","","","","","Nuageux"
"1969-12-12 15:00","1969","12","12","15:00"," ","2,20","","-1,70","","76,00","","27,00","","18,00","","40,20","","100,63","","","","","","Généralement nuageux"
"1969-12-12 16:00","1969","12","12","16:00"," ","1,70","","-2,20","","76,00","","27,00","","14,00","","40,20","","100,68","","","","","","Généralement nuageux"
"1969-12-12 17:00","1969","12","12","17:00"," ","1,10","","-2,20","","79,00","","27,00","","13,00","","25,00","","100,74","","","","","","Généralement nuageux"
"1969-12-12 18:00","1969","12","12","18:00"," ","1,10","","-2,20","","79,00","","25,00","","13,00","","25,00","","100,80","","","","","","Nuageux"
"1969-12-12 19:00","1969","12","12","19:00"," ","0,60","","-2,80","","78,00","","25,00","","13,00","","25,00","","100,87","","","","","","Nuageux"
"1969-12-12 20:00","1969","12","12","20:00"," ","-0,60","","-3,90","","79,00","","25,00","","16,00","","25,00","","100,91","","","","-5,00","","Généralement dégagé"
"1969-12-12 21:00","1969","12","12","21:00"," ","0,00","","-3,30","","80,00","","25,00","","16,00","","24,10","","100,96","","","","-5,00","","Averses de neige"
"1969-12-12 22:00","1969","12","12","22:00"," ","0,00","","-3,30","","80,00","","25,00","","13,00","","24,10","","100,96","","","","-4,00","","Averses de neige"
"1969-12-12 23:00","1969","12","12","23:00"," ","-0,60","","-3,90","","79,00","","25,00","","11,00","","25,00","","100,97","","","","-4,00","","Généralement nuageux"
"1969-12-13 00:00","1969","12","13","00:00"," ","0,00","","-3,30","","77,00","","25,00","","13,00","","25,00","","100,96","","","","-4,00","","Généralement nuageux"
"1969-12-13 01:00","1969","12","13","01:00"," ","0,00","","-3,30","","77,00","","25,00","","8,00","","25,00","","100,99","","","","-3,00","","Averses de neige"
"1969-12-13 02:00","1969","12","13","02:00"," ","0,60","","-3,30","","75,00","","27,00","","19,00","","25,00","","100,98","","","","","","Généralement nuageux"
"1969-12-13 03:00","1969","12","13","03:00"," ","-0,60","","-3,30","","82,00","","25,00","","14,00","","25,00","","101,01","","","","-5,00","","Généralement nuageux"
"1969-12-13 04:00","1969","12","13","04:00"," ","-1,10","","-4,40","","77,00","","27,00","","13,00","","25,00","","101,02","","","","-5,00","","Généralement nuageux"
"1969-12-13 05:00","1969","12","13","05:00"," ","-1,10","","-4,40","","77,00","","25,00","","14,00","","25,00","","101,05","","","","-6,00","","Averses de neige"
"1969-12-13 06:00","1969","12","13","06:00"," ","-1,10","","-5,00","","74,00","","25,00","","18,00","","24,10","","101,10","","","","-6,00","","Averses de neige"
"1969-12-13 07:00","1969","12","13","07:00"," ","-1,10","","-5,60","","71,00","","25,00","","18,00","","25,00","","101,15","","","","-6,00","","Averses de neige"
"1969-12-13 08:00","1969","12","13","08:00"," ","-1,70","","-7,20","","65,00","","25,00","","24,00","","32,20","","101,19","","","","-8,00","","Généralement nuageux"
"1969-12-13 09:00","1969","12","13","09:00"," ","-2,20","","-5,60","","77,00","","25,00","","18,00","","32,20","","101,23","","","","-8,00","","Généralement nuageux"
"1969-12-13 10:00","1969","12","13","10:00"," ","-3,30","","-7,20","","74,00","","23,00","","19,00","","24,10","","101,28","","","","-9,00","","Généralement dégagé"
"1969-12-13 11:00","1969","12","13","11:00"," ","-2,80","","-7,20","","71,00","","23,00","","24,00","","24,10","","101,27","","","","-9,00","","Généralement nuageux"
"1969-12-13 12:00","1969","12","13","12:00"," ","-2,20","","-7,20","","68,00","","27,00","","26,00","","32,20","","101,19","","","","-9,00","","Généralement nuageux"
"1969-12-13 13:00","1969","12","13","13:00"," ","-1,10","","-8,30","","58,00","","27,00","","23,00","","40,20","","101,10","","","","-7,00","","Généralement nuageux"
"1969-12-13 14:00","1969","12","13","14:00"," ","-0,60","","-7,80","","59,00","","27,00","","23,00","","48,30","","101,09","","","","-6,00","","Généralement dégagé"
"1969-12-13 15:00","1969","12","13","15:00"," ","-1,70","","-8,30","","60,00","","27,00","","16,00","","48,30","","101,12","","","","-7,00","","Généralement dégagé"
"1969-12-13 16:00","1969","12","13","16:00"," ","-2,20","","-8,90","","60,00","","25,00","","16,00","","25,00","","101,10","","","","-7,00","","Généralement dégagé"
"1969-12-13 17:00","1969","12","13","17:00"," ","-3,90","","-8,30","","70,00","","27,00","","13,00","","24,10","","101,10","","","","-9,00","","Généralement dégagé"
"1969-12-13 18:00","1969","12","13","18:00"," ","-4,40","","-7,80","","76,00","","25,00","","6,00","","25,00","","101,11","","","","-7,00","","Généralement nuageux"
"1969-12-13 19:00","1969","12","13","19:00"," ","-3,90","","-7,80","","74,00","","0,00","","0,00","","25,00","","101,11","","","","","","Généralement dégagé"
"1969-12-13 20:00","1969","12","13","20:00"," ","-3,90","","-8,30","","70,00","","0,00","","0,00","","25,00","","101,08","","","","","","Généralement dégagé"
"1969-12-13 21:00","1969","12","13","21:00"," ","-4,40","","-7,80","","76,00","","0,00","","0,00","","25,00","","101,03","","","","","","Généralement dégagé"
"1969-12-13 22:00","1969","12","13","22:00"," ","-5,00","","-8,90","","73,00","","0,00","","0,00","","25,00","","100,98","","","","","","Dégagé"
"1969-12-13 23:00","1969","12","13","23:00"," ","-5,60","","-8,90","","76,00","","0,00","","0,00","","25,00","","100,92","","","","","","Dégagé"
"1969-12-14 00:00","1969","12","14","00:00"," ","-6,10","","-9,40","","77,00","","36,00","","6,00","","25,00","","100,91","","","","-9,00","","Généralement dégagé"
"1969-12-14 01:00","1969","12","14","01:00"," ","-6,10","","-9,40","","77,00","","2,00","","6,00","","25,00","","100,88","","","","-9,00","","Généralement nuageux"
"1969-12-14 02:00","1969","12","14","02:00"," ","-6,10","","-8,90","","79,00","","2,00","","5,00","","25,00","","100,85","","","","-9,00","","Généralement dégagé"
"1969-12-14 03:00","1969","12","14","03:00"," ","-6,70","","-9,40","","79,00","","5,00","","6,00","","25,00","","100,85","","","","-10,00","","Généralement dégagé"
"1969-12-14 04:00","1969","12","14","04:00"," ","-5,60","","-8,90","","76,00","","2,00","","6,00","","25,00","","100,78","","","","-8,00","","Généralement dégagé"
"1969-12-14 05:00","1969","12","14","05:00"," ","-6,10","","-8,90","","79,00","","2,00","","6,00","","25,00","","100,72","","","","-9,00","","Dégagé"
"1969-12-14 06:00","1969","12","14","06:00"," ","-6,10","","-8,90","","79,00","","2,00","","5,00","","25,00","","100,72","","","","-9,00","","Généralement dégagé"
"1969-12-14 07:00","1969","12","14","07:00"," ","-7,20","","-9,40","","83,00","","36,00","","8,00","","19,30","","100,70","","","","-11,00","","Généralement dégagé"
"1969-12-14 08:00","1969","12","14","08:00"," ","-7,20","","-9,40","","83,00","","36,00","","10,00","","12,90","","100,69","","","","-12,00","","Généralement nuageux"
"1969-12-14 09:00","1969","12","14","09:00"," ","-6,10","","-8,90","","79,00","","2,00","","14,00","","11,30","","100,66","","","","-12,00","","Généralement nuageux"
"1969-12-14 10:00","1969","12","14","10:00"," ","-5,00","","-7,20","","83,00","","5,00","","19,00","","4,80","","100,67","","","","-11,00","","Brume sèche"
"1969-12-14 11:00","1969","12","14","11:00"," ","-3,30","","-6,10","","80,00","","2,00","","13,00","","4,80","","100,63","","","","-8,00","","Brume sèche"
"1969-12-14 12:00","1969","12","14","12:00"," ","-2,80","","-6,10","","77,00","","5,00","","13,00","","6,40","","100,54","","","","-7,00","","Brume sèche"
"1969-12-14 13:00","1969","12","14","13:00"," ","-2,20","","-5,60","","77,00","","5,00","","19,00","","6,40","","100,47","","","","-8,00","","Brume sèche"
"1969-12-14 14:00","1969","12","14","14:00"," ","-2,20","","-5,60","","77,00","","2,00","","19,00","","8,00","","100,43","","","","-8,00","","Brume sèche"
"1969-12-14 15:00","1969","12","14","15:00"," ","-1,70","","-6,70","","68,00","","2,00","","19,00","","9,70","","100,42","","","","-7,00","","Brume sèche"
"1969-12-14 16:00","1969","12","14","16:00"," ","-1,70","","-6,70","","68,00","","2,00","","19,00","","12,90","","100,44","","","","-7,00","","Généralement nuageux"
"1969-12-14 17:00","1969","12","14","17:00"," ","-2,20","","-6,70","","71,00","","5,00","","19,00","","16,10","","100,46","","","","-8,00","","Nuageux"
"1969-12-14 18:00","1969","12","14","18:00"," ","-2,80","","-6,70","","74,00","","5,00","","23,00","","19,30","","100,47","","","","-9,00","","Nuageux"
"1969-12-14 19:00","1969","12","14","19:00"," ","-2,20","","-7,20","","68,00","","5,00","","19,00","","24,10","","100,48","","","","-8,00","","Nuageux"
"1969-12-14 20:00","1969","12","14","20:00"," ","-2,80","","-7,80","","67,00","","5,00","","19,00","","24,10","","100,45","","","","-9,00","","Nuageux"
"1969-12-14 21:00","1969","12","14","21:00"," ","-3,30","","-7,20","","74,00","","2,00","","16,00","","24,10","","100,45","","","","-9,00","","Nuageux"
"1969-12-14 22:00","1969","12","14","22:00"," ","-3,90","","-7,20","","77,00","","2,00","","18,00","","24,10","","100,46","","","","-10,00","","Nuageux"
"1969-12-14 23:00","1969","12","14","23:00"," ","-4,40","","-7,20","","79,00","","2,00","","13,00","","24,10","","100,51","","","","-9,00","","Nuageux"
"1969-12-15 00:00","1969","12","15","00:00"," ","-5,00","","-7,20","","83,00","","2,00","","16,00","","25,00","","100,52","","","","-11,00","","Généralement nuageux"
"1969-12-15 01:00","1969","12","15","01:00"," ","-5,00","","-7,80","","80,00","","2,00","","18,00","","16,10","","100,50","","","","-11,00","","Généralement nuageux"
"1969-12-15 02:00","1969","12","15","02:00"," ","-4,40","","-7,20","","79,00","","2,00","","21,00","","16,10","","100,47","","","","-11,00","","Nuageux"
"1969-12-15 03:00","1969","12","15","03:00"," ","-3,90","","-6,70","","79,00","","2,00","","19,00","","16,10","","100,44","","","","-10,00","","Nuageux"
"1969-12-15 04:00","1969","12","15","04:00"," ","-3,90","","-7,20","","77,00","","2,00","","23,00","","16,10","","100,43","","","","-11,00","","Nuageux"
"1969-12-15 05:00","1969","12","15","05:00"," ","-3,90","","-7,80","","74,00","","36,00","","18,00","","16,10","","100,44","","","","-10,00","","Nuageux"
"1969-12-15 06:00","1969","12","15","06:00"," ","-3,90","","-8,30","","70,00","","36,00","","16,00","","16,10","","100,47","","","","-9,00","","Nuageux"
"1969-12-15 07:00","1969","12","15","07:00"," ","-4,40","","-8,30","","74,00","","36,00","","21,00","","16,10","","100,52","","","","-11,00","","Nuageux"
"1969-12-15 08:00","1969","12","15","08:00"," ","-3,90","","-8,30","","70,00","","36,00","","16,00","","24,10","","100,60","","","","-9,00","","Neige"
"1969-12-15 09:00","1969","12","15","09:00"," ","-3,90","","-8,30","","70,00","","36,00","","23,00","","32,20","","100,65","","","","-11,00","","Nuageux"
"1969-12-15 10:00","1969","12","15","10:00"," ","-3,90","","-8,90","","67,00","","36,00","","19,00","","32,20","","100,68","","","","-10,00","","Généralement nuageux"
"1969-12-15 11:00","1969","12","15","11:00"," ","-3,30","","-8,90","","64,00","","36,00","","19,00","","32,20","","100,70","","","","-9,00","","Généralement nuageux"
"1969-12-15 12:00","1969","12","15","12:00"," ","-2,20","","-8,90","","60,00","","36,00","","16,00","","32,20","","100,67","","","","-7,00","","Généralement nuageux"
"1969-12-15 13:00","1969","12","15","13:00"," ","-2,20","","-8,90","","60,00","","32,00","","11,00","","40,20","","100,61","","","","-6,00","","Généralement nuageux"
"1969-12-15 14:00","1969","12","15","14:00"," ","-2,20","","-8,90","","60,00","","34,00","","11,00","","40,20","","100,60","","","","-6,00","","Généralement nuageux"
"1969-12-15 15:00","1969","12","15","15:00"," ","-2,20","","-8,90","","60,00","","29,00","","6,00","","48,30","","100,67","","","","-5,00","","Nuageux"
"1969-12-15 16:00","1969","12","15","16:00"," ","-2,20","","-8,30","","62,00","","34,00","","6,00","","32,20","","100,68","","","","-5,00","","Généralement nuageux"
"1969-12-15 17:00","1969","12","15","17:00"," ","-5,00","","-8,90","","73,00","","29,00","","10,00","","25,00","","100,78","","","","-9,00","","Généralement dégagé"
"1969-12-15 18:00","1969","12","15","18:00"," ","-5,00","","-8,90","","73,00","","27,00","","11,00","","25,00","","100,83","","","","-10,00","","Généralement nuageux"
"1969-12-15 19:00","1969","12","15","19:00"," ","-3,90","","-9,40","","65,00","","29,00","","16,00","","25,00","","100,91","","","","-9,00","","Généralement nuageux"
"1969-12-15 20:00","1969","12","15","20:00"," ","-5,00","","-9,40","","70,00","","32,00","","13,00","","25,00","","100,95","","","","-10,00","","Généralement nuageux"
"1969-12-15 21:00","1969","12","15","21:00"," ","-4,40","","-10,00","","65,00","","32,00","","13,00","","25,00","","100,99","","","","-9,00","","Généralement nuageux"
"1969-12-15 22:00","1969","12","15","22:00"," ","-5,00","","-10,00","","67,00","","32,00","","11,00","","25,00","","101,00","","","","-10,00","","Généralement nuageux"
"1969-12-15 23:00","1969","12","15","23:00"," ","-5,00","","-10,00","","67,00","","32,00","","10,00","","25,00","","101,04","","","","-9,00","","Généralement nuageux"
"1969-12-16 00:00","1969","12","16","00:00"," ","-5,60","","-10,60","","67,00","","32,00","","10,00","","25,00","","101,05","","","","-10,00","","Généralement nuageux"
"1969-12-16 01:00","1969","12","16","01:00"," ","-6,70","","-10,60","","73,00","","32,00","","11,00","","25,00","","101,07","","","","-12,00","","Généralement nuageux"
"1969-12-16 02:00","1969","12","16","02:00"," ","-6,10","","-11,10","","67,00","","32,00","","11,00","","25,00","","101,12","","","","-11,00","","Nuageux"
"1969-12-16 03:00","1969","12","16","03:00"," ","-6,70","","-11,10","","69,00","","32,00","","11,00","","25,00","","101,16","","","","-12,00","","Généralement nuageux"
"1969-12-16 04:00","1969","12","16","04:00"," ","-7,80","","-11,10","","76,00","","29,00","","8,00","","25,00","","101,18","","","","-12,00","","Neige"
"1969-12-16 05:00","1969","12","16","05:00"," ","-8,30","","-11,10","","79,00","","29,00","","6,00","","25,00","","101,25","","","","-12,00","","Généralement dégagé"
"1969-12-16 06:00","1969","12","16","06:00"," ","-8,30","","-11,10","","79,00","","29,00","","5,00","","25,00","","101,32","","","","-11,00","","Neige"
"1969-12-16 07:00","1969","12","16","07:00"," ","-8,90","","-12,20","","76,00","","29,00","","6,00","","25,00","","101,39","","","","-12,00","","Généralement dégagé"
"1969-12-16 08:00","1969","12","16","08:00"," ","-8,90","","-11,70","","79,00","","27,00","","8,00","","32,20","","101,45","","","","-13,00","","Généralement nuageux"
"1969-12-16 09:00","1969","12","16","09:00"," ","-7,80","","-11,10","","76,00","","27,00","","14,00","","32,20","","101,48","","","","-14,00","","Averses de neige"
"1969-12-16 10:00","1969","12","16","10:00"," ","-6,70","","-11,10","","69,00","","27,00","","13,00","","32,20","","101,51","","","","-12,00","","Généralement nuageux"
"1969-12-16 11:00","1969","12","16","11:00"," ","-5,60","","-10,60","","67,00","","25,00","","19,00","","40,20","","101,49","","","","-12,00","","Généralement nuageux"
"1969-12-16 12:00","1969","12","16","12:00"," ","-5,60","","-10,60","","67,00","","25,00","","18,00","","40,20","","101,48","","","","-12,00","","Généralement nuageux"
"1969-12-16 13:00","1969","12","16","13:00"," ","-3,90","","-10,60","","59,00","","27,00","","19,00","","40,20","","101,43","","","","-10,00","","Généralement nuageux"
"1969-12-16 14:00","1969","12","16","14:00"," ","-3,90","","-10,60","","59,00","","25,00","","19,00","","40,20","","101,43","","","","-10,00","","Généralement nuageux"
"1969-12-16 15:00","1969","12","16","15:00"," ","-3,90","","-10,00","","62,00","","25,00","","21,00","","40,20","","101,49","","","","-10,00","","Généralement nuageux"
"1969-12-16 16:00","1969","12","16","16:00"," ","-3,90","","-9,40","","65,00","","25,00","","21,00","","40,20","","101,51","","","","-10,00","","Généralement nuageux"
"1969-12-16 17:00","1969","12","16","17:00"," ","-4,40","","-9,40","","67,00","","27,00","","16,00","","25,00","","101,60","","","","-10,00","","Généralement nuageux"
"1969-12-16 18:00","1969","12","16","18:00"," ","-5,60","","-10,00","","70,00","","27,00","","14,00","","25,00","","101,63","","","","-11,00","","Généralement dégagé"
"1969-12-16 19:00","1969","12","16","19:00"," ","-6,70","","-10,00","","76,00","","29,00","","13,00","","25,00","","101,70","","","","-12,00","","Généralement dégagé"
"1969-12-16 20:00","1969","12","16","20:00"," ","-7,20","","-11,10","","73,00","","29,00","","14,00","","25,00","","101,71","","","","-13,00","","Dégagé"
"1969-12-16 21:00","1969","12","16","21:00"," ","-7,80","","-11,70","","75,00","","32,00","","13,00","","25,00","","101,72","","","","-14,00","","Dégagé"
"1969-12-16 22:00","1969","12","16","22:00"," ","-9,40","","-12,20","","79,00","","29,00","","8,00","","25,00","","101,74","","","","-14,00","","Dégagé"
"1969-12-16 23:00","1969","12","16","23:00"," ","-10,00","","-12,20","","83,00","","29,00","","10,00","","25,00","","101,75","","","","-15,00","","Dégagé"
"1969-12-17 00:00","1969","12","17","00:00"," ","-10,00","","-12,80","","78,00","","29,00","","6,00","","25,00","","101,75","","","","-14,00","","Dégagé"
"1969-12-17 01:00","1969","12","17","01:00"," ","-9,40","","-12,20","","79,00","","27,00","","3,00","","25,00","","101,74","","","","-11,00","","Dégagé"
"1969-12-17 02:00","1969","12","17","02:00"," ","-10,00","","-11,70","","86,00","","27,00","","2,00","","25,00","","101,80","","","","-11,00","","Dégagé"
"1969-12-17 03:00","1969","12","17","03:00"," ","-10,00","","-11,70","","86,00","","0,00","","0,00","","25,00","","101,86","","","","","","Dégagé"
"1969-12-17 04:00","1969","12","17","04:00"," ","-10,00","","-11,70","","86,00","","0,00","","0,00","","25,00","","101,87","","","","","","Dégagé"
"1969-12-17 05:00","1969","12","17","05:00"," ","-11,10","","-12,80","","86,00","","25,00","","3,00","","25,00","","101,91","","","","-13,00","","Dégagé"
"1969-12-17 06:00","1969","12","17","06:00"," ","-11,10","","-12,80","","86,00","","27,00","","3,00","","25,00","","101,96","","","","-13,00","","Dégagé"
"1969-12-17 07:00","1969","12","17","07:00"," ","-11,10","","-12,80","","86,00","","0,00","","0,00","","25,00","","102,00","","","","","","Généralement dégagé"
"1969-12-17 08:00","1969","12","17","08:00"," ","-11,10","","-12,80","","86,00","","27,00","","3,00","","24,10","","102,02","","","","-13,00","","Généralement dégagé"
"1969-12-17 09:00","1969","12","17","09:00"," ","-10,00","","-11,70","","86,00","","29,00","","3,00","","24,10","","102,08","","","","-12,00","","Généralement dégagé"
"1969-12-17 10:00","1969","12","17","10:00"," ","-8,30","","-11,10","","79,00","","29,00","","11,00","","32,20","","102,11","","","","-14,00","","Généralement dégagé"
"1969-12-17 11:00","1969","12","17","11:00"," ","-7,80","","-10,60","","79,00","","27,00","","18,00","","32,20","","102,08","","","","-15,00","","Généralement nuageux"
"1969-12-17 12:00","1969","12","17","12:00"," ","-7,80","","-10,60","","79,00","","25,00","","10,00","","32,20","","102,06","","","","-13,00","","Neige"
"1969-12-17 13:00","1969","12","17","13:00"," ","-6,70","","-10,60","","73,00","","25,00","","14,00","","32,20","","102,04","","","","-12,00","","Neige"
"1969-12-17 14:00","1969","12","17","14:00"," ","-7,20","","-10,60","","76,00","","25,00","","13,00","","24,10","","102,04","","","","-13,00","","Averses de neige"
"1969-12-17 15:00","1969","12","17","15:00"," ","-7,20","","-10,60","","76,00","","25,00","","19,00","","32,20","","102,09","","","","-14,00","","Généralement nuageux"
"1969-12-17 16:00","1969","12","17","16:00"," ","-8,30","","-11,70","","75,00","","27,00","","11,00","","40,20","","102,14","","","","-14,00","","Généralement nuageux"
"1969-12-17 17:00","1969","12","17","17:00"," ","-9,40","","-12,20","","79,00","","27,00","","10,00","","25,00","","102,16","","","","-15,00","","Généralement dégagé"
"1969-12-17 18:00","1969","12","17","18:00"," ","-10,60","","-12,80","","82,00","","27,00","","5,00","","25,00","","102,18","","","","-14,00","","Généralement dégagé"
"1969-12-17 19:00","1969","12","17","19:00"," ","-10,00","","-12,20","","83,00","","0,00","","0,00","","25,00","","102,21","","","","","","Généralement dégagé"
"1969-12-17 20:00","1969","12","17","20:00"," ","-10,60","","-12,80","","82,00","","25,00","","6,00","","25,00","","102,23","","","","-14,00","","Généralement dégagé"
"1969-12-17 21:00","1969","12","17","21:00"," ","-10,60","","-13,30","","79,00","","25,00","","5,00","","25,00","","102,23","","","","-14,00","","Généralement dégagé"
"1969-12-17 22:00","1969","12","17","22:00"," ","-10,60","","-13,30","","79,00","","25,00","","8,00","","25,00","","102,21","","","","-15,00","","Généralement dégagé"
"1969-12-17 23:00","1969","12","17","23:00"," ","-10,60","","-13,30","","79,00","","0,00","","0,00","","25,00","","102,20","","","","","","Dégagé"
"1969-12-18 00:00","1969","12","18","00:00"," ","-11,10","","-13,30","","83,00","","25,00","","6,00","","25,00","","102,20","","","","-15,00","","Dégagé"
"1969-12-18 01:00","1969","12","18","01:00"," ","-10,60","","-13,30","","79,00","","27,00","","6,00","","25,00","","102,22","","","","-14,00","","Généralement dégagé"
"1969-12-18 02:00","1969","12","18","02:00"," ","-10,60","","-12,80","","82,00","","25,00","","5,00","","25,00","","102,23","","","","-14,00","","Généralement dégagé"
"1969-12-18 03:00","1969","12","18","03:00"," ","-11,10","","-12,80","","86,00","","25,00","","8,00","","25,00","","102,21","","","","-16,00","","Dégagé"
"1969-12-18 04:00","1969","12","18","04:00"," ","-11,70","","-13,90","","82,00","","25,00","","8,00","","25,00","","102,20","","","","-16,00","","Généralement dégagé"
"1969-12-18 05:00","1969","12","18","05:00"," ","-11,70","","-13,90","","82,00","","25,00","","5,00","","25,00","","102,17","","","","-15,00","","Généralement dégagé"
"1969-12-18 06:00","1969","12","18","06:00"," ","-11,70","","-13,90","","82,00","","25,00","","5,00","","25,00","","102,21","","","","-15,00","","Généralement dégagé"
"1969-12-18 07:00","1969","12","18","07:00"," ","-11,10","","-13,30","","83,00","","27,00","","6,00","","25,00","","102,17","","","","-15,00","","Généralement dégagé"
"1969-12-18 08:00","1969","12","18","08:00"," ","-10,60","","-12,20","","87,00","","0,00","","0,00","","9,70","","102,16","","","","","","Brume sèche"
"1969-12-18 09:00","1969","12","18","09:00"," ","-9,40","","-11,70","","82,00","","29,00","","3,00","","8,00","","102,16","","","","-11,00","","Brume sèche"
"1969-12-18 10:00","1969","12","18","10:00"," ","-8,30","","-10,60","","82,00","","2,00","","3,00","","6,40","","102,09","","","","-10,00","","Fumée,Brume sèche"
"1969-12-18 11:00","1969","12","18","11:00"," ","-6,70","","-8,90","","83,00","","2,00","","3,00","","6,40","","101,98","","","","-8,00","","Fumée,Brume sèche"
"1969-12-18 12:00","1969","12","18","12:00"," ","-5,00","","-9,40","","70,00","","2,00","","2,00","","4,80","","101,84","","","","-6,00","","Brume sèche"
"1969-12-18 13:00","1969","12","18","13:00"," ","-4,40","","-9,40","","67,00","","9,00","","10,00","","8,00","","101,70","","","","-9,00","","Brume sèche"
"1969-12-18 14:00","1969","12","18","14:00"," ","-3,30","","-8,30","","67,00","","11,00","","11,00","","12,90","","101,56","","","","-8,00","","Généralement nuageux"
"1969-12-18 15:00","1969","12","18","15:00"," ","-3,30","","-8,30","","67,00","","11,00","","11,00","","12,90","","101,47","","","","-8,00","","Nuageux"
"1969-12-18 16:00","1969","12","18","16:00"," ","-3,90","","-7,80","","74,00","","14,00","","14,00","","16,10","","101,43","","","","-9,00","","Nuageux"
"1969-12-18 17:00","1969","12","18","17:00"," ","-4,40","","-8,90","","70,00","","9,00","","11,00","","16,10","","101,33","","","","-9,00","","Nuageux"
"1969-12-18 18:00","1969","12","18","18:00"," ","-4,40","","-10,00","","65,00","","9,00","","10,00","","19,30","","101,23","","","","-9,00","","Nuageux"
"1969-12-18 19:00","1969","12","18","19:00"," ","-3,90","","-9,40","","65,00","","9,00","","13,00","","19,30","","101,12","","","","-9,00","","Nuageux"
"1969-12-18 20:00","1969","12","18","20:00"," ","-4,40","","-10,00","","65,00","","9,00","","14,00","","16,10","","101,03","","","","-10,00","","Nuageux"
"1969-12-18 21:00","1969","12","18","21:00"," ","-4,40","","-9,40","","67,00","","9,00","","11,00","","8,00","","100,94","","","","-9,00","","Neige"
"1969-12-18 22:00","1969","12","18","22:00"," ","-5,60","","-7,80","","84,00","","5,00","","16,00","","9,70","","100,83","","","","-12,00","","Neige"
"1969-12-18 23:00","1969","12","18","23:00"," ","-5,60","","-7,80","","84,00","","7,00","","11,00","","6,40","","100,76","","","","-10,00","","Neige"
"1969-12-19 00:00","1969","12","19","00:00"," ","-5,00","","-7,80","","80,00","","7,00","","16,00","","2,40","","100,64","","","","-11,00","","Neige"
"1969-12-19 01:00","1969","12","19","01:00"," ","-5,00","","-7,20","","83,00","","7,00","","19,00","","2,80","","100,53","","","","-11,00","","Neige"
"1969-12-19 02:00","1969","12","19","02:00"," ","-5,00","","-7,80","","80,00","","7,00","","14,00","","4,00","","100,43","","","","-10,00","","Neige"
"1969-12-19 03:00","1969","12","19","03:00"," ","-5,00","","-7,20","","83,00","","5,00","","16,00","","4,80","","100,35","","","","-11,00","","Neige"
"1969-12-19 04:00","1969","12","19","04:00"," ","-5,60","","-7,20","","87,00","","2,00","","18,00","","4,80","","100,24","","","","-12,00","","Neige"
"1969-12-19 05:00","1969","12","19","05:00"," ","-5,00","","-7,20","","83,00","","2,00","","14,00","","2,40","","100,17","","","","-10,00","","Neige"
"1969-12-19 06:00","1969","12","19","06:00"," ","-5,00","","-6,70","","87,00","","2,00","","13,00","","2,40","","100,16","","","","-10,00","","Neige"
"1969-12-19 07:00","1969","12","19","07:00"," ","-5,60","","-7,20","","87,00","","36,00","","11,00","","6,40","","100,17","","","","-10,00","","Neige"
"1969-12-19 08:00","1969","12","19","08:00"," ","-6,10","","-7,80","","87,00","","36,00","","14,00","","6,40","","100,18","","","","-12,00","","Neige"
"1969-12-19 09:00","1969","12","19","09:00"," ","-6,10","","-8,30","","83,00","","36,00","","14,00","","6,40","","100,21","","","","-12,00","","Neige"
"1969-12-19 10:00","1969","12","19","10:00"," ","-5,60","","-7,80","","84,00","","36,00","","13,00","","4,80","","100,25","","","","-11,00","","Neige"
"1969-12-19 11:00","1969","12","19","11:00"," ","-5,00","","-7,80","","80,00","","36,00","","11,00","","6,40","","100,23","","","","-10,00","","Neige"
"1969-12-19 12:00","1969","12","19","12:00"," ","-4,40","","-7,80","","76,00","","34,00","","14,00","","6,40","","100,17","","","","-10,00","","Neige"
"1969-12-19 13:00","1969","12","19","13:00"," ","-4,40","","-7,80","","76,00","","32,00","","13,00","","8,00","","100,17","","","","-9,00","","Neige"
"1969-12-19 14:00","1969","12","19","14:00"," ","-4,40","","-7,20","","79,00","","27,00","","11,00","","4,00","","100,18","","","","-9,00","","Neige"
"1969-12-19 15:00","1969","12","19","15:00"," ","-4,40","","-6,70","","83,00","","27,00","","11,00","","4,80","","100,20","","","","-9,00","","Neige"
"1969-12-19 16:00","1969","12","19","16:00"," ","-3,90","","-6,70","","79,00","","27,00","","16,00","","8,00","","100,23","","","","-9,00","","Neige"
"1969-12-19 17:00","1969","12","19","17:00"," ","-4,40","","-7,20","","79,00","","27,00","","19,00","","11,30","","100,26","","","","-11,00","","Neige"
"1969-12-19 18:00","1969","12","19","18:00"," ","-5,60","","-7,80","","84,00","","27,00","","19,00","","6,40","","100,28","","","","-12,00","","Neige"
"1969-12-19 19:00","1969","12","19","19:00"," ","-6,10","","-8,30","","83,00","","27,00","","14,00","","6,40","","100,30","","","","-12,00","","Neige"
"1969-12-19 20:00","1969","12","19","20:00"," ","-7,20","","-8,90","","87,00","","27,00","","13,00","","11,30","","100,30","","","","-13,00","","Nuageux"
"1969-12-19 21:00","1969","12","19","21:00"," ","-6,70","","-8,30","","87,00","","27,00","","10,00","","12,90","","100,28","","","","-11,00","","Généralement nuageux"
"1969-12-19 22:00","1969","12","19","22:00"," ","-7,80","","-8,90","","90,00","","27,00","","5,00","","4,80","","100,25","","","","-10,00","","Neige"
"1969-12-19 23:00","1969","12","19","23:00"," ","-6,70","","-8,30","","87,00","","27,00","","11,00","","6,40","","100,26","","","","-12,00","","Neige"
"1969-12-20 00:00","1969","12","20","00:00"," ","-6,70","","-8,90","","83,00","","32,00","","10,00","","8,00","","100,23","","","","-11,00","","Neige"
"1969-12-20 01:00","1969","12","20","01:00"," ","-6,70","","-8,90","","83,00","","27,00","","6,00","","12,90","","100,22","","","","-10,00","","Neige"
"1969-12-20 02:00","1969","12","20","02:00"," ","-6,70","","-8,90","","83,00","","29,00","","6,00","","16,10","","100,22","","","","-10,00","","Généralement nuageux"
"1969-12-20 03:00","1969","12","20","03:00"," ","-7,20","","-9,40","","83,00","","29,00","","8,00","","19,30","","100,26","","","","-11,00","","Nuageux"
"1969-12-20 04:00","1969","12","20","04:00"," ","-7,80","","-8,90","","90,00","","27,00","","2,00","","12,90","","100,31","","","","-9,00","","Neige"
"1969-12-20 05:00","1969","12","20","05:00"," ","-7,80","","-8,90","","90,00","","27,00","","8,00","","16,10","","100,35","","","","-12,00","","Neige"
"1969-12-20 06:00","1969","12","20","06:00"," ","-6,70","","-8,30","","87,00","","29,00","","8,00","","16,10","","100,39","","","","-11,00","","Neige"
"1969-12-20 07:00","1969","12","20","07:00"," ","-6,70","","-8,90","","83,00","","29,00","","8,00","","16,10","","100,46","","","","-11,00","","Nuageux"
"1969-12-20 08:00","1969","12","20","08:00"," ","-7,20","","-10,60","","76,00","","29,00","","8,00","","24,10","","100,56","","","","-11,00","","Nuageux"
"1969-12-20 09:00","1969","12","20","09:00"," ","-6,70","","-10,60","","73,00","","29,00","","11,00","","24,10","","100,64","","","","-12,00","","Nuageux"
"1969-12-20 10:00","1969","12","20","10:00"," ","-6,10","","-11,10","","67,00","","27,00","","14,00","","24,10","","100,72","","","","-12,00","","Nuageux"
"1969-12-20 11:00","1969","12","20","11:00"," ","-6,70","","-10,60","","73,00","","27,00","","19,00","","24,10","","100,73","","","","-14,00","","Généralement nuageux"
"1969-12-20 12:00","1969","12","20","12:00"," ","-7,20","","-11,70","","69,00","","27,00","","24,00","","32,20","","100,71","","","","-15,00","","Généralement dégagé"
"1969-12-20 13:00","1969","12","20","13:00"," ","-7,80","","-12,20","","69,00","","27,00","","24,00","","32,20","","100,71","","","","-16,00","","Généralement dégagé"
"1969-12-20 14:00","1969","12","20","14:00"," ","-7,80","","-12,80","","67,00","","25,00","","23,00","","32,20","","100,79","","","","-16,00","","Généralement dégagé"
"1969-12-20 15:00","1969","12","20","15:00"," ","-8,30","","-13,30","","67,00","","25,00","","24,00","","32,20","","100,84","","","","-16,00","","Généralement dégagé"
"1969-12-20 16:00","1969","12","20","16:00"," ","-9,40","","-13,90","","69,00","","25,00","","32,00","","32,20","","100,93","","","","-19,00","","Généralement dégagé"
"1969-12-20 17:00","1969","12","20","17:00"," ","-10,60","","-14,40","","73,00","","25,00","","26,00","","32,20","","100,98","","","","-20,00","","Généralement dégagé"
"1969-12-20 18:00","1969","12","20","18:00"," ","-11,10","","-15,00","","72,00","","25,00","","27,00","","25,00","","101,11","","","","-21,00","","Généralement dégagé"
"1969-12-20 19:00","1969","12","20","19:00"," ","-11,70","","-15,60","","72,00","","25,00","","24,00","","25,00","","101,18","","","","-21,00","","Généralement dégagé"
"1969-12-20 20:00","1969","12","20","20:00"," ","-12,20","","-15,60","","75,00","","25,00","","14,00","","25,00","","101,18","","","","-19,00","","Généralement dégagé"
"1969-12-20 21:00","1969","12","20","21:00"," ","-10,60","","-14,40","","73,00","","25,00","","16,00","","25,00","","101,22","","","","-18,00","","Généralement nuageux"
"1969-12-20 22:00","1969","12","20","22:00"," ","-11,70","","-15,60","","72,00","","25,00","","11,00","","25,00","","101,24","","","","-18,00","","Généralement dégagé"
"1969-12-20 23:00","1969","12","20","23:00"," ","-11,70","","-15,00","","76,00","","27,00","","8,00","","25,00","","101,22","","","","-16,00","","Généralement dégagé"
"1969-12-21 00:00","1969","12","21","00:00"," ","-12,20","","-15,00","","78,00","","27,00","","6,00","","25,00","","101,23","","","","-16,00","","Généralement dégagé"
"1969-12-21 01:00","1969","12","21","01:00"," ","-13,30","","-15,60","","82,00","","27,00","","5,00","","24,10","","101,19","","","","-17,00","","Généralement dégagé"
"1969-12-21 02:00","1969","12","21","02:00"," ","-11,70","","-15,00","","76,00","","0,00","","0,00","","24,10","","101,19","","","","","","Généralement nuageux"
"1969-12-21 03:00","1969","12","21","03:00"," ","-10,00","","-13,30","","75,00","","0,00","","0,00","","12,90","","101,18","","","","","","Neige"
"1969-12-21 04:00","1969","12","21","04:00"," ","-9,40","","-12,80","","76,00","","0,00","","0,00","","12,90","","101,18","","","","","","Neige"
"1969-12-21 05:00","1969","12","21","05:00"," ","-8,90","","-12,20","","76,00","","0,00","","0,00","","11,30","","101,13","","","","","","Neige"
"1969-12-21 06:00","1969","12","21","06:00"," ","-8,30","","-10,60","","82,00","","16,00","","10,00","","6,40","","101,10","","","","-13,00","","Neige"
"1969-12-21 07:00","1969","12","21","07:00"," ","-8,90","","-11,10","","83,00","","14,00","","10,00","","11,30","","101,11","","","","-14,00","","Neige"
"1969-12-21 08:00","1969","12","21","08:00"," ","-7,80","","-10,00","","83,00","","14,00","","5,00","","8,00","","101,06","","","","-10,00","","Neige"
"1969-12-21 09:00","1969","12","21","09:00"," ","-6,70","","-8,90","","83,00","","14,00","","5,00","","6,40","","101,05","","","","-9,00","","Neige"
"1969-12-21 10:00","1969","12","21","10:00"," ","-5,00","","-7,20","","83,00","","14,00","","5,00","","4,80","","101,03","","","","-7,00","","Neige"
"1969-12-21 11:00","1969","12","21","11:00"," ","-3,90","","-6,70","","79,00","","14,00","","3,00","","11,30","","100,94","","","","-5,00","","Neige"
"1969-12-21 12:00","1969","12","21","12:00"," ","-2,80","","-6,70","","74,00","","16,00","","6,00","","16,10","","100,83","","","","-5,00","","Nuageux"
"1969-12-21 13:00","1969","12","21","13:00"," ","-2,20","","-6,10","","74,00","","20,00","","13,00","","6,40","","100,79","","","","-7,00","","Brume sèche"
"1969-12-21 14:00","1969","12","21","14:00"," ","-1,70","","-5,00","","77,00","","20,00","","13,00","","24,10","","100,71","","","","-6,00","","Nuageux"
"1969-12-21 15:00","1969","12","21","15:00"," ","-1,70","","-5,00","","77,00","","20,00","","14,00","","24,10","","100,66","","","","-6,00","","Nuageux"
"1969-12-21 16:00","1969","12","21","16:00"," ","-1,70","","-5,00","","77,00","","18,00","","6,00","","16,10","","100,61","","","","-4,00","","Nuageux"
"1969-12-21 17:00","1969","12","21","17:00"," ","-2,20","","-5,60","","77,00","","14,00","","10,00","","25,00","","100,55","","","","-6,00","","Nuageux"
"1969-12-21 18:00","1969","12","21","18:00"," ","-1,70","","-5,60","","74,00","","16,00","","11,00","","25,00","","100,46","","","","-6,00","","Nuageux"
"1969-12-21 19:00","1969","12","21","19:00"," ","-1,70","","-5,60","","74,00","","16,00","","14,00","","25,00","","100,40","","","","-6,00","","Nuageux"
"1969-12-21 20:00","1969","12","21","20:00"," ","-2,20","","-6,10","","74,00","","16,00","","10,00","","25,00","","100,36","","","","-6,00","","Neige"
"1969-12-21 21:00","1969","12","21","21:00"," ","-2,20","","-6,70","","71,00","","16,00","","13,00","","25,00","","100,30","","","","-7,00","","Nuageux"
"1969-12-21 22:00","1969","12","21","22:00"," ","-1,70","","-6,70","","68,00","","18,00","","14,00","","24,10","","100,26","","","","-6,00","","Averses de neige"
"1969-12-21 23:00","1969","12","21","23:00"," ","-2,20","","-4,40","","83,00","","18,00","","14,00","","2,40","","100,22","","","","-7,00","","Averses de neige"
"1969-12-22 00:00","1969","12","22","00:00"," ","-2,80","","-4,40","","86,00","","16,00","","11,00","","2,40","","100,16","","","","-7,00","","Averses de neige"
"1969-12-22 01:00","1969","12","22","01:00"," ","-3,30","","-4,40","","90,00","","16,00","","16,00","","2,40","","100,08","","","","-9,00","","Averses de neige"
"1969-12-22 02:00","1969","12","22","02:00"," ","-3,30","","-4,40","","90,00","","16,00","","16,00","","3,20","","100,02","","","","-9,00","","Averses de neige"
"1969-12-22 03:00","1969","12","22","03:00"," ","-2,80","","-4,40","","86,00","","16,00","","14,00","","4,80","","100,03","","","","-8,00","","Neige"
"1969-12-22 04:00","1969","12","22","04:00"," ","-2,80","","-4,40","","86,00","","16,00","","13,00","","4,80","","100,00","","","","-7,00","","Neige"
"1969-12-22 05:00","1969","12","22","05:00"," ","-2,80","","-4,40","","86,00","","16,00","","16,00","","4,80","","99,97","","","","-8,00","","Neige"
"1969-12-22 06:00","1969","12","22","06:00"," ","-2,80","","-4,40","","86,00","","18,00","","13,00","","4,80","","100,00","","","","-7,00","","Neige"
"1969-12-22 07:00","1969","12","22","07:00"," ","-2,20","","-3,90","","87,00","","18,00","","10,00","","6,40","","100,02","","","","-6,00","","Neige"
"1969-12-22 08:00","1969","12","22","08:00"," ","-2,80","","-3,90","","91,00","","18,00","","6,00","","4,80","","99,97","","","","-5,00","","Neige"
"1969-12-22 09:00","1969","12","22","09:00"," ","-2,20","","-3,30","","90,00","","20,00","","6,00","","4,80","","100,01","","","","-5,00","","Neige"
"1969-12-22 10:00","1969","12","22","10:00"," ","-1,70","","-3,30","","87,00","","18,00","","6,00","","4,00","","100,00","","","","-4,00","","Neige"
"1969-12-22 11:00","1969","12","22","11:00"," ","-2,20","","-3,30","","90,00","","16,00","","5,00","","2,40","","99,93","","","","-4,00","","Neige"
"1969-12-22 12:00","1969","12","22","12:00"," ","-2,20","","-4,40","","86,00","","0,00","","0,00","","4,80","","99,80","","","","","","Neige"
"1969-12-22 13:00","1969","12","22","13:00"," ","-1,70","","-3,30","","87,00","","0,00","","0,00","","4,00","","99,77","","","","","","Neige"
"1969-12-22 14:00","1969","12","22","14:00"," ","-1,70","","-4,40","","80,00","","34,00","","10,00","","12,90","","99,71","","","","-5,00","","Nuageux"
"1969-12-22 15:00","1969","12","22","15:00"," ","-2,20","","-4,40","","83,00","","36,00","","6,00","","8,00","","99,75","","","","-5,00","","Brume sèche"
"1969-12-22 16:00","1969","12","22","16:00"," ","-2,20","","-3,90","","87,00","","34,00","","6,00","","6,40","","99,71","","","","-5,00","","Brume sèche"
"1969-12-22 17:00","1969","12","22","17:00"," ","-2,20","","-3,90","","87,00","","36,00","","8,00","","8,00","","99,71","","","","-5,00","","Neige"
"1969-12-22 18:00","1969","12","22","18:00"," ","-3,30","","-7,20","","74,00","","36,00","","29,00","","12,90","","99,75","","","","-11,00","","Nuageux"
"1969-12-22 19:00","1969","12","22","19:00"," ","-5,00","","-9,40","","70,00","","34,00","","21,00","","19,30","","99,86","","","","-12,00","","Nuageux"
"1969-12-22 20:00","1969","12","22","20:00"," ","-7,80","","-12,80","","67,00","","34,00","","21,00","","25,00","","99,89","","","","-15,00","","Nuageux"
"1969-12-22 21:00","1969","12","22","21:00"," ","-10,00","","-15,00","","66,00","","34,00","","19,00","","25,00","","99,98","","","","-18,00","","Généralement dégagé"
"1969-12-22 22:00","1969","12","22","22:00"," ","-11,70","","-17,20","","62,00","","34,00","","18,00","","25,00","","100,10","","","","-20,00","","Dégagé"
"1969-12-22 23:00","1969","12","22","23:00"," ","-12,80","","-18,90","","59,00","","32,00","","19,00","","25,00","","100,20","","","","-21,00","","Généralement dégagé"
"1969-12-23 00:00","1969","12","23","00:00"," ","-16,10","","-20,00","","72,00","","27,00","","14,00","","25,00","","100,27","","","","-24,00","","Dégagé"
"1969-12-23 01:00","1969","12","23","01:00"," ","-17,20","","-23,30","","58,00","","27,00","","11,00","","25,00","","100,36","","","","-24,00","","Dégagé"
"1969-12-23 02:00","1969","12","23","02:00"," ","-17,80","","-25,00","","54,00","","27,00","","13,00","","25,00","","100,47","","","","-26,00","","Dégagé"
"1969-12-23 03:00","1969","12","23","03:00"," ","-18,90","","-26,10","","53,00","","27,00","","10,00","","25,00","","100,53","","","","-26,00","","Dégagé"
"1969-12-23 04:00","1969","12","23","04:00"," ","-19,40","","-26,10","","54,00","","27,00","","19,00","","25,00","","100,67","","","","-29,00","","Dégagé"
"1969-12-23 05:00","1969","12","23","05:00"," ","-20,00","","-26,70","","56,00","","25,00","","23,00","","25,00","","100,80","","","","-31,00","","Dégagé"
"1969-12-23 06:00","1969","12","23","06:00"," ","-21,70","","-26,10","","67,00","","27,00","","26,00","","25,00","","100,94","","","","-34,00","","Dégagé"
"1969-12-23 07:00","1969","12","23","07:00"," ","-22,20","","-28,30","","56,00","","27,00","","19,00","","25,00","","101,03","","","","-33,00","","Généralement dégagé"
"1969-12-23 08:00","1969","12","23","08:00"," ","-22,20","","-28,30","","56,00","","27,00","","18,00","","40,20","","101,19","","","","-33,00","","Généralement dégagé"
"1969-12-23 09:00","1969","12","23","09:00"," ","-21,70","","-27,80","","57,00","","27,00","","19,00","","40,20","","101,27","","","","-32,00","","Généralement dégagé"
"1969-12-23 10:00","1969","12","23","10:00"," ","-20,60","","-27,20","","54,00","","27,00","","23,00","","40,20","","101,38","","","","-32,00","","Généralement dégagé"
"1969-12-23 11:00","1969","12","23","11:00"," ","-20,00","","-27,20","","53,00","","25,00","","18,00","","40,20","","101,38","","","","-30,00","","Généralement nuageux"
"1969-12-23 12:00","1969","12","23","12:00"," ","-19,40","","-27,20","","51,00","","27,00","","16,00","","40,20","","101,34","","","","-29,00","","Généralement nuageux"
"1969-12-23 13:00","1969","12","23","13:00"," ","-18,30","","-26,70","","47,00","","27,00","","11,00","","40,20","","101,25","","","","-26,00","","Nuageux"
"1969-12-23 14:00","1969","12","23","14:00"," ","-18,30","","-28,30","","42,00","","27,00","","8,00","","40,20","","101,25","","","","-24,00","","Généralement dégagé"
"1969-12-23 15:00","1969","12","23","15:00"," ","-17,80","","-26,10","","49,00","","25,00","","10,00","","40,20","","101,25","","","","-25,00","","Généralement dégagé"
"1969-12-23 16:00","1969","12","23","16:00"," ","-18,90","","-26,10","","53,00","","27,00","","10,00","","40,20","","101,31","","","","-26,00","","Généralement nuageux"
"1969-12-23 17:00","1969","12","23","17:00"," ","-19,40","","-26,10","","54,00","","27,00","","10,00","","25,00","","101,42","","","","-26,00","","Généralement nuageux"
"1969-12-23 18:00","1969","12","23","18:00"," ","-18,90","","-25,60","","56,00","","25,00","","10,00","","25,00","","101,57","","","","-26,00","","Généralement nuageux"
"1969-12-23 19:00","1969","12","23","19:00"," ","-18,30","","-25,00","","55,00","","27,00","","8,00","","25,00","","101,65","","","","-24,00","","Nuageux"
"1969-12-23 20:00","1969","12","23","20:00"," ","-18,90","","-25,60","","56,00","","27,00","","6,00","","25,00","","101,61","","","","-24,00","","Généralement nuageux"
"1969-12-23 21:00","1969","12","23","21:00"," ","-19,40","","-25,60","","57,00","","32,00","","5,00","","25,00","","101,60","","","","-24,00","","Nuageux"
"1969-12-23 22:00","1969","12","23","22:00"," ","-20,00","","-25,00","","64,00","","27,00","","3,00","","25,00","","101,70","","","","-23,00","","Généralement dégagé"
"1969-12-23 23:00","1969","12","23","23:00"," ","-19,40","","-25,00","","60,00","","0,00","","0,00","","25,00","","101,72","","","","","","Généralement dégagé"
"1969-12-24 00:00","1969","12","24","00:00"," ","-21,10","","-25,00","","72,00","","0,00","","0,00","","25,00","","101,73","","","","","","Généralement dégagé"
"1969-12-24 01:00","1969","12","24","01:00"," ","-22,80","","-27,80","","62,00","","0,00","","0,00","","25,00","","101,77","","","","","","Généralement nuageux"
"1969-12-24 02:00","1969","12","24","02:00"," ","-21,70","","-25,60","","71,00","","36,00","","10,00","","25,00","","101,78","","","","-29,00","","Généralement nuageux"
"1969-12-24 03:00","1969","12","24","03:00"," ","-22,20","","-26,70","","66,00","","36,00","","5,00","","25,00","","101,84","","","","-27,00","","Généralement dégagé"
"1969-12-24 04:00","1969","12","24","04:00"," ","-22,80","","-26,70","","69,00","","36,00","","6,00","","25,00","","101,88","","","","-28,00","","Généralement dégagé"
"1969-12-24 05:00","1969","12","24","05:00"," ","-23,30","","-28,30","","64,00","","36,00","","3,00","","25,00","","101,88","","","","-26,00","","Généralement dégagé"
"1969-12-24 06:00","1969","12","24","06:00"," ","-23,90","","-28,30","","67,00","","36,00","","6,00","","25,00","","101,94","","","","-30,00","","Généralement dégagé"
"1969-12-24 07:00","1969","12","24","07:00"," ","-24,40","","-28,90","","66,00","","36,00","","6,00","","25,00","","102,02","","","","-30,00","","Généralement dégagé"
"1969-12-24 08:00","1969","12","24","08:00"," ","-25,00","","-29,40","","65,00","","34,00","","6,00","","24,10","","102,10","","","","-31,00","","Généralement dégagé"
"1969-12-24 09:00","1969","12","24","09:00"," ","-22,20","","-26,70","","66,00","","36,00","","13,00","","24,10","","102,19","","","","-31,00","","Généralement dégagé"
"1969-12-24 10:00","1969","12","24","10:00"," ","-18,90","","-23,30","","67,00","","36,00","","6,00","","8,00","","102,26","","","","-24,00","","Brume sèche"
"1969-12-24 11:00","1969","12","24","11:00"," ","-17,20","","-22,20","","65,00","","36,00","","8,00","","8,00","","102,28","","","","-23,00","","Brume sèche"
"1969-12-24 12:00","1969","12","24","12:00"," ","-16,70","","-22,80","","59,00","","36,00","","5,00","","6,40","","102,24","","","","-21,00","","Brume sèche"
"1969-12-24 13:00","1969","12","24","13:00"," ","-15,60","","-22,20","","56,00","","32,00","","2,00","","6,40","","102,18","","","","-17,00","","Brume sèche"
"1969-12-24 14:00","1969","12","24","14:00"," ","-15,60","","-23,30","","51,00","","0,00","","0,00","","16,10","","102,21","","","","","","Dégagé"
"1969-12-24 15:00","1969","12","24","15:00"," ","-15,00","","-23,30","","49,00","","32,00","","3,00","","12,90","","102,28","","","","-17,00","","Dégagé"
"1969-12-24 16:00","1969","12","24","16:00"," ","-16,10","","-23,90","","52,00","","32,00","","5,00","","11,30","","102,33","","","","-20,00","","Dégagé"
"1969-12-24 17:00","1969","12","24","17:00"," ","-18,30","","-24,40","","57,00","","29,00","","6,00","","11,30","","102,35","","","","-23,00","","Généralement dégagé"
"1969-12-24 18:00","1969","12","24","18:00"," ","-18,90","","-24,40","","61,00","","27,00","","6,00","","12,90","","102,40","","","","-24,00","","Généralement dégagé"
"1969-12-24 19:00","1969","12","24","19:00"," ","-18,30","","-23,30","","65,00","","29,00","","2,00","","25,00","","102,46","","","","-20,00","","Dégagé"
"1969-12-24 20:00","1969","12","24","20:00"," ","-18,90","","-22,80","","72,00","","27,00","","3,00","","25,00","","102,50","","","","-21,00","","Dégagé"
"1969-12-24 21:00","1969","12","24","21:00"," ","-19,40","","-23,90","","68,00","","0,00","","0,00","","25,00","","102,54","","","","","","Dégagé"
"1969-12-24 22:00","1969","12","24","22:00"," ","-20,60","","-24,40","","69,00","","27,00","","2,00","","25,00","","102,58","","","","-22,00","","Généralement dégagé"
"1969-12-24 23:00","1969","12","24","23:00"," ","-20,60","","-25,00","","66,00","","27,00","","5,00","","25,00","","102,61","","","","-25,00","","Généralement dégagé"
"1969-12-25 00:00","1969","12","25","00:00"," ","-20,60","","-24,40","","69,00","","27,00","","3,00","","25,00","","102,59","","","","-23,00","","Généralement dégagé"
"1969-12-25 01:00","1969","12","25","01:00"," ","-21,70","","-25,60","","71,00","","36,00","","3,00","","19,30","","102,61","","","","-24,00","","Généralement dégagé"
"1969-12-25 02:00","1969","12","25","02:00"," ","-22,20","","-26,70","","66,00","","36,00","","8,00","","19,30","","102,65","","","","-29,00","","Généralement dégagé"
"1969-12-25 03:00","1969","12","25","03:00"," ","-22,20","","-26,10","","70,00","","36,00","","3,00","","19,30","","102,71","","","","-25,00","","Généralement nuageux"
"1969-12-25 04:00","1969","12","25","04:00"," ","-21,70","","-26,10","","67,00","","36,00","","2,00","","19,30","","102,72","","","","-24,00","","Généralement nuageux"
"1969-12-25 05:00","1969","12","25","05:00"," ","-21,70","","-26,10","","67,00","","0,00","","0,00","","12,90","","102,70","","","","","","Généralement dégagé"
"1969-12-25 06:00","1969","12","25","06:00"," ","-23,30","","-27,80","","68,00","","36,00","","2,00","","11,30","","102,78","","","","-25,00","","Généralement dégagé"
"1969-12-25 07:00","1969","12","25","07:00"," ","-22,80","","-26,70","","69,00","","36,00","","3,00","","11,30","","102,79","","","","-26,00","","Cristaux de glace"
"1969-12-25 08:00","1969","12","25","08:00"," ","-23,30","","-27,80","","68,00","","34,00","","3,00","","4,00","","102,79","","","","-26,00","","Cristaux de glace,Fumée,Brume sèche"
"1969-12-25 09:00","1969","12","25","09:00"," ","-21,10","","-25,60","","68,00","","36,00","","3,00","","4,00","","102,82","","","","-24,00","","Cristaux de glace,Brouillard de glace,Fumée"
"1969-12-25 10:00","1969","12","25","10:00"," ","-18,90","","-22,80","","72,00","","36,00","","3,00","","4,00","","102,83","","","","-21,00","","Cristaux de glace,Brouillard de glace"
"1969-12-25 11:00","1969","12","25","11:00"," ","-16,70","","-19,40","","78,00","","2,00","","5,00","","2,40","","102,79","","","","-21,00","","Cristaux de glace,Brouillard de glace,Fumée"
"1969-12-25 12:00","1969","12","25","12:00"," ","-14,40","","-18,30","","71,00","","5,00","","11,00","","4,00","","102,67","","","","-21,00","","Fumée,Brume sèche"
"1969-12-25 13:00","1969","12","25","13:00"," ","-14,40","","-20,00","","63,00","","5,00","","13,00","","8,00","","102,60","","","","-22,00","","Fumée,Brume sèche"
"1969-12-25 14:00","1969","12","25","14:00"," ","-13,90","","-20,00","","60,00","","5,00","","11,00","","9,70","","102,57","","","","-20,00","","Brume sèche"
"1969-12-25 15:00","1969","12","25","15:00"," ","-13,30","","-19,40","","60,00","","5,00","","14,00","","6,40","","102,51","","","","-21,00","","Brume sèche"
"1969-12-25 16:00","1969","12","25","16:00"," ","-13,30","","-19,40","","60,00","","7,00","","18,00","","6,40","","102,48","","","","-22,00","","Brume sèche"
"1969-12-25 17:00","1969","12","25","17:00"," ","-13,90","","-20,00","","60,00","","5,00","","13,00","","19,30","","102,45","","","","-21,00","","Généralement nuageux"
"1969-12-25 18:00","1969","12","25","18:00"," ","-13,90","","-19,40","","62,00","","5,00","","10,00","","25,00","","102,45","","","","-20,00","","Généralement nuageux"
"1969-12-25 19:00","1969","12","25","19:00"," ","-14,40","","-19,40","","65,00","","5,00","","19,00","","25,00","","102,44","","","","-23,00","","Généralement nuageux"
"1969-12-25 20:00","1969","12","25","20:00"," ","-14,40","","-20,00","","63,00","","5,00","","18,00","","24,10","","102,40","","","","-23,00","","Généralement dégagé"
"1969-12-25 21:00","1969","12","25","21:00"," ","-14,40","","-19,40","","65,00","","5,00","","14,00","","24,10","","102,37","","","","-22,00","","Généralement nuageux"
"1969-12-25 22:00","1969","12","25","22:00"," ","-13,90","","-18,90","","66,00","","5,00","","23,00","","25,00","","102,31","","","","-23,00","","Nuageux"
"1969-12-25 23:00","1969","12","25","23:00"," ","-13,30","","-18,90","","63,00","","5,00","","16,00","","25,00","","102,30","","","","-21,00","","Nuageux"
"1969-12-26 00:00","1969","12","26","00:00"," ","-12,80","","-17,20","","68,00","","5,00","","13,00","","25,00","","102,21","","","","-20,00","","Nuageux"
"1969-12-26 01:00","1969","12","26","01:00"," ","-12,80","","-16,70","","72,00","","5,00","","11,00","","4,80","","102,15","","","","-19,00","","Neige"
"1969-12-26 02:00","1969","12","26","02:00"," ","-12,20","","-15,00","","78,00","","5,00","","14,00","","2,40","","102,11","","","","-19,00","","Neige"
"1969-12-26 03:00","1969","12","26","03:00"," ","-12,20","","-15,00","","78,00","","5,00","","18,00","","3,20","","102,10","","","","-20,00","","Neige"
"1969-12-26 04:00","1969","12","26","04:00"," ","-11,70","","-14,40","","79,00","","5,00","","21,00","","3,20","","101,99","","","","-20,00","","Neige"
"1969-12-26 05:00","1969","12","26","05:00"," ","-11,70","","-13,90","","82,00","","5,00","","23,00","","3,20","","101,93","","","","-21,00","","Neige"
"1969-12-26 06:00","1969","12","26","06:00"," ","-11,70","","-13,90","","82,00","","2,00","","21,00","","4,80","","101,86","","","","-20,00","","Neige"
"1969-12-26 07:00","1969","12","26","07:00"," ","-10,60","","-15,60","","66,00","","5,00","","21,00","","4,80","","101,76","","","","-19,00","","Neige"
"1969-12-26 08:00","1969","12","26","08:00"," ","-10,00","","-12,20","","83,00","","5,00","","27,00","","4,80","","101,71","","","","-19,00","","Neige,Brouillard"
"1969-12-26 09:00","1969","12","26","09:00"," ","-9,40","","-11,70","","82,00","","5,00","","29,00","","2,40","","101,64","","","","-19,00","","Neige"
"1969-12-26 10:00","1969","12","26","10:00"," ","-9,40","","-11,10","","87,00","","5,00","","24,00","","1,60","","101,63","","","","-18,00","","Neige"
"1969-12-26 11:00","1969","12","26","11:00"," ","-9,40","","-11,10","","87,00","","5,00","","27,00","","1,60","","101,52","","","","-18,00","","Neige"
"1969-12-26 12:00","1969","12","26","12:00"," ","-8,90","","-11,10","","83,00","","5,00","","31,00","","1,20","","101,34","","","","-18,00","","Neige"
"1969-12-26 13:00","1969","12","26","13:00"," ","-8,90","","-10,60","","86,00","","5,00","","43,00","","1,20","","101,06","","","","-20,00","","Neige,Poudrerie élevée"
"1969-12-26 14:00","1969","12","26","14:00"," ","-8,30","","-10,00","","87,00","","5,00","","43,00","","1,20","","100,80","","","","-19,00","","Neige,Poudrerie élevée"
"1969-12-26 15:00","1969","12","26","15:00"," ","-8,30","","-10,00","","87,00","","5,00","","35,00","","0,80","","100,86","","","","-18,00","","Neige,Poudrerie élevée"
"1969-12-26 16:00","1969","12","26","16:00"," ","-8,90","","-10,00","","90,00","","5,00","","39,00","","0,20","","100,85","","","","-19,00","","Neige modérée,Poudrerie élevée"
"1969-12-26 17:00","1969","12","26","17:00"," ","-8,90","","-10,00","","90,00","","2,00","","35,00","","0,20","","100,76","","","","-19,00","","Neige modérée,Poudrerie élevée"
"1969-12-26 18:00","1969","12","26","18:00"," ","-8,30","","-9,40","","91,00","","2,00","","42,00","","0,80","","100,58","","","","-19,00","","Neige,Poudrerie élevée"
"1969-12-26 19:00","1969","12","26","19:00"," ","-7,80","","-9,40","","87,00","","2,00","","51,00","","1,20","","100,50","","","","-19,00","","Neige,Poudrerie élevée"
"1969-12-26 20:00","1969","12","26","20:00"," ","-7,80","","-9,40","","87,00","","5,00","","51,00","","1,20","","100,37","","","","-19,00","","Neige,Poudrerie élevée"
"1969-12-26 21:00","1969","12","26","21:00"," ","-6,70","","-8,30","","87,00","","5,00","","48,00","","1,60","","100,23","","","","-17,00","","Neige,Poudrerie élevée"
"1969-12-26 22:00","1969","12","26","22:00"," ","-6,10","","-7,80","","87,00","","5,00","","51,00","","1,20","","100,19","","","","-17,00","","Neige,Poudrerie élevée"
"1969-12-26 23:00","1969","12","26","23:00"," ","-6,70","","-7,80","","90,00","","5,00","","61,00","","0,80","","100,16","","","","-18,00","","Neige,Poudrerie élevée"
"1969-12-27 00:00","1969","12","27","00:00"," ","-6,10","","-7,20","","90,00","","5,00","","58,00","","0,40","","99,96","","","","-17,00","","Neige modérée,Poudrerie élevée"
"1969-12-27 01:00","1969","12","27","01:00"," ","-6,10","","-7,20","","90,00","","5,00","","56,00","","0,80","","99,80","","","","-17,00","","Neige,Poudrerie élevée"
"1969-12-27 02:00","1969","12","27","02:00"," ","-5,60","","-6,70","","91,00","","5,00","","40,00","","0,80","","99,71","","","","-15,00","","Neige,Poudrerie élevée"
"1969-12-27 03:00","1969","12","27","03:00"," ","-5,00","","-6,10","","90,00","","2,00","","40,00","","1,20","","99,69","","","","-14,00","","Neige,Poudrerie élevée"
"1969-12-27 04:00","1969","12","27","04:00"," ","-5,60","","-6,70","","91,00","","2,00","","35,00","","1,20","","99,65","","","","-14,00","","Neige,Poudrerie élevée"
"1969-12-27 05:00","1969","12","27","05:00"," ","-5,60","","-6,70","","91,00","","2,00","","24,00","","1,60","","99,56","","","","-13,00","","Neige"
"1969-12-27 06:00","1969","12","27","06:00"," ","-5,60","","-6,70","","91,00","","36,00","","26,00","","1,20","","99,44","","","","-13,00","","Neige"
"1969-12-27 07:00","1969","12","27","07:00"," ","-5,00","","-6,10","","90,00","","36,00","","29,00","","0,80","","99,32","","","","-13,00","","Neige modérée"
"1969-12-27 08:00","1969","12","27","08:00"," ","-5,60","","-6,70","","91,00","","34,00","","23,00","","0,80","","99,14","","","","-13,00","","Neige modérée"
"1969-12-27 09:00","1969","12","27","09:00"," ","-5,00","","-6,70","","87,00","","34,00","","24,00","","0,80","","99,09","","","","-12,00","","Neige modérée"
"1969-12-27 10:00","1969","12","27","10:00"," ","-4,40","","-5,60","","91,00","","32,00","","23,00","","1,00","","99,04","","","","-11,00","","Neige"
"1969-12-27 11:00","1969","12","27","11:00"," ","-4,40","","-6,10","","86,00","","32,00","","24,00","","0,80","","98,93","","","","-11,00","","Neige modérée"
"1969-12-27 12:00","1969","12","27","12:00"," ","-4,40","","-5,60","","91,00","","32,00","","23,00","","0,80","","98,82","","","","-11,00","","Neige modérée"
"1969-12-27 13:00","1969","12","27","13:00"," ","-3,90","","-5,00","","91,00","","32,00","","23,00","","1,00","","98,79","","","","-11,00","","Neige"
"1969-12-27 14:00","1969","12","27","14:00"," ","-3,90","","-5,00","","91,00","","32,00","","23,00","","1,00","","98,76","","","","-11,00","","Neige"
"1969-12-27 15:00","1969","12","27","15:00"," ","-3,90","","-4,40","","94,00","","32,00","","26,00","","1,20","","98,82","","","","-11,00","","Neige"
"1969-12-27 16:00","1969","12","27","16:00"," ","-3,90","","-4,40","","94,00","","29,00","","26,00","","1,00","","98,87","","","","-11,00","","Neige"
"1969-12-27 17:00","1969","12","27","17:00"," ","-3,90","","-4,40","","94,00","","29,00","","21,00","","1,60","","98,94","","","","-10,00","","Neige"
"1969-12-27 18:00","1969","12","27","18:00"," ","-3,90","","-5,00","","91,00","","29,00","","16,00","","2,40","","98,97","","","","-9,00","","Neige"
"1969-12-27 19:00","1969","12","27","19:00"," ","-3,90","","-5,00","","91,00","","27,00","","18,00","","2,00","","99,04","","","","-10,00","","Neige"
"1969-12-27 20:00","1969","12","27","20:00"," ","-4,40","","-5,60","","91,00","","27,00","","21,00","","1,60","","99,06","","","","-11,00","","Neige"
"1969-12-27 21:00","1969","12","27","21:00"," ","-4,40","","-5,60","","91,00","","27,00","","21,00","","1,60","","99,06","","","","-11,00","","Neige"
"1969-12-27 22:00","1969","12","27","22:00"," ","-5,00","","-5,60","","94,00","","27,00","","19,00","","2,80","","99,13","","","","-11,00","","Neige"
"1969-12-27 23:00","1969","12","27","23:00"," ","-5,00","","-6,10","","90,00","","27,00","","21,00","","1,60","","99,18","","","","-12,00","","Neige"
"1969-12-28 00:00","1969","12","28","00:00"," ","-5,00","","-6,10","","90,00","","27,00","","18,00","","1,60","","99,23","","","","-11,00","","Neige"
"1969-12-28 01:00","1969","12","28","01:00"," ","-5,00","","-5,60","","94,00","","27,00","","19,00","","2,00","","99,25","","","","-11,00","","Neige"
"1969-12-28 02:00","1969","12","28","02:00"," ","-5,60","","-6,70","","91,00","","25,00","","21,00","","2,00","","99,36","","","","-12,00","","Neige"
"1969-12-28 03:00","1969","12","28","03:00"," ","-5,60","","-6,70","","91,00","","25,00","","23,00","","2,00","","99,47","","","","-13,00","","Neige"
"1969-12-28 04:00","1969","12","28","04:00"," ","-5,60","","-6,70","","91,00","","25,00","","23,00","","2,00","","99,57","","","","-13,00","","Neige"
"1969-12-28 05:00","1969","12","28","05:00"," ","-5,60","","-6,70","","91,00","","25,00","","24,00","","2,40","","99,66","","","","-13,00","","Neige"
"1969-12-28 06:00","1969","12","28","06:00"," ","-5,60","","-6,70","","91,00","","25,00","","23,00","","2,80","","99,80","","","","-13,00","","Neige"
"1969-12-28 07:00","1969","12","28","07:00"," ","-6,10","","-7,20","","90,00","","25,00","","26,00","","2,80","","99,90","","","","-14,00","","Neige"
"1969-12-28 08:00","1969","12","28","08:00"," ","-6,10","","-7,80","","87,00","","27,00","","23,00","","2,40","","100,03","","","","-13,00","","Neige"
"1969-12-28 09:00","1969","12","28","09:00"," ","-6,10","","-7,20","","90,00","","27,00","","19,00","","1,20","","100,18","","","","-13,00","","Neige"
"1969-12-28 10:00","1969","12","28","10:00"," ","-5,60","","-7,20","","87,00","","27,00","","19,00","","2,40","","100,28","","","","-12,00","","Neige"
"1969-12-28 11:00","1969","12","28","11:00"," ","-5,60","","-6,70","","91,00","","27,00","","21,00","","2,80","","100,31","","","","-12,00","","Neige"
"1969-12-28 12:00","1969","12","28","12:00"," ","-5,00","","-6,70","","87,00","","27,00","","21,00","","9,70","","100,32","","","","-12,00","","Neige"
"1969-12-28 13:00","1969","12","28","13:00"," ","-5,00","","-6,10","","90,00","","27,00","","19,00","","6,40","","100,37","","","","-11,00","","Neige"
"1969-12-28 14:00","1969","12","28","14:00"," ","-4,40","","-6,10","","86,00","","27,00","","24,00","","16,10","","100,43","","","","-11,00","","Nuageux"
"1969-12-28 15:00","1969","12","28","15:00"," ","-3,90","","-6,10","","84,00","","27,00","","23,00","","40,20","","100,52","","","","-11,00","","Généralement nuageux"
"1969-12-28 16:00","1969","12","28","16:00"," ","-3,30","","-6,10","","80,00","","27,00","","19,00","","40,20","","100,50","","","","-9,00","","Généralement nuageux"
"1969-12-28 17:00","1969","12","28","17:00"," ","-3,30","","-6,10","","80,00","","27,00","","16,00","","25,00","","100,61","","","","-9,00","","Généralement nuageux"
"1969-12-28 18:00","1969","12","28","18:00"," ","-3,30","","-6,70","","77,00","","29,00","","19,00","","25,00","","100,76","","","","-9,00","","Généralement nuageux"
"1969-12-28 19:00","1969","12","28","19:00"," ","-3,30","","-7,20","","74,00","","27,00","","14,00","","25,00","","100,78","","","","-8,00","","Nuageux"
"1969-12-28 20:00","1969","12","28","20:00"," ","-3,90","","-7,20","","77,00","","27,00","","13,00","","25,00","","100,82","","","","-9,00","","Nuageux"
"1969-12-28 21:00","1969","12","28","21:00"," ","-3,90","","-7,80","","74,00","","29,00","","24,00","","25,00","","100,83","","","","-11,00","","Nuageux"
"1969-12-28 22:00","1969","12","28","22:00"," ","-4,40","","-8,90","","70,00","","27,00","","23,00","","25,00","","100,88","","","","-11,00","","Généralement nuageux"
"1969-12-28 23:00","1969","12","28","23:00"," ","-6,10","","-10,00","","73,00","","27,00","","21,00","","25,00","","100,90","","","","-13,00","","Généralement dégagé"
"1969-12-29 00:00","1969","12","29","00:00"," ","-8,30","","-11,10","","79,00","","27,00","","21,00","","25,00","","100,91","","","","-16,00","","Généralement dégagé"
"1969-12-29 01:00","1969","12","29","01:00"," ","-8,30","","-11,70","","75,00","","27,00","","24,00","","25,00","","100,94","","","","-16,00","","Généralement dégagé"
"1969-12-29 02:00","1969","12","29","02:00"," ","-10,00","","-12,80","","78,00","","27,00","","23,00","","25,00","","100,98","","","","-18,00","","Dégagé"
"1969-12-29 03:00","1969","12","29","03:00"," ","-10,60","","-13,90","","76,00","","27,00","","21,00","","25,00","","100,98","","","","-19,00","","Dégagé"
"1969-12-29 04:00","1969","12","29","04:00"," ","-10,60","","-13,90","","76,00","","25,00","","23,00","","25,00","","101,02","","","","-19,00","","Dégagé"
"1969-12-29 05:00","1969","12","29","05:00"," ","-10,60","","-13,90","","76,00","","27,00","","26,00","","25,00","","101,13","","","","-20,00","","Dégagé"
"1969-12-29 06:00","1969","12","29","06:00"," ","-10,60","","-13,90","","76,00","","27,00","","21,00","","25,00","","101,23","","","","-19,00","","Dégagé"
"1969-12-29 07:00","1969","12","29","07:00"," ","-12,20","","-15,60","","75,00","","27,00","","11,00","","25,00","","101,19","","","","-18,00","","Dégagé"
"1969-12-29 08:00","1969","12","29","08:00"," ","-12,80","","-18,90","","72,00","","25,00","","10,00","","40,20","","101,20","","","","-19,00","","Généralement dégagé"
"1969-12-29 09:00","1969","12","29","09:00"," ","-11,70","","-17,20","","62,00","","25,00","","19,00","","40,20","","101,27","","","","-20,00","","Dégagé"
"1969-12-29 10:00","1969","12","29","10:00"," ","-11,70","","-16,70","","65,00","","25,00","","27,00","","40,20","","101,33","","","","-21,00","","Dégagé"
"1969-12-29 11:00","1969","12","29","11:00"," ","-11,10","","-16,70","","63,00","","25,00","","23,00","","40,20","","101,31","","","","-20,00","","Dégagé"
"1969-12-29 12:00","1969","12","29","12:00"," ","-9,40","","-16,70","","55,00","","25,00","","27,00","","40,20","","101,29","","","","-18,00","","Dégagé"
"1969-12-29 13:00","1969","12","29","13:00"," ","-8,90","","-15,60","","60,00","","25,00","","24,00","","40,20","","101,23","","","","-17,00","","Dégagé"
"1969-12-29 14:00","1969","12","29","14:00"," ","-8,90","","-15,00","","60,00","","25,00","","29,00","","40,20","","101,28","","","","-18,00","","Généralement dégagé"
"1969-12-29 15:00","1969","12","29","15:00"," ","-8,90","","-15,00","","60,00","","25,00","","23,00","","40,20","","101,35","","","","-17,00","","Dégagé"
"1969-12-29 16:00","1969","12","29","16:00"," ","-10,00","","-16,10","","60,00","","25,00","","24,00","","40,20","","101,39","","","","-19,00","","Dégagé"
"1969-12-29 17:00","1969","12","29","17:00"," ","-11,10","","-16,10","","65,00","","25,00","","26,00","","40,20","","101,49","","","","-20,00","","Généralement dégagé"
"1969-12-29 18:00","1969","12","29","18:00"," ","-11,10","","-16,10","","65,00","","25,00","","26,00","","25,00","","101,49","","","","-20,00","","Dégagé"
"1969-12-29 19:00","1969","12","29","19:00"," ","-11,70","","-16,10","","69,00","","25,00","","26,00","","25,00","","101,50","","","","-21,00","","Dégagé"
"1969-12-29 20:00","1969","12","29","20:00"," ","-12,80","","-17,20","","68,00","","25,00","","21,00","","25,00","","101,44","","","","-22,00","","Dégagé"
"1969-12-29 21:00","1969","12","29","21:00"," ","-14,40","","-18,90","","69,00","","25,00","","8,00","","25,00","","101,47","","","","-20,00","","Généralement dégagé"
"1969-12-29 22:00","1969","12","29","22:00"," ","-15,00","","-18,90","","72,00","","23,00","","6,00","","25,00","","101,44","","","","-19,00","","Généralement nuageux"
"1969-12-29 23:00","1969","12","29","23:00"," ","-15,00","","-19,40","","68,00","","23,00","","5,00","","25,00","","101,45","","","","-19,00","","Généralement nuageux"
"1969-12-30 00:00","1969","12","30","00:00"," ","-15,00","","-18,90","","72,00","","23,00","","8,00","","25,00","","101,46","","","","-20,00","","Nuageux"
"1969-12-30 01:00","1969","12","30","01:00"," ","-14,40","","-18,30","","71,00","","23,00","","5,00","","25,00","","101,48","","","","-18,00","","Nuageux"
"1969-12-30 02:00","1969","12","30","02:00"," ","-13,30","","-16,70","","75,00","","0,00","","0,00","","25,00","","101,49","","","","","","Généralement nuageux"
"1969-12-30 03:00","1969","12","30","03:00"," ","-11,70","","-15,60","","72,00","","23,00","","6,00","","25,00","","101,53","","","","-15,00","","Généralement nuageux"
"1969-12-30 04:00","1969","12","30","04:00"," ","-12,20","","-15,60","","75,00","","0,00","","0,00","","25,00","","101,43","","","","","","Généralement nuageux"
"1969-12-30 05:00","1969","12","30","05:00"," ","-13,90","","-17,80","","72,00","","0,00","","0,00","","25,00","","101,45","","","","","","Généralement nuageux"
"1969-12-30 06:00","1969","12","30","06:00"," ","-13,30","","-16,10","","78,00","","0,00","","0,00","","25,00","","101,42","","","","","","Généralement nuageux"
"1969-12-30 07:00","1969","12","30","07:00"," ","-13,30","","-16,10","","78,00","","23,00","","2,00","","25,00","","101,44","","","","-15,00","","Généralement nuageux"
"1969-12-30 08:00","1969","12","30","08:00"," ","-12,20","","-14,40","","82,00","","32,00","","2,00","","11,30","","101,44","","","","-13,00","","Nuageux"
"1969-12-30 09:00","1969","12","30","09:00"," ","-11,10","","-13,90","","78,00","","32,00","","5,00","","16,10","","101,39","","","","-14,00","","Nuageux"
"1969-12-30 10:00","1969","12","30","10:00"," ","-10,60","","-13,90","","76,00","","32,00","","3,00","","11,30","","101,46","","","","-12,00","","Nuageux"
"1969-12-30 11:00","1969","12","30","11:00"," ","-8,90","","-12,20","","76,00","","32,00","","6,00","","4,80","","101,44","","","","-12,00","","Brume sèche"
"1969-12-30 12:00","1969","12","30","12:00"," ","-7,80","","-11,70","","72,00","","0,00","","0,00","","4,80","","101,34","","","","","","Brume sèche"
"1969-12-30 13:00","1969","12","30","13:00"," ","-7,80","","-11,70","","72,00","","0,00","","0,00","","4,80","","101,32","","","","","","Brume sèche"
"1969-12-30 14:00","1969","12","30","14:00"," ","-9,40","","-12,20","","79,00","","25,00","","6,00","","4,80","","101,27","","","","-13,00","","Brume sèche"
"1969-12-30 15:00","1969","12","30","15:00"," ","-9,40","","-12,20","","79,00","","23,00","","6,00","","8,00","","101,27","","","","-13,00","","Brume sèche"
"1969-12-30 16:00","1969","12","30","16:00"," ","-10,00","","-13,30","","75,00","","25,00","","3,00","","6,40","","101,33","","","","-12,00","","Brume sèche"
"1969-12-30 17:00","1969","12","30","17:00"," ","-9,40","","-11,70","","82,00","","27,00","","3,00","","6,40","","101,36","","","","-11,00","","Brume sèche"
"1969-12-30 18:00","1969","12","30","18:00"," ","-10,60","","-14,40","","73,00","","27,00","","2,00","","6,40","","101,32","","","","-12,00","","Brume sèche"
"1969-12-30 19:00","1969","12","30","19:00"," ","-11,10","","-13,30","","83,00","","0,00","","0,00","","6,40","","101,30","","","","","","Brume sèche"
"1969-12-30 20:00","1969","12","30","20:00"," ","-15,60","","-16,10","","95,00","","32,00","","3,00","","6,40","","101,30","","","","-18,00","","Brouillard"
"1969-12-30 21:00","1969","12","30","21:00"," ","-15,60","","-15,60","","99,00","","32,00","","2,00","","6,40","","101,37","","","","-17,00","","Brouillard"
"1969-12-30 22:00","1969","12","30","22:00"," ","-14,40","","-15,60","","91,00","","2,00","","5,00","","4,00","","101,42","","","","-18,00","","Brouillard"
"1969-12-30 23:00","1969","12","30","23:00"," ","-13,90","","-15,60","","85,00","","5,00","","5,00","","3,20","","101,39","","","","-17,00","","Brouillard"
"1969-12-31 00:00","1969","12","31","00:00"," ","-18,90","","-21,10","","83,00","","5,00","","5,00","","3,20","","101,30","","","","-23,00","","Brouillard"
"1969-12-31 01:00","1969","12","31","01:00"," ","-16,70","","-20,00","","76,00","","2,00","","3,00","","6,40","","101,28","","","","-19,00","","Brouillard"
"1969-12-31 02:00","1969","12","31","02:00"," ","-16,70","","-19,40","","78,00","","2,00","","3,00","","11,30","","101,27","","","","-19,00","","Dégagé"
"1969-12-31 03:00","1969","12","31","03:00"," ","-20,60","","-24,40","","69,00","","0,00","","0,00","","12,90","","101,27","","","","","","Dégagé"
"1969-12-31 04:00","1969","12","31","04:00"," ","-18,30","","-21,70","","76,00","","2,00","","8,00","","12,90","","101,10","","","","-24,00","","Dégagé"
"1969-12-31 05:00","1969","12","31","05:00"," ","-16,70","","-19,40","","78,00","","2,00","","3,00","","12,90","","101,03","","","","-19,00","","Généralement dégagé"
"1969-12-31 06:00","1969","12","31","06:00"," ","-15,60","","-18,90","","75,00","","7,00","","8,00","","12,90","","101,00","","","","-21,00","","Généralement dégagé"
"1969-12-31 07:00","1969","12","31","07:00"," ","-15,00","","-17,80","","78,00","","7,00","","6,00","","12,90","","100,99","","","","-19,00","","Généralement nuageux"
"1969-12-31 08:00","1969","12","31","08:00"," ","-15,00","","-19,40","","68,00","","5,00","","6,00","","16,10","","101,06","","","","-19,00","","Généralement nuageux"
"1969-12-31 09:00","1969","12","31","09:00"," ","-14,40","","-20,00","","63,00","","2,00","","6,00","","12,90","","101,02","","","","-19,00","","Nuageux"
"1969-12-31 10:00","1969","12","31","10:00"," ","-15,00","","-20,60","","61,00","","2,00","","5,00","","12,90","","101,00","","","","-19,00","","Nuageux"
"1969-12-31 11:00","1969","12","31","11:00"," ","-15,60","","-19,40","","71,00","","34,00","","6,00","","6,40","","100,89","","","","-20,00","","Brume sèche"
"1969-12-31 12:00","1969","12","31","12:00"," ","-14,40","","-18,90","","69,00","","29,00","","6,00","","4,80","","100,87","","","","-19,00","","Brume sèche"
"1969-12-31 13:00","1969","12","31","13:00"," ","-13,90","","-18,90","","66,00","","27,00","","8,00","","6,40","","100,92","","","","-19,00","","Brume sèche"
"1969-12-31 14:00","1969","12","31","14:00"," ","-13,90","","-19,40","","62,00","","25,00","","8,00","","8,00","","100,99","","","","-19,00","","Brume sèche"
"1969-12-31 15:00","1969","12","31","15:00"," ","-13,90","","-20,60","","56,00","","25,00","","11,00","","24,10","","101,00","","","","-20,00","","Généralement dégagé"
"1969-12-31 16:00","1969","12","31","16:00"," ","-15,60","","-22,20","","56,00","","25,00","","8,00","","24,10","","101,05","","","","-21,00","","Généralement nuageux"
"1969-12-31 17:00","1969","12","31","17:00"," ","-16,10","","-21,70","","63,00","","25,00","","10,00","","24,10","","101,10","","","","-23,00","","Généralement nuageux"
"1969-12-31 18:00","1969","12","31","18:00"," ","-17,20","","-23,90","","55,00","","25,00","","5,00","","25,00","","101,16","","","","-21,00","","Généralement dégagé"
"1969-12-31 19:00","1969","12","31","19:00"," ","-17,80","","-25,00","","54,00","","27,00","","6,00","","25,00","","101,20","","","","-22,00","","Généralement dégagé"
"1969-12-31 20:00","1969","12","31","20:00"," ","-16,70","","-23,30","","57,00","","29,00","","5,00","","25,00","","101,30","","","","-21,00","","Généralement dégagé"
"1969-12-31 21:00","1969","12","31","21:00"," ","-17,80","","-24,40","","56,00","","0,00","","0,00","","25,00","","101,36","","","","","","Généralement dégagé"
"1969-12-31 22:00","1969","12","31","22:00"," ","-17,80","","-24,40","","56,00","","36,00","","11,00","","25,00","","101,41","","","","-25,00","","Généralement dégagé"
"1969-12-31 23:00","1969","12","31","23:00"," ","-17,80","","-24,40","","56,00","","32,00","","10,00","","25,00","","101,46","","","","-25,00","","Généralement dégagé"
