"Nom de la Station","KUUJJUARAPIK A"
"Province","QUEBEC"
"Latitude","55,28"
"Longitude","-77,75"
"Altitude","10,40"
"Identification Climat","7103536"
"Identification OMM",""
"Identification TC","YGW"
"Toutes les heures sont exprimées en heure normale locale (HNL). Pour convertir l'heure locale en heure avancée de l'Est (HAE), ajoutez 1 heure s'il y a lieu."

"Légende"
"M","Données Manquantes"
"E","Valeur Estimée"
"ND","Non Disponible"
"**","Données fournies par un partenaire, non assujetties à un révision par les Archives climatiques nationales du Canada"

"Date/Heure","Année","Mois","Jour","Heure","Qualité des Données","Temp (°C)","Temp Indicateur","Point de rosée (°C)","Point de rosée Indicateur","Hum. rel (%)","Hum. rel. Indicateur","Dir. du vent (10s deg)","Dir. du vent Indicateur","Vit. du vent (km/h)","Vit. du vent Indicateur","Visibilité (km)","Visibilité Indicateur","Pression à la station (kPa)","Pression à la station Indicateur","Hmdx","Hmdx Indicateur","Refroid. éolien","Refroid. éolien Indicateur","Temps"
"1975-06-01 00:00","1975","06","01","00:00"," ","-1,10","","-2,80","","91,00","","35,00","","13,00","","3,20","","100,49","","","","-5,00","","Brouillard"
"1975-06-01 01:00","1975","06","01","01:00"," ","-1,10","","-2,20","","91,00","","32,00","","13,00","","3,20","","100,53","","","","-5,00","","Brouillard"
"1975-06-01 02:00","1975","06","01","02:00"," ","-1,10","","-2,20","","91,00","","33,00","","14,00","","9,70","","100,51","","","","-6,00","","Brouillard"
"1975-06-01 03:00","1975","06","01","03:00"," ","-1,70","","-2,80","","92,00","","32,00","","14,00","","24,10","","100,52","","","","-6,00","","Nuageux"
"1975-06-01 04:00","1975","06","01","04:00"," ","-1,10","","-2,80","","91,00","","33,00","","14,00","","24,10","","100,59","","","","-6,00","","Nuageux"
"1975-06-01 05:00","1975","06","01","05:00"," ","-1,10","","-2,20","","92,00","","33,00","","14,00","","24,10","","100,60","","","","-6,00","","Nuageux"
"1975-06-01 06:00","1975","06","01","06:00"," ","-0,60","","-2,20","","91,00","","33,00","","10,00","","24,10","","100,60","","","","-4,00","","Nuageux"
"1975-06-01 07:00","1975","06","01","07:00"," ","-0,60","","-1,70","","92,00","","30,00","","10,00","","24,10","","100,63","","","","-4,00","","Nuageux"
"1975-06-01 08:00","1975","06","01","08:00"," ","0,00","","-1,70","","88,00","","31,00","","11,00","","24,10","","100,65","","","","-4,00","","Nuageux"
"1975-06-01 09:00","1975","06","01","09:00"," ","0,00","","-2,20","","84,00","","33,00","","11,00","","24,10","","100,65","","","","-4,00","","Nuageux"
"1975-06-01 10:00","1975","06","01","10:00"," ","0,60","","-1,70","","84,00","","33,00","","10,00","","24,10","","100,65","","","","","","Nuageux"
"1975-06-01 11:00","1975","06","01","11:00"," ","1,10","","-1,70","","80,00","","29,00","","14,00","","24,10","","100,65","","","","","","Nuageux"
"1975-06-01 12:00","1975","06","01","12:00"," ","0,60","","-1,70","","83,00","","30,00","","14,00","","24,10","","100,69","","","","","","Nuageux"
"1975-06-01 13:00","1975","06","01","13:00"," ","0,60","","-1,70","","86,00","","30,00","","14,00","","16,10","","100,69","","","","","","Nuageux"
"1975-06-01 14:00","1975","06","01","14:00"," ","0,60","","-1,10","","89,00","","30,00","","16,00","","12,90","","100,71","","","","","","Nuageux"
"1975-06-01 15:00","1975","06","01","15:00"," ","1,10","","-1,10","","85,00","","28,00","","14,00","","16,10","","100,73","","","","","","Nuageux"
"1975-06-01 16:00","1975","06","01","16:00"," ","0,60","","-1,10","","85,00","","28,00","","13,00","","16,10","","100,76","","","","","","Nuageux"
"1975-06-01 17:00","1975","06","01","17:00"," ","1,10","","-1,70","","84,00","","30,00","","14,00","","24,10","","100,78","","","","","","Nuageux"
"1975-06-01 18:00","1975","06","01","18:00"," ","0,60","","-2,20","","81,00","","27,00","","16,00","","24,10","","100,80","","","","","","Nuageux"
"1975-06-01 19:00","1975","06","01","19:00"," ","0,60","","-2,20","","83,00","","28,00","","16,00","","24,10","","100,80","","","","","","Nuageux"
"1975-06-01 20:00","1975","06","01","20:00"," ","0,60","","-2,20","","84,00","","29,00","","14,00","","24,10","","100,79","","","","","","Nuageux"
"1975-06-01 21:00","1975","06","01","21:00"," ","0,60","","-1,70","","88,00","","29,00","","16,00","","16,10","","100,79","","","","","","Nuageux"
"1975-06-01 22:00","1975","06","01","22:00"," ","0,60","","-1,70","","87,00","","28,00","","19,00","","16,10","","100,78","","","","","","Nuageux"
"1975-06-01 23:00","1975","06","01","23:00"," ","0,60","","-1,70","","86,00","","28,00","","19,00","","16,10","","100,77","","","","","","Nuageux"
"1975-06-02 00:00","1975","06","02","00:00"," ","0,00","","-2,20","","86,00","","26,00","","14,00","","16,10","","100,72","","","","-4,00","","Nuageux"
"1975-06-02 01:00","1975","06","02","01:00"," ","-1,10","","-2,20","","90,00","","26,00","","21,00","","6,40","","100,72","","","","-7,00","","Brouillard"
"1975-06-02 02:00","1975","06","02","02:00"," ","0,00","","-2,20","","88,00","","25,00","","14,00","","24,10","","100,72","","","","-4,00","","Nuageux"
"1975-06-02 03:00","1975","06","02","03:00"," ","0,00","","-2,20","","86,00","","24,00","","10,00","","24,10","","100,70","","","","-3,00","","Nuageux"
"1975-06-02 04:00","1975","06","02","04:00"," ","0,00","","-2,20","","86,00","","26,00","","13,00","","24,10","","100,71","","","","-4,00","","Nuageux"
"1975-06-02 05:00","1975","06","02","05:00"," ","0,00","","-1,70","","88,00","","25,00","","13,00","","24,10","","100,73","","","","-4,00","","Nuageux"
"1975-06-02 06:00","1975","06","02","06:00"," ","0,00","","-1,70","","89,00","","26,00","","14,00","","24,10","","100,73","","","","-4,00","","Nuageux"
"1975-06-02 07:00","1975","06","02","07:00"," ","0,00","","-1,70","","88,00","","27,00","","11,00","","16,10","","100,74","","","","-4,00","","Nuageux"
"1975-06-02 08:00","1975","06","02","08:00"," ","0,60","","0,00","","96,00","","29,00","","14,00","","4,80","","100,74","","","","","","Brouillard"
"1975-06-02 09:00","1975","06","02","09:00"," ","0,60","","0,00","","93,00","","28,00","","11,00","","16,10","","100,73","","","","","","Nuageux"
"1975-06-02 10:00","1975","06","02","10:00"," ","2,20","","0,00","","85,00","","35,00","","8,00","","24,10","","100,73","","","","","","Généralement nuageux"
"1975-06-02 11:00","1975","06","02","11:00"," ","2,80","","-1,10","","75,00","","32,00","","8,00","","24,10","","100,76","","","","","","Généralement nuageux"
"1975-06-02 12:00","1975","06","02","12:00"," ","3,30","","-1,10","","71,00","","35,00","","11,00","","24,10","","100,75","","","","","","Généralement nuageux"
"1975-06-02 13:00","1975","06","02","13:00"," ","2,80","","-1,10","","75,00","","33,00","","14,00","","24,10","","100,73","","","","","","Généralement nuageux"
"1975-06-02 14:00","1975","06","02","14:00"," ","2,80","","-1,70","","71,00","","34,00","","13,00","","24,10","","100,75","","","","","","Généralement dégagé"
"1975-06-02 15:00","1975","06","02","15:00"," ","2,20","","-1,70","","73,00","","35,00","","11,00","","24,10","","100,77","","","","","","Généralement dégagé"
"1975-06-02 16:00","1975","06","02","16:00"," ","2,80","","-1,70","","73,00","","1,00","","19,00","","24,10","","100,79","","","","","","Généralement dégagé"
"1975-06-02 17:00","1975","06","02","17:00"," ","2,20","","-2,20","","73,00","","2,00","","14,00","","24,10","","100,82","","","","","","Généralement dégagé"
"1975-06-02 18:00","1975","06","02","18:00"," ","1,70","","-2,80","","73,00","","3,00","","16,00","","24,10","","100,81","","","","","","Généralement nuageux"
"1975-06-02 19:00","1975","06","02","19:00"," ","1,70","","-2,80","","72,00","","3,00","","19,00","","24,10","","100,83","","","","","","Généralement nuageux"
"1975-06-02 20:00","1975","06","02","20:00"," ","0,60","","-2,20","","83,00","","1,00","","11,00","","24,10","","100,87","","","","","","Généralement nuageux"
"1975-06-02 21:00","1975","06","02","21:00"," ","0,60","","-2,20","","83,00","","5,00","","11,00","","24,10","","100,85","","","","","","Nuageux"
"1975-06-02 22:00","1975","06","02","22:00"," ","0,60","","-2,20","","80,00","","5,00","","11,00","","24,10","","100,85","","","","","","Nuageux"
"1975-06-02 23:00","1975","06","02","23:00"," ","0,60","","-2,80","","80,00","","5,00","","8,00","","24,10","","100,81","","","","","","Nuageux"
"1975-06-03 00:00","1975","06","03","00:00"," ","0,00","","-2,80","","82,00","","6,00","","5,00","","24,10","","100,81","","","","-2,00","","Généralement dégagé"
"1975-06-03 01:00","1975","06","03","01:00"," ","-0,60","","-2,20","","87,00","","0,00","","0,00","","24,10","","100,81","","","","","","Généralement dégagé"
"1975-06-03 02:00","1975","06","03","02:00"," ","-0,60","","-2,80","","86,00","","0,00","","0,00","","24,10","","100,80","","","","","","Généralement nuageux"
"1975-06-03 03:00","1975","06","03","03:00"," ","-1,10","","-2,80","","89,00","","0,00","","0,00","","24,10","","100,81","","","","","","Généralement nuageux"
"1975-06-03 04:00","1975","06","03","04:00"," ","-1,10","","-2,80","","89,00","","0,00","","0,00","","24,10","","100,81","","","","","","Généralement nuageux"
"1975-06-03 05:00","1975","06","03","05:00"," ","0,60","","-2,20","","83,00","","11,00","","11,00","","24,10","","100,84","","","","","","Généralement nuageux"
"1975-06-03 06:00","1975","06","03","06:00"," ","1,70","","0,00","","88,00","","0,00","","0,00","","24,10","","100,92","","","","","","Généralement nuageux"
"1975-06-03 07:00","1975","06","03","07:00"," ","2,20","","-1,10","","78,00","","0,00","","0,00","","24,10","","100,92","","","","","","Généralement dégagé"
"1975-06-03 08:00","1975","06","03","08:00"," ","3,30","","-1,10","","73,00","","1,00","","11,00","","24,10","","100,85","","","","","","Généralement dégagé"
"1975-06-03 09:00","1975","06","03","09:00"," ","3,90","","-1,10","","72,00","","1,00","","14,00","","24,10","","100,82","","","","","","Généralement dégagé"
"1975-06-03 10:00","1975","06","03","10:00"," ","3,90","","-1,10","","68,00","","3,00","","14,00","","24,10","","100,83","","","","","","Généralement nuageux"
"1975-06-03 11:00","1975","06","03","11:00"," ","5,60","","-0,60","","62,00","","4,00","","16,00","","24,10","","100,80","","","","","","Généralement nuageux"
"1975-06-03 12:00","1975","06","03","12:00"," ","7,80","","-1,10","","54,00","","2,00","","19,00","","24,10","","100,72","","","","","","Généralement nuageux"
"1975-06-03 13:00","1975","06","03","13:00"," ","7,80","","-1,10","","53,00","","3,00","","19,00","","24,10","","100,64","","","","","","Généralement nuageux"
"1975-06-03 14:00","1975","06","03","14:00"," ","8,30","","-1,10","","51,00","","4,00","","19,00","","24,10","","100,61","","","","","","Nuageux"
"1975-06-03 15:00","1975","06","03","15:00"," ","11,70","","-0,60","","44,00","","16,00","","19,00","","24,10","","100,59","","","","","","Nuageux"
"1975-06-03 16:00","1975","06","03","16:00"," ","11,70","","-1,70","","40,00","","17,00","","13,00","","24,10","","100,57","","","","","","Nuageux"
"1975-06-03 17:00","1975","06","03","17:00"," ","11,10","","-1,10","","43,00","","17,00","","19,00","","24,10","","100,52","","","","","","Nuageux"
"1975-06-03 18:00","1975","06","03","18:00"," ","9,40","","0,00","","51,00","","16,00","","21,00","","19,30","","100,53","","","","","","Pluie"
"1975-06-03 19:00","1975","06","03","19:00"," ","7,80","","2,20","","69,00","","13,00","","14,00","","19,30","","100,50","","","","","","Pluie"
"1975-06-03 20:00","1975","06","03","20:00"," ","8,30","","0,60","","59,00","","11,00","","23,00","","24,10","","100,36","","","","","","Généralement nuageux"
"1975-06-03 21:00","1975","06","03","21:00"," ","8,90","","0,00","","53,00","","12,00","","23,00","","24,10","","100,29","","","","","","Généralement nuageux"
"1975-06-03 22:00","1975","06","03","22:00"," ","10,00","","0,00","","50,00","","13,00","","23,00","","24,10","","100,28","","","","","","Généralement nuageux"
"1975-06-03 23:00","1975","06","03","23:00"," ","10,00","","-0,60","","48,00","","12,00","","23,00","","24,10","","100,23","","","","","","Généralement nuageux"
"1975-06-04 00:00","1975","06","04","00:00"," ","10,00","","0,00","","51,00","","12,00","","34,00","","24,10","","100,17","","","","","","Nuageux"
"1975-06-04 01:00","1975","06","04","01:00"," ","9,40","","0,00","","51,00","","12,00","","35,00","","24,10","","100,14","","","","","","Nuageux"
"1975-06-04 02:00","1975","06","04","02:00"," ","8,90","","0,00","","55,00","","4,00","","37,00","","24,10","","100,02","","","","","","Généralement nuageux"
"1975-06-04 03:00","1975","06","04","03:00"," ","8,30","","0,60","","57,00","","5,00","","37,00","","24,10","","99,92","","","","","","Généralement nuageux"
"1975-06-04 04:00","1975","06","04","04:00"," ","8,30","","0,00","","56,00","","15,00","","39,00","","24,10","","99,94","","","","","","Généralement nuageux"
"1975-06-04 05:00","1975","06","04","05:00"," ","8,90","","1,70","","60,00","","16,00","","40,00","","24,10","","99,96","","","","","","Généralement nuageux"
"1975-06-04 06:00","1975","06","04","06:00"," ","9,40","","0,60","","54,00","","17,00","","40,00","","24,10","","99,94","","","","","","Généralement nuageux"
"1975-06-04 07:00","1975","06","04","07:00"," ","10,00","","1,10","","54,00","","17,00","","37,00","","24,10","","99,98","","","","","","Généralement nuageux"
"1975-06-04 08:00","1975","06","04","08:00"," ","12,20","","2,20","","50,00","","17,00","","34,00","","24,10","","100,00","","","","","","Généralement nuageux"
"1975-06-04 09:00","1975","06","04","09:00"," ","15,60","","3,90","","47,00","","17,00","","34,00","","24,10","","100,02","","","","","","Généralement nuageux"
"1975-06-04 10:00","1975","06","04","10:00"," ","17,80","","6,70","","47,00","","19,00","","29,00","","24,10","","100,04","","","","","","Généralement dégagé"
"1975-06-04 11:00","1975","06","04","11:00"," ","6,70","","1,10","","68,00","","29,00","","23,00","","24,10","","100,13","","","","","","Généralement dégagé"
"1975-06-04 12:00","1975","06","04","12:00"," ","6,10","","2,20","","78,00","","31,00","","10,00","","24,10","","100,23","","","","","","Généralement dégagé"
"1975-06-04 13:00","1975","06","04","13:00"," ","6,10","","2,20","","76,00","","33,00","","8,00","","24,10","","100,26","","","","","","Généralement nuageux"
"1975-06-04 14:00","1975","06","04","14:00"," ","7,20","","2,80","","75,00","","32,00","","14,00","","24,10","","100,36","","","","","","Généralement nuageux"
"1975-06-04 15:00","1975","06","04","15:00"," ","5,60","","2,20","","78,00","","29,00","","11,00","","24,10","","100,36","","","","","","Généralement dégagé"
"1975-06-04 16:00","1975","06","04","16:00"," ","6,10","","1,70","","74,00","","29,00","","14,00","","24,10","","100,36","","","","","","Généralement dégagé"
"1975-06-04 17:00","1975","06","04","17:00"," ","5,00","","1,10","","78,00","","30,00","","11,00","","24,10","","100,40","","","","","","Généralement dégagé"
"1975-06-04 18:00","1975","06","04","18:00"," ","4,40","","1,10","","79,00","","29,00","","11,00","","24,10","","100,40","","","","","","Généralement dégagé"
"1975-06-04 19:00","1975","06","04","19:00"," ","3,90","","0,60","","81,00","","28,00","","3,00","","24,10","","100,50","","","","","","Nuageux"
"1975-06-04 20:00","1975","06","04","20:00"," ","2,20","","0,00","","85,00","","29,00","","14,00","","24,10","","100,50","","","","","","Nuageux"
"1975-06-04 21:00","1975","06","04","21:00"," ","1,70","","0,00","","90,00","","29,00","","16,00","","4,80","","100,51","","","","","","Brouillard"
"1975-06-04 22:00","1975","06","04","22:00"," ","1,10","","-0,60","","90,00","","27,00","","13,00","","1,60","","100,56","","","","","","Brouillard"
"1975-06-04 23:00","1975","06","04","23:00"," ","0,60","","-1,10","","91,00","","26,00","","11,00","","3,20","","100,60","","","","","","Brouillard"
"1975-06-05 00:00","1975","06","05","00:00"," ","0,00","","-1,10","","91,00","","27,00","","14,00","","3,20","","100,57","","","","-4,00","","Brouillard"
"1975-06-05 01:00","1975","06","05","01:00"," ","0,00","","-1,10","","93,00","","27,00","","13,00","","3,20","","100,58","","","","-4,00","","Brouillard"
"1975-06-05 02:00","1975","06","05","02:00"," ","0,00","","-1,10","","92,00","","25,00","","11,00","","3,20","","100,59","","","","-4,00","","Bruine,Brouillard"
"1975-06-05 03:00","1975","06","05","03:00"," ","-0,60","","-1,70","","91,00","","25,00","","11,00","","3,20","","100,59","","","","-4,00","","Bruine,Brouillard"
"1975-06-05 04:00","1975","06","05","04:00"," ","-0,60","","-1,10","","94,00","","23,00","","3,00","","3,20","","100,63","","","","-2,00","","Bruine,Brouillard"
"1975-06-05 05:00","1975","06","05","05:00"," ","-1,10","","-1,70","","95,00","","23,00","","5,00","","1,60","","100,65","","","","-3,00","","Bruine,Brouillard"
"1975-06-05 06:00","1975","06","05","06:00"," ","-0,60","","-1,70","","91,00","","25,00","","11,00","","4,80","","100,65","","","","-4,00","","Brouillard"
"1975-06-05 07:00","1975","06","05","07:00"," ","0,00","","-1,10","","93,00","","30,00","","8,00","","4,80","","100,66","","","","-3,00","","Brouillard"
"1975-06-05 08:00","1975","06","05","08:00"," ","1,10","","-0,60","","90,00","","29,00","","8,00","","16,10","","100,67","","","","","","Généralement nuageux"
"1975-06-05 09:00","1975","06","05","09:00"," ","1,10","","-1,10","","84,00","","32,00","","10,00","","16,10","","100,70","","","","","","Généralement nuageux"
"1975-06-05 10:00","1975","06","05","10:00"," ","1,70","","-1,70","","78,00","","30,00","","10,00","","16,10","","100,69","","","","","","Généralement nuageux"
"1975-06-05 11:00","1975","06","05","11:00"," ","1,70","","-1,10","","81,00","","31,00","","11,00","","24,10","","100,69","","","","","","Généralement dégagé"
"1975-06-05 12:00","1975","06","05","12:00"," ","2,20","","-1,70","","77,00","","33,00","","13,00","","24,10","","100,67","","","","","","Généralement dégagé"
"1975-06-05 13:00","1975","06","05","13:00"," ","1,70","","-1,70","","77,00","","36,00","","19,00","","24,10","","100,63","","","","","","Généralement dégagé"
"1975-06-05 14:00","1975","06","05","14:00"," ","2,80","","-1,70","","72,00","","1,00","","19,00","","24,10","","100,61","","","","","","Généralement dégagé"
"1975-06-05 15:00","1975","06","05","15:00"," ","2,20","","-2,20","","73,00","","1,00","","19,00","","24,10","","100,60","","","","","","Généralement dégagé"
"1975-06-05 16:00","1975","06","05","16:00"," ","2,80","","-1,10","","74,00","","1,00","","23,00","","24,10","","100,59","","","","","","Généralement dégagé"
"1975-06-05 17:00","1975","06","05","17:00"," ","3,90","","-0,60","","72,00","","2,00","","23,00","","24,10","","100,52","","","","","","Généralement dégagé"
"1975-06-05 18:00","1975","06","05","18:00"," ","2,80","","-1,10","","76,00","","1,00","","23,00","","24,10","","100,51","","","","","","Généralement dégagé"
"1975-06-05 19:00","1975","06","05","19:00"," ","2,80","","-1,10","","75,00","","1,00","","24,00","","24,10","","100,50","","","","","","Généralement dégagé"
"1975-06-05 20:00","1975","06","05","20:00"," ","1,70","","-1,10","","82,00","","3,00","","11,00","","24,10","","100,50","","","","","","Généralement dégagé"
"1975-06-05 21:00","1975","06","05","21:00"," ","1,10","","-1,10","","86,00","","4,00","","11,00","","24,10","","100,50","","","","","","Généralement dégagé"
"1975-06-05 22:00","1975","06","05","22:00"," ","0,60","","-0,60","","90,00","","4,00","","8,00","","24,10","","100,45","","","","","","Généralement dégagé"
"1975-06-05 23:00","1975","06","05","23:00"," ","0,60","","-0,60","","93,00","","5,00","","10,00","","24,10","","100,42","","","","","","Généralement dégagé"
"1975-06-06 00:00","1975","06","06","00:00"," ","0,60","","-0,60","","90,00","","4,00","","10,00","","3,20","","100,40","","","","","","Brouillard"
"1975-06-06 01:00","1975","06","06","01:00"," ","0,60","","-0,60","","93,00","","3,00","","11,00","","1,60","","100,34","","","","","","Brouillard"
"1975-06-06 02:00","1975","06","06","02:00"," ","-1,10","","-1,10","","99,00","","0,00","","0,00","","3,20","","100,30","","","","","","Brouillard"
"1975-06-06 03:00","1975","06","06","03:00"," ","0,00","","-1,10","","91,00","","0,00","","0,00","","2,40","","100,29","","","","","","Brouillard"
"1975-06-06 04:00","1975","06","06","04:00"," ","0,00","","-0,60","","94,00","","4,00","","8,00","","1,00","","100,29","","","","-3,00","","Brouillard"
"1975-06-06 05:00","1975","06","06","05:00"," ","1,10","","0,00","","93,00","","2,00","","13,00","","0,20","","100,28","","","","","","Brouillard"
"1975-06-06 06:00","1975","06","06","06:00"," ","1,10","","0,00","","92,00","","3,00","","14,00","","0,20","","100,31","","","","","","Brouillard"
"1975-06-06 07:00","1975","06","06","07:00"," ","2,20","","1,70","","96,00","","3,00","","14,00","","0,40","","100,32","","","","","","Brouillard"
"1975-06-06 08:00","1975","06","06","08:00"," ","2,20","","1,10","","91,00","","2,00","","19,00","","0,80","","100,28","","","","","","Brouillard"
"1975-06-06 09:00","1975","06","06","09:00"," ","3,30","","1,70","","88,00","","2,00","","19,00","","12,90","","100,27","","","","","","Généralement nuageux"
"1975-06-06 10:00","1975","06","06","10:00"," ","3,30","","0,60","","83,00","","36,00","","19,00","","16,10","","100,25","","","","","","Généralement dégagé"
"1975-06-06 11:00","1975","06","06","11:00"," ","3,90","","0,60","","79,00","","1,00","","24,00","","16,10","","100,21","","","","","","Généralement dégagé"
"1975-06-06 12:00","1975","06","06","12:00"," ","3,90","","1,10","","83,00","","36,00","","23,00","","12,90","","100,17","","","","","","Généralement nuageux"
"1975-06-06 13:00","1975","06","06","13:00"," ","3,90","","1,10","","80,00","","36,00","","23,00","","12,90","","100,16","","","","","","Généralement dégagé"
"1975-06-06 14:00","1975","06","06","14:00"," ","5,00","","1,70","","79,00","","36,00","","23,00","","16,10","","100,12","","","","","","Généralement dégagé"
"1975-06-06 15:00","1975","06","06","15:00"," ","5,60","","2,20","","79,00","","36,00","","26,00","","16,10","","100,11","","","","","","Généralement dégagé"
"1975-06-06 16:00","1975","06","06","16:00"," ","6,10","","2,20","","76,00","","36,00","","19,00","","24,10","","100,14","","","","","","Généralement dégagé"
"1975-06-06 17:00","1975","06","06","17:00"," ","6,10","","2,80","","78,00","","36,00","","11,00","","24,10","","100,13","","","","","","Généralement nuageux"
"1975-06-06 18:00","1975","06","06","18:00"," ","4,40","","1,70","","84,00","","33,00","","13,00","","24,10","","100,12","","","","","","Généralement nuageux"
"1975-06-06 19:00","1975","06","06","19:00"," ","3,90","","1,70","","86,00","","33,00","","13,00","","24,10","","100,16","","","","","","Généralement nuageux"
"1975-06-06 20:00","1975","06","06","20:00"," ","3,90","","1,70","","86,00","","34,00","","8,00","","24,10","","100,17","","","","","","Généralement nuageux"
"1975-06-06 21:00","1975","06","06","21:00"," ","3,90","","2,20","","90,00","","0,00","","0,00","","24,10","","100,21","","","","","","Généralement nuageux"
"1975-06-06 22:00","1975","06","06","22:00"," ","3,90","","2,20","","89,00","","0,00","","0,00","","24,10","","100,23","","","","","","Généralement dégagé"
"1975-06-06 23:00","1975","06","06","23:00"," ","3,30","","2,20","","93,00","","0,00","","0,00","","24,10","","100,26","","","","","","Généralement dégagé"
"1975-06-07 00:00","1975","06","07","00:00"," ","3,30","","1,70","","91,00","","0,00","","0,00","","24,10","","100,32","","","","","","Généralement nuageux"
"1975-06-07 01:00","1975","06","07","01:00"," ","3,90","","2,20","","89,00","","18,00","","3,00","","24,10","","100,34","","","","","","Généralement nuageux"
"1975-06-07 02:00","1975","06","07","02:00"," ","5,00","","3,30","","88,00","","16,00","","11,00","","24,10","","100,34","","","","","","Généralement nuageux"
"1975-06-07 03:00","1975","06","07","03:00"," ","3,30","","2,20","","90,00","","0,00","","0,00","","24,10","","100,40","","","","","","Généralement nuageux"
"1975-06-07 04:00","1975","06","07","04:00"," ","3,90","","1,70","","88,00","","2,00","","2,00","","16,10","","100,43","","","","","","Généralement nuageux"
"1975-06-07 05:00","1975","06","07","05:00"," ","4,40","","2,80","","90,00","","0,00","","0,00","","16,10","","100,59","","","","","","Généralement nuageux"
"1975-06-07 06:00","1975","06","07","06:00"," ","6,10","","4,40","","88,00","","0,00","","0,00","","16,10","","100,53","","","","","","Généralement nuageux"
"1975-06-07 07:00","1975","06","07","07:00"," ","7,20","","3,90","","81,00","","0,00","","0,00","","16,10","","100,59","","","","","","Généralement dégagé"
"1975-06-07 08:00","1975","06","07","08:00"," ","8,30","","3,90","","74,00","","0,00","","0,00","","24,10","","100,61","","","","","","Généralement nuageux"
"1975-06-07 09:00","1975","06","07","09:00"," ","12,20","","5,60","","64,00","","2,00","","8,00","","24,10","","100,63","","","","","","Généralement dégagé"
"1975-06-07 10:00","1975","06","07","10:00"," ","13,90","","5,60","","57,00","","2,00","","14,00","","24,10","","100,62","","","","","","Généralement dégagé"
"1975-06-07 11:00","1975","06","07","11:00"," ","12,20","","4,40","","60,00","","2,00","","16,00","","24,10","","100,66","","","","","","Généralement dégagé"
"1975-06-07 12:00","1975","06","07","12:00"," ","13,90","","5,00","","54,00","","2,00","","21,00","","24,10","","100,67","","","","","","Généralement dégagé"
"1975-06-07 13:00","1975","06","07","13:00"," ","15,00","","6,10","","57,00","","3,00","","24,00","","24,10","","100,68","","","","","","Généralement dégagé"
"1975-06-07 14:00","1975","06","07","14:00"," ","15,00","","6,10","","55,00","","2,00","","29,00","","24,10","","100,71","","","","","","Généralement dégagé"
"1975-06-07 15:00","1975","06","07","15:00"," ","16,70","","6,10","","51,00","","3,00","","34,00","","24,10","","100,72","","","","","","Généralement dégagé"
"1975-06-07 16:00","1975","06","07","16:00"," ","13,90","","5,60","","57,00","","2,00","","26,00","","24,10","","100,76","","","","","","Généralement dégagé"
"1975-06-07 17:00","1975","06","07","17:00"," ","17,20","","6,10","","48,00","","4,00","","27,00","","24,10","","100,76","","","","","","Généralement dégagé"
"1975-06-07 18:00","1975","06","07","18:00"," ","15,60","","5,60","","51,00","","3,00","","35,00","","24,10","","100,76","","","","","","Généralement dégagé"
"1975-06-07 19:00","1975","06","07","19:00"," ","15,00","","5,60","","52,00","","36,00","","19,00","","24,10","","100,89","","","","","","Généralement dégagé"
"1975-06-07 20:00","1975","06","07","20:00"," ","6,70","","2,80","","76,00","","30,00","","8,00","","24,10","","100,98","","","","","","Généralement dégagé"
"1975-06-07 21:00","1975","06","07","21:00"," ","5,00","","1,10","","77,00","","9,00","","3,00","","24,10","","101,00","","","","","","Généralement dégagé"
"1975-06-07 22:00","1975","06","07","22:00"," ","5,00","","2,80","","85,00","","9,00","","3,00","","24,10","","101,03","","","","","","Généralement dégagé"
"1975-06-07 23:00","1975","06","07","23:00"," ","4,40","","2,20","","85,00","","32,00","","3,00","","24,10","","101,04","","","","","","Généralement dégagé"
"1975-06-08 00:00","1975","06","08","00:00"," ","4,40","","2,80","","88,00","","31,00","","3,00","","24,10","","101,04","","","","","","Généralement dégagé"
"1975-06-08 01:00","1975","06","08","01:00"," ","3,90","","2,20","","86,00","","32,00","","5,00","","24,10","","101,05","","","","","","Dégagé"
"1975-06-08 02:00","1975","06","08","02:00"," ","3,30","","1,70","","90,00","","0,00","","0,00","","24,10","","101,06","","","","","","Généralement dégagé"
"1975-06-08 03:00","1975","06","08","03:00"," ","2,80","","2,20","","96,00","","0,00","","0,00","","8,00","","101,10","","","","","","Brouillard"
"1975-06-08 04:00","1975","06","08","04:00"," ","3,30","","2,20","","93,00","","0,00","","0,00","","8,00","","101,11","","","","","","Brouillard"
"1975-06-08 05:00","1975","06","08","05:00"," ","3,90","","2,20","","90,00","","0,00","","0,00","","0,00","","101,15","","","","","","Brouillard"
"1975-06-08 06:00","1975","06","08","06:00"," ","5,00","","4,40","","97,00","","0,00","","0,00","","16,10","","101,21","","","","","","Généralement dégagé"
"1975-06-08 07:00","1975","06","08","07:00"," ","5,60","","5,00","","94,00","","30,00","","3,00","","24,10","","101,23","","","","","","Dégagé"
"1975-06-08 08:00","1975","06","08","08:00"," ","6,10","","4,40","","86,00","","32,00","","5,00","","24,10","","101,28","","","","","","Dégagé"
"1975-06-08 09:00","1975","06","08","09:00"," ","6,70","","3,90","","82,00","","32,00","","5,00","","24,10","","101,31","","","","","","Dégagé"
"1975-06-08 10:00","1975","06","08","10:00"," ","6,70","","3,90","","81,00","","32,00","","8,00","","24,10","","101,33","","","","","","Dégagé"
"1975-06-08 11:00","1975","06","08","11:00"," ","7,20","","3,90","","80,00","","31,00","","8,00","","24,10","","101,34","","","","","","Dégagé"
"1975-06-08 12:00","1975","06","08","12:00"," ","7,80","","3,90","","77,00","","32,00","","11,00","","24,10","","101,34","","","","","","Dégagé"
"1975-06-08 13:00","1975","06","08","13:00"," ","7,80","","3,90","","76,00","","30,00","","11,00","","24,10","","101,38","","","","","","Généralement dégagé"
"1975-06-08 14:00","1975","06","08","14:00"," ","8,30","","4,40","","76,00","","31,00","","11,00","","24,10","","101,38","","","","","","Généralement dégagé"
"1975-06-08 15:00","1975","06","08","15:00"," ","8,90","","6,10","","85,00","","31,00","","11,00","","24,10","","101,40","","","","","","Généralement dégagé"
"1975-06-08 16:00","1975","06","08","16:00"," ","8,30","","4,40","","76,00","","31,00","","8,00","","24,10","","101,41","","","","","","Généralement dégagé"
"1975-06-08 17:00","1975","06","08","17:00"," ","8,30","","4,40","","77,00","","29,00","","11,00","","24,10","","101,43","","","","","","Généralement dégagé"
"1975-06-08 18:00","1975","06","08","18:00"," ","8,30","","3,90","","74,00","","30,00","","11,00","","24,10","","101,47","","","","","","Généralement dégagé"
"1975-06-08 19:00","1975","06","08","19:00"," ","7,20","","3,90","","77,00","","30,00","","8,00","","24,10","","101,48","","","","","","Généralement dégagé"
"1975-06-08 20:00","1975","06","08","20:00"," ","6,70","","3,30","","79,00","","30,00","","11,00","","24,10","","101,50","","","","","","Généralement dégagé"
"1975-06-08 21:00","1975","06","08","21:00"," ","6,10","","3,30","","83,00","","30,00","","8,00","","24,10","","101,50","","","","","","Généralement dégagé"
"1975-06-08 22:00","1975","06","08","22:00"," ","6,10","","3,30","","83,00","","30,00","","8,00","","24,10","","101,52","","","","","","Généralement dégagé"
"1975-06-08 23:00","1975","06","08","23:00"," ","5,00","","3,30","","88,00","","30,00","","5,00","","24,10","","101,52","","","","","","Généralement dégagé"
"1975-06-09 00:00","1975","06","09","00:00"," ","3,90","","2,20","","87,00","","17,00","","5,00","","24,10","","101,51","","","","","","Généralement dégagé"
"1975-06-09 01:00","1975","06","09","01:00"," ","3,30","","1,70","","87,00","","15,00","","13,00","","24,10","","101,53","","","","","","Dégagé"
"1975-06-09 02:00","1975","06","09","02:00"," ","3,30","","2,20","","90,00","","15,00","","13,00","","24,10","","101,56","","","","","","Dégagé"
"1975-06-09 03:00","1975","06","09","03:00"," ","4,40","","3,30","","93,00","","0,00","","0,00","","24,10","","101,59","","","","","","Dégagé"
"1975-06-09 04:00","1975","06","09","04:00"," ","3,30","","2,20","","92,00","","0,00","","0,00","","24,10","","101,61","","","","","","Généralement dégagé"
"1975-06-09 05:00","1975","06","09","05:00"," ","3,90","","1,70","","84,00","","14,00","","11,00","","24,10","","101,65","","","","","","Généralement dégagé"
"1975-06-09 06:00","1975","06","09","06:00"," ","7,20","","3,90","","82,00","","15,00","","8,00","","24,10","","101,72","","","","","","Généralement dégagé"
"1975-06-09 07:00","1975","06","09","07:00"," ","8,90","","5,60","","81,00","","0,00","","0,00","","24,10","","101,74","","","","","","Dégagé"
"1975-06-09 08:00","1975","06","09","08:00"," ","10,00","","5,60","","75,00","","0,00","","0,00","","24,10","","101,77","","","","","","Dégagé"
"1975-06-09 09:00","1975","06","09","09:00"," ","8,90","","6,70","","86,00","","34,00","","11,00","","24,10","","101,79","","","","","","Dégagé"
"1975-06-09 10:00","1975","06","09","10:00"," ","10,00","","5,00","","71,00","","30,00","","10,00","","24,10","","101,80","","","","","","Dégagé"
"1975-06-09 11:00","1975","06","09","11:00"," ","10,60","","5,60","","71,00","","30,00","","11,00","","24,10","","101,80","","","","","","Généralement dégagé"
"1975-06-09 12:00","1975","06","09","12:00"," ","11,70","","5,00","","64,00","","29,00","","11,00","","24,10","","101,80","","","","","","Généralement nuageux"
"1975-06-09 13:00","1975","06","09","13:00"," ","12,80","","5,60","","63,00","","32,00","","8,00","","24,10","","101,79","","","","","","Nuageux"
"1975-06-09 14:00","1975","06","09","14:00"," ","13,30","","5,00","","57,00","","33,00","","13,00","","24,10","","101,78","","","","","","Nuageux"
"1975-06-09 15:00","1975","06","09","15:00"," ","12,20","","5,00","","61,00","","33,00","","14,00","","24,10","","101,79","","","","","","Généralement nuageux"
"1975-06-09 16:00","1975","06","09","16:00"," ","11,10","","4,40","","63,00","","34,00","","14,00","","24,10","","101,85","","","","","","Généralement nuageux"
"1975-06-09 17:00","1975","06","09","17:00"," ","10,60","","3,90","","63,00","","1,00","","16,00","","24,10","","101,91","","","","","","Généralement dégagé"
"1975-06-09 18:00","1975","06","09","18:00"," ","11,70","","3,30","","56,00","","2,00","","14,00","","24,10","","101,87","","","","","","Généralement dégagé"
"1975-06-09 19:00","1975","06","09","19:00"," ","10,60","","3,30","","61,00","","2,00","","13,00","","24,10","","101,88","","","","","","Généralement dégagé"
"1975-06-09 20:00","1975","06","09","20:00"," ","8,30","","3,30","","72,00","","1,00","","14,00","","24,10","","101,90","","","","","","Généralement dégagé"
"1975-06-09 21:00","1975","06","09","21:00"," ","7,80","","3,30","","72,00","","0,00","","0,00","","24,10","","101,89","","","","","","Généralement dégagé"
"1975-06-09 22:00","1975","06","09","22:00"," ","6,70","","2,20","","72,00","","0,00","","0,00","","24,10","","101,95","","","","","","Généralement dégagé"
"1975-06-09 23:00","1975","06","09","23:00"," ","5,60","","2,80","","80,00","","0,00","","0,00","","24,10","","101,92","","","","","","Généralement dégagé"
"1975-06-10 00:00","1975","06","10","00:00"," ","4,40","","2,20","","84,00","","3,00","","3,00","","24,10","","101,95","","","","","","Généralement dégagé"
"1975-06-10 01:00","1975","06","10","01:00"," ","4,40","","2,80","","87,00","","5,00","","3,00","","24,10","","101,96","","","","","","Généralement dégagé"
"1975-06-10 02:00","1975","06","10","02:00"," ","3,90","","2,20","","90,00","","0,00","","0,00","","24,10","","101,98","","","","","","Généralement dégagé"
"1975-06-10 03:00","1975","06","10","03:00"," ","3,90","","1,70","","87,00","","0,00","","0,00","","24,10","","101,98","","","","","","Généralement dégagé"
"1975-06-10 04:00","1975","06","10","04:00"," ","3,90","","2,20","","89,00","","0,00","","0,00","","24,10","","101,98","","","","","","Généralement dégagé"
"1975-06-10 05:00","1975","06","10","05:00"," ","3,90","","2,20","","88,00","","0,00","","0,00","","24,10","","102,02","","","","","","Généralement nuageux"
"1975-06-10 06:00","1975","06","10","06:00"," ","5,00","","3,30","","88,00","","1,00","","2,00","","24,10","","102,03","","","","","","Généralement nuageux"
"1975-06-10 07:00","1975","06","10","07:00"," ","5,60","","3,30","","88,00","","33,00","","2,00","","24,10","","102,07","","","","","","Généralement nuageux"
"1975-06-10 08:00","1975","06","10","08:00"," ","6,10","","3,30","","82,00","","30,00","","5,00","","24,10","","102,10","","","","","","Nuageux"
"1975-06-10 09:00","1975","06","10","09:00"," ","7,80","","5,00","","82,00","","29,00","","3,00","","24,10","","102,10","","","","","","Généralement nuageux"
"1975-06-10 10:00","1975","06","10","10:00"," ","7,20","","2,80","","74,00","","30,00","","11,00","","24,10","","102,12","","","","","","Généralement nuageux"
"1975-06-10 11:00","1975","06","10","11:00"," ","6,70","","3,90","","81,00","","34,00","","11,00","","24,10","","102,13","","","","","","Généralement nuageux"
"1975-06-10 12:00","1975","06","10","12:00"," ","7,80","","3,90","","76,00","","31,00","","8,00","","24,10","","102,07","","","","","","Généralement nuageux"
"1975-06-10 13:00","1975","06","10","13:00"," ","9,40","","4,40","","73,00","","34,00","","13,00","","24,10","","101,98","","","","","","Généralement nuageux"
"1975-06-10 14:00","1975","06","10","14:00"," ","9,40","","5,00","","74,00","","34,00","","14,00","","24,10","","101,98","","","","","","Généralement dégagé"
"1975-06-10 15:00","1975","06","10","15:00"," ","8,30","","4,40","","77,00","","33,00","","13,00","","24,10","","102,00","","","","","","Généralement dégagé"
"1975-06-10 16:00","1975","06","10","16:00"," ","8,30","","5,00","","77,00","","35,00","","8,00","","24,10","","101,98","","","","","","Généralement dégagé"
"1975-06-10 17:00","1975","06","10","17:00"," ","7,80","","4,40","","78,00","","35,00","","11,00","","24,10","","101,91","","","","","","Généralement dégagé"
"1975-06-10 18:00","1975","06","10","18:00"," ","8,90","","5,00","","78,00","","35,00","","11,00","","24,10","","101,89","","","","","","Généralement nuageux"
"1975-06-10 19:00","1975","06","10","19:00"," ","8,30","","5,60","","81,00","","36,00","","11,00","","24,10","","101,87","","","","","","Généralement nuageux"
"1975-06-10 20:00","1975","06","10","20:00"," ","7,20","","5,00","","86,00","","35,00","","8,00","","24,10","","101,85","","","","","","Généralement nuageux"
"1975-06-10 21:00","1975","06","10","21:00"," ","6,10","","4,40","","87,00","","3,00","","3,00","","24,10","","101,78","","","","","","Généralement nuageux"
"1975-06-10 22:00","1975","06","10","22:00"," ","6,70","","4,40","","88,00","","0,00","","0,00","","24,10","","101,71","","","","","","Généralement nuageux"
"1975-06-10 23:00","1975","06","10","23:00"," ","6,10","","3,90","","88,00","","0,00","","0,00","","24,10","","101,69","","","","","","Généralement nuageux"
"1975-06-11 00:00","1975","06","11","00:00"," ","6,10","","5,00","","92,00","","0,00","","0,00","","24,10","","101,68","","","","","","Généralement nuageux"
"1975-06-11 01:00","1975","06","11","01:00"," ","5,60","","3,90","","89,00","","0,00","","0,00","","24,10","","101,65","","","","","","Généralement nuageux"
"1975-06-11 02:00","1975","06","11","02:00"," ","5,00","","3,30","","88,00","","0,00","","0,00","","24,10","","101,59","","","","","","Généralement nuageux"
"1975-06-11 03:00","1975","06","11","03:00"," ","5,60","","4,40","","89,00","","0,00","","0,00","","24,10","","101,57","","","","","","Généralement nuageux"
"1975-06-11 04:00","1975","06","11","04:00"," ","5,60","","2,20","","78,00","","14,00","","10,00","","24,10","","101,53","","","","","","Généralement nuageux"
"1975-06-11 05:00","1975","06","11","05:00"," ","5,60","","1,70","","75,00","","14,00","","10,00","","24,10","","101,52","","","","","","Généralement dégagé"
"1975-06-11 06:00","1975","06","11","06:00"," ","8,90","","6,10","","84,00","","14,00","","8,00","","24,10","","101,47","","","","","","Généralement dégagé"
"1975-06-11 07:00","1975","06","11","07:00"," ","13,90","","7,20","","65,00","","0,00","","0,00","","24,10","","101,38","","","","","","Généralement nuageux"
"1975-06-11 08:00","1975","06","11","08:00"," ","16,10","","7,20","","56,00","","0,00","","0,00","","24,10","","101,29","","","","","","Généralement nuageux"
"1975-06-11 09:00","1975","06","11","09:00"," ","17,80","","7,20","","51,00","","0,00","","0,00","","24,10","","101,22","","","","","","Généralement nuageux"
"1975-06-11 10:00","1975","06","11","10:00"," ","18,90","","6,70","","45,00","","30,00","","8,00","","24,10","","101,18","","","","","","Nuageux"
"1975-06-11 11:00","1975","06","11","11:00"," ","13,90","","6,10","","60,00","","0,00","","0,00","","24,10","","101,19","","","","","","Nuageux"
"1975-06-11 12:00","1975","06","11","12:00"," ","15,00","","5,60","","54,00","","1,00","","5,00","","24,10","","101,11","","","","","","Nuageux"
"1975-06-11 13:00","1975","06","11","13:00"," ","14,40","","5,00","","53,00","","4,00","","14,00","","24,10","","101,08","","","","","","Pluie"
"1975-06-11 14:00","1975","06","11","14:00"," ","15,60","","6,70","","56,00","","8,00","","14,00","","24,10","","101,02","","","","","","Pluie"
"1975-06-11 15:00","1975","06","11","15:00"," ","15,00","","5,60","","53,00","","12,00","","19,00","","24,10","","100,91","","","","","","Pluie"
"1975-06-11 16:00","1975","06","11","16:00"," ","16,10","","8,90","","61,00","","13,00","","19,00","","24,10","","100,82","","","","","","Nuageux"
"1975-06-11 17:00","1975","06","11","17:00"," ","16,70","","8,90","","60,00","","11,00","","14,00","","24,10","","100,80","","","","","","Pluie"
"1975-06-11 18:00","1975","06","11","18:00"," ","15,60","","9,40","","67,00","","12,00","","21,00","","24,10","","100,74","","","","","","Pluie"
"1975-06-11 19:00","1975","06","11","19:00"," ","14,40","","9,40","","71,00","","11,00","","24,00","","24,10","","100,62","","","","","","Nuageux"
"1975-06-11 20:00","1975","06","11","20:00"," ","15,00","","9,40","","69,00","","11,00","","23,00","","24,10","","100,52","","","","","","Nuageux"
"1975-06-11 21:00","1975","06","11","21:00"," ","15,00","","9,40","","70,00","","13,00","","26,00","","24,10","","100,48","","","","","","Nuageux"
"1975-06-11 22:00","1975","06","11","22:00"," ","15,00","","9,40","","70,00","","13,00","","23,00","","24,10","","100,41","","","","","","Nuageux"
"1975-06-11 23:00","1975","06","11","23:00"," ","15,60","","9,40","","67,00","","15,00","","23,00","","24,10","","100,37","","","","","","Nuageux"
"1975-06-12 00:00","1975","06","12","00:00"," ","16,70","","8,90","","61,00","","16,00","","26,00","","24,10","","100,28","","","","","","Nuageux"
"1975-06-12 01:00","1975","06","12","01:00"," ","16,10","","8,90","","61,00","","16,00","","26,00","","24,10","","100,24","","","","","","Nuageux"
"1975-06-12 02:00","1975","06","12","02:00"," ","15,60","","8,90","","65,00","","16,00","","21,00","","24,10","","100,22","","","","","","Généralement nuageux"
"1975-06-12 03:00","1975","06","12","03:00"," ","15,60","","9,40","","67,00","","16,00","","23,00","","24,10","","100,19","","","","","","Généralement nuageux"
"1975-06-12 04:00","1975","06","12","04:00"," ","15,60","","10,00","","69,00","","16,00","","23,00","","24,10","","100,15","","","","","","Généralement nuageux"
"1975-06-12 05:00","1975","06","12","05:00"," ","16,10","","10,00","","67,00","","17,00","","23,00","","24,10","","100,13","","","","","","Généralement nuageux"
"1975-06-12 06:00","1975","06","12","06:00"," ","17,80","","11,10","","65,00","","17,00","","21,00","","24,10","","100,10","","","","","","Généralement nuageux"
"1975-06-12 07:00","1975","06","12","07:00"," ","18,30","","11,70","","65,00","","18,00","","13,00","","24,10","","100,11","","","","","","Généralement nuageux"
"1975-06-12 08:00","1975","06","12","08:00"," ","19,40","","11,70","","61,00","","21,00","","14,00","","24,10","","100,10","","","","","","Pluie"
"1975-06-12 09:00","1975","06","12","09:00"," ","20,60","","11,10","","55,00","","20,00","","19,00","","24,10","","100,08","","","","","","Pluie"
"1975-06-12 10:00","1975","06","12","10:00"," ","21,10","","10,60","","51,00","","19,00","","19,00","","24,10","","100,07","","","","","","Pluie"
"1975-06-12 11:00","1975","06","12","11:00"," ","20,60","","11,70","","56,00","","19,00","","19,00","","24,10","","100,05","","","","","","Pluie"
"1975-06-12 12:00","1975","06","12","12:00"," ","22,80","","11,70","","49,00","","18,00","","14,00","","24,10","","99,98","","25,00","","","","Nuageux"
"1975-06-12 13:00","1975","06","12","13:00"," ","23,30","","11,70","","48,00","","15,00","","14,00","","19,30","","99,95","","25,00","","","","Nuageux"
"1975-06-12 14:00","1975","06","12","14:00"," ","22,80","","12,20","","53,00","","11,00","","14,00","","19,30","","99,91","","25,00","","","","Nuageux"
"1975-06-12 15:00","1975","06","12","15:00"," ","23,30","","13,30","","54,00","","12,00","","13,00","","19,30","","99,88","","26,00","","","","Nuageux"
"1975-06-12 16:00","1975","06","12","16:00"," ","23,90","","13,30","","51,00","","13,00","","16,00","","19,30","","99,85","","27,00","","","","Nuageux"
"1975-06-12 17:00","1975","06","12","17:00"," ","23,90","","12,80","","51,00","","13,00","","16,00","","19,30","","99,82","","27,00","","","","Nuageux"
"1975-06-12 18:00","1975","06","12","18:00"," ","22,80","","12,80","","54,00","","11,00","","14,00","","19,30","","99,81","","25,00","","","","Nuageux"
"1975-06-12 19:00","1975","06","12","19:00"," ","21,70","","12,20","","55,00","","11,00","","10,00","","19,30","","99,82","","","","","","Nuageux"
"1975-06-12 20:00","1975","06","12","20:00"," ","15,00","","8,90","","67,00","","0,00","","0,00","","16,10","","99,87","","","","","","Nuageux"
"1975-06-12 21:00","1975","06","12","21:00"," ","16,70","","11,70","","74,00","","11,00","","5,00","","4,80","","99,88","","","","","","Pluie,Brouillard"
"1975-06-12 22:00","1975","06","12","22:00"," ","16,10","","13,30","","83,00","","13,00","","10,00","","4,80","","99,84","","","","","","Pluie,Brouillard"
"1975-06-12 23:00","1975","06","12","23:00"," ","16,10","","13,30","","83,00","","12,00","","10,00","","4,80","","99,84","","","","","","Pluie,Brouillard"
"1975-06-13 00:00","1975","06","13","00:00"," ","16,70","","13,30","","80,00","","14,00","","11,00","","9,70","","99,80","","","","","","Brouillard"
"1975-06-13 01:00","1975","06","13","01:00"," ","16,70","","13,30","","81,00","","13,00","","10,00","","9,70","","99,74","","","","","","Brouillard"
"1975-06-13 02:00","1975","06","13","02:00"," ","15,60","","12,80","","84,00","","10,00","","16,00","","16,10","","99,71","","","","","","Nuageux"
"1975-06-13 03:00","1975","06","13","03:00"," ","15,60","","12,80","","81,00","","10,00","","16,00","","12,90","","99,68","","","","","","Nuageux"
"1975-06-13 04:00","1975","06","13","04:00"," ","15,60","","12,80","","84,00","","10,00","","14,00","","16,10","","99,68","","","","","","Nuageux"
"1975-06-13 05:00","1975","06","13","05:00"," ","15,00","","13,30","","88,00","","10,00","","14,00","","16,10","","99,64","","","","","","Nuageux"
"1975-06-13 06:00","1975","06","13","06:00"," ","15,60","","13,30","","88,00","","12,00","","16,00","","16,10","","99,63","","","","","","Pluie"
"1975-06-13 07:00","1975","06","13","07:00"," ","16,10","","13,90","","87,00","","12,00","","16,00","","16,10","","99,61","","","","","","Nuageux"
"1975-06-13 08:00","1975","06","13","08:00"," ","16,70","","13,90","","84,00","","16,00","","19,00","","19,30","","99,59","","","","","","Généralement nuageux"
"1975-06-13 09:00","1975","06","13","09:00"," ","17,80","","15,00","","81,00","","16,00","","19,00","","20,90","","99,57","","","","","","Nuageux"
"1975-06-13 10:00","1975","06","13","10:00"," ","18,90","","15,00","","78,00","","19,00","","14,00","","16,10","","99,59","","","","","","Nuageux"
"1975-06-13 11:00","1975","06","13","11:00"," ","20,60","","15,00","","69,00","","23,00","","23,00","","16,10","","99,57","","25,00","","","","Généralement nuageux"
"1975-06-13 12:00","1975","06","13","12:00"," ","17,80","","13,30","","75,00","","33,00","","8,00","","16,10","","99,57","","","","","","Généralement nuageux"
"1975-06-13 13:00","1975","06","13","13:00"," ","18,30","","13,90","","75,00","","35,00","","10,00","","19,30","","99,56","","","","","","Généralement nuageux"
"1975-06-13 14:00","1975","06","13","14:00"," ","15,00","","13,30","","89,00","","30,00","","3,00","","9,70","","99,62","","","","","","Averses de pluie,Brouillard"
"1975-06-13 15:00","1975","06","13","15:00"," ","18,90","","16,10","","84,00","","15,00","","3,00","","16,10","","99,61","","","","","","Généralement nuageux"
"1975-06-13 16:00","1975","06","13","16:00"," ","18,90","","15,60","","82,00","","34,00","","8,00","","12,90","","99,60","","","","","","Nuageux"
"1975-06-13 17:00","1975","06","13","17:00"," ","20,00","","16,70","","81,00","","10,00","","11,00","","16,10","","99,59","","25,00","","","","Nuageux"
"1975-06-13 18:00","1975","06","13","18:00"," ","20,00","","14,40","","71,00","","15,00","","13,00","","16,10","","99,59","","","","","","Généralement nuageux"
"1975-06-13 19:00","1975","06","13","19:00"," ","18,90","","14,40","","76,00","","12,00","","11,00","","16,10","","99,59","","","","","","Nuageux"
"1975-06-13 20:00","1975","06","13","20:00"," ","18,30","","15,00","","81,00","","12,00","","11,00","","24,10","","99,59","","","","","","Nuageux"
"1975-06-13 21:00","1975","06","13","21:00"," ","17,20","","14,40","","85,00","","12,00","","8,00","","24,10","","99,59","","","","","","Généralement nuageux"
"1975-06-13 22:00","1975","06","13","22:00"," ","17,80","","13,90","","79,00","","11,00","","14,00","","24,10","","99,57","","","","","","Généralement nuageux"
"1975-06-13 23:00","1975","06","13","23:00"," ","16,70","","13,30","","79,00","","13,00","","14,00","","24,10","","99,58","","","","","","Généralement dégagé"
"1975-06-14 00:00","1975","06","14","00:00"," ","16,10","","12,80","","80,00","","12,00","","19,00","","24,10","","99,58","","","","","","Généralement nuageux"
"1975-06-14 01:00","1975","06","14","01:00"," ","15,60","","12,20","","81,00","","11,00","","16,00","","24,10","","99,56","","","","","","Généralement nuageux"
"1975-06-14 02:00","1975","06","14","02:00"," ","15,00","","12,20","","83,00","","15,00","","19,00","","24,10","","99,55","","","","","","Généralement nuageux"
"1975-06-14 03:00","1975","06","14","03:00"," ","15,00","","12,20","","84,00","","13,00","","19,00","","9,70","","99,54","","","","","","Brume sèche"
"1975-06-14 04:00","1975","06","14","04:00"," ","15,00","","12,20","","84,00","","14,00","","19,00","","9,70","","99,57","","","","","","Brume sèche"
"1975-06-14 05:00","1975","06","14","05:00"," ","15,00","","12,80","","87,00","","15,00","","16,00","","14,50","","99,58","","","","","","Averses de pluie"
"1975-06-14 06:00","1975","06","14","06:00"," ","15,00","","13,90","","93,00","","16,00","","13,00","","6,40","","99,62","","","","","","Pluie,Brouillard"
"1975-06-14 07:00","1975","06","14","07:00"," ","15,60","","13,90","","91,00","","18,00","","11,00","","8,00","","99,65","","","","","","Pluie,Brouillard"
"1975-06-14 08:00","1975","06","14","08:00"," ","16,10","","14,40","","90,00","","16,00","","11,00","","9,70","","99,65","","","","","","Pluie,Brouillard"
"1975-06-14 09:00","1975","06","14","09:00"," ","17,20","","15,00","","88,00","","16,00","","10,00","","6,40","","99,66","","","","","","Pluie,Brouillard"
"1975-06-14 10:00","1975","06","14","10:00"," ","17,80","","14,40","","81,00","","18,00","","14,00","","9,70","","99,66","","","","","","Brouillard"
"1975-06-14 11:00","1975","06","14","11:00"," ","17,80","","14,40","","81,00","","16,00","","13,00","","9,70","","99,65","","","","","","Brouillard"
"1975-06-14 12:00","1975","06","14","12:00"," ","18,90","","14,40","","78,00","","16,00","","8,00","","9,70","","99,65","","","","","","Brouillard"
"1975-06-14 13:00","1975","06","14","13:00"," ","18,90","","14,40","","77,00","","32,00","","5,00","","9,70","","99,64","","","","","","Brouillard"
"1975-06-14 14:00","1975","06","14","14:00"," ","18,90","","13,90","","73,00","","36,00","","14,00","","9,70","","99,65","","","","","","Brouillard"
"1975-06-14 15:00","1975","06","14","15:00"," ","20,60","","15,00","","69,00","","5,00","","13,00","","9,70","","99,65","","25,00","","","","Brouillard"
"1975-06-14 16:00","1975","06","14","16:00"," ","17,80","","15,00","","84,00","","18,00","","3,00","","9,70","","99,75","","","","","","Orages,Averses de pluie modérées,Brouillard"
"1975-06-14 17:00","1975","06","14","17:00"," ","18,90","","16,70","","87,00","","36,00","","3,00","","24,10","","99,75","","","","","","Généralement nuageux"
"1975-06-14 18:00","1975","06","14","18:00"," ","17,20","","15,60","","91,00","","35,00","","2,00","","16,10","","99,78","","","","","","Généralement nuageux"
"1975-06-14 19:00","1975","06","14","19:00"," ","17,20","","14,40","","84,00","","3,00","","10,00","","12,90","","99,79","","","","","","Généralement dégagé"
"1975-06-14 20:00","1975","06","14","20:00"," ","17,80","","15,00","","84,00","","3,00","","8,00","","16,10","","99,81","","","","","","Généralement dégagé"
"1975-06-14 21:00","1975","06","14","21:00"," ","16,70","","15,00","","89,00","","14,00","","8,00","","16,10","","99,84","","","","","","Généralement dégagé"
"1975-06-14 22:00","1975","06","14","22:00"," ","17,20","","15,00","","85,00","","11,00","","13,00","","16,10","","99,85","","","","","","Généralement nuageux"
"1975-06-14 23:00","1975","06","14","23:00"," ","17,80","","13,90","","80,00","","12,00","","16,00","","16,10","","99,85","","","","","","Généralement dégagé"
"1975-06-15 00:00","1975","06","15","00:00"," ","16,70","","14,40","","85,00","","11,00","","16,00","","16,10","","99,82","","","","","","Généralement nuageux"
"1975-06-15 01:00","1975","06","15","01:00"," ","16,70","","14,40","","86,00","","11,00","","16,00","","16,10","","99,83","","","","","","Pluie"
"1975-06-15 02:00","1975","06","15","02:00"," ","16,10","","13,90","","86,00","","12,00","","19,00","","16,10","","99,85","","","","","","Pluie"
"1975-06-15 03:00","1975","06","15","03:00"," ","16,10","","13,90","","85,00","","13,00","","11,00","","16,10","","99,86","","","","","","Nuageux"
"1975-06-15 04:00","1975","06","15","04:00"," ","16,10","","13,90","","85,00","","11,00","","14,00","","16,10","","99,89","","","","","","Pluie"
"1975-06-15 05:00","1975","06","15","05:00"," ","15,60","","13,90","","89,00","","14,00","","11,00","","16,10","","99,92","","","","","","Pluie"
"1975-06-15 06:00","1975","06","15","06:00"," ","15,60","","13,90","","88,00","","14,00","","13,00","","16,10","","99,96","","","","","","Généralement nuageux"
"1975-06-15 07:00","1975","06","15","07:00"," ","16,70","","13,90","","84,00","","13,00","","11,00","","16,10","","100,00","","","","","","Généralement nuageux"
"1975-06-15 08:00","1975","06","15","08:00"," ","17,80","","13,30","","76,00","","18,00","","19,00","","16,10","","100,06","","","","","","Généralement nuageux"
"1975-06-15 09:00","1975","06","15","09:00"," ","17,80","","12,80","","71,00","","20,00","","21,00","","24,10","","100,07","","","","","","Généralement nuageux"
"1975-06-15 10:00","1975","06","15","10:00"," ","20,00","","12,80","","63,00","","23,00","","19,00","","24,10","","100,11","","","","","","Généralement nuageux"
"1975-06-15 11:00","1975","06","15","11:00"," ","17,20","","11,70","","71,00","","32,00","","10,00","","24,10","","100,14","","","","","","Généralement nuageux"
"1975-06-15 12:00","1975","06","15","12:00"," ","18,30","","12,80","","68,00","","36,00","","14,00","","24,10","","100,13","","","","","","Généralement nuageux"
"1975-06-15 13:00","1975","06","15","13:00"," ","18,90","","12,20","","65,00","","34,00","","13,00","","24,10","","100,10","","","","","","Généralement dégagé"
"1975-06-15 14:00","1975","06","15","14:00"," ","17,80","","12,80","","74,00","","34,00","","11,00","","24,10","","100,12","","","","","","Généralement dégagé"
"1975-06-15 15:00","1975","06","15","15:00"," ","18,30","","12,80","","72,00","","34,00","","19,00","","24,10","","100,12","","","","","","Généralement dégagé"
"1975-06-15 16:00","1975","06","15","16:00"," ","15,60","","11,70","","78,00","","30,00","","16,00","","24,10","","100,22","","","","","","Généralement dégagé"
"1975-06-15 17:00","1975","06","15","17:00"," ","12,80","","11,10","","88,00","","35,00","","16,00","","1,60","","100,27","","","","","","Brouillard"
"1975-06-15 18:00","1975","06","15","18:00"," ","12,80","","11,10","","90,00","","34,00","","8,00","","6,40","","100,29","","","","","","Brouillard"
"1975-06-15 19:00","1975","06","15","19:00"," ","12,80","","11,70","","91,00","","33,00","","8,00","","6,40","","100,31","","","","","","Brouillard"
"1975-06-15 20:00","1975","06","15","20:00"," ","11,70","","10,60","","93,00","","29,00","","11,00","","3,20","","100,32","","","","","","Brouillard"
"1975-06-15 21:00","1975","06","15","21:00"," ","11,10","","9,40","","91,00","","33,00","","8,00","","0,40","","100,32","","","","","","Brouillard"
"1975-06-15 22:00","1975","06","15","22:00"," ","10,60","","9,40","","95,00","","0,00","","0,00","","0,20","","100,29","","","","","","Bruine,Brouillard"
"1975-06-15 23:00","1975","06","15","23:00"," ","10,60","","9,40","","93,00","","33,00","","3,00","","0,40","","100,31","","","","","","Bruine,Brouillard"
"1975-06-16 00:00","1975","06","16","00:00"," ","10,60","","9,40","","94,00","","0,00","","0,00","","0,40","","100,25","","","","","","Bruine,Brouillard"
"1975-06-16 01:00","1975","06","16","01:00"," ","10,00","","9,40","","96,00","","0,00","","0,00","","0,40","","100,21","","","","","","Bruine,Brouillard"
"1975-06-16 02:00","1975","06","16","02:00"," ","10,00","","9,40","","98,00","","0,00","","0,00","","0,80","","100,19","","","","","","Bruine,Brouillard"
"1975-06-16 03:00","1975","06","16","03:00"," ","10,60","","8,90","","90,00","","0,00","","0,00","","4,80","","100,13","","","","","","Brouillard"
"1975-06-16 04:00","1975","06","16","04:00"," ","12,80","","10,60","","87,00","","10,00","","19,00","","16,10","","100,08","","","","","","Généralement dégagé"
"1975-06-16 05:00","1975","06","16","05:00"," ","13,30","","10,60","","86,00","","11,00","","19,00","","16,10","","100,01","","","","","","Généralement nuageux"
"1975-06-16 06:00","1975","06","16","06:00"," ","14,40","","11,70","","82,00","","11,00","","21,00","","24,10","","99,95","","","","","","Généralement nuageux"
"1975-06-16 07:00","1975","06","16","07:00"," ","16,10","","12,20","","78,00","","10,00","","19,00","","24,10","","99,87","","","","","","Généralement nuageux"
"1975-06-16 08:00","1975","06","16","08:00"," ","20,60","","12,80","","61,00","","11,00","","23,00","","24,10","","99,73","","","","","","Généralement nuageux"
"1975-06-16 09:00","1975","06","16","09:00"," ","21,70","","12,80","","56,00","","11,00","","27,00","","24,10","","99,63","","","","","","Généralement nuageux"
"1975-06-16 10:00","1975","06","16","10:00"," ","23,30","","12,20","","50,00","","12,00","","32,00","","24,10","","99,51","","26,00","","","","Nuageux"
"1975-06-16 11:00","1975","06","16","11:00"," ","20,60","","14,40","","67,00","","14,00","","27,00","","8,00","","99,50","","","","","","Pluie,Brouillard"
"1975-06-16 12:00","1975","06","16","12:00"," ","19,40","","15,60","","79,00","","13,00","","14,00","","12,90","","99,48","","","","","","Pluie"
"1975-06-16 13:00","1975","06","16","13:00"," ","18,90","","16,70","","85,00","","14,00","","27,00","","4,80","","99,44","","","","","","Pluie,Brouillard"
"1975-06-16 14:00","1975","06","16","14:00"," ","18,90","","17,20","","90,00","","13,00","","19,00","","4,80","","99,40","","","","","","Pluie,Brouillard"
"1975-06-16 15:00","1975","06","16","15:00"," ","18,90","","17,20","","87,00","","14,00","","23,00","","6,40","","99,38","","","","","","Pluie,Brouillard"
"1975-06-16 16:00","1975","06","16","16:00"," ","20,00","","17,20","","83,00","","13,00","","19,00","","11,30","","99,35","","25,00","","","","Généralement nuageux"
"1975-06-16 17:00","1975","06","16","17:00"," ","21,70","","17,20","","75,00","","15,00","","27,00","","14,50","","99,32","","27,00","","","","Généralement dégagé"
"1975-06-16 18:00","1975","06","16","18:00"," ","16,70","","13,90","","85,00","","27,00","","24,00","","11,30","","99,41","","","","","","Orages,Averses de pluie"
"1975-06-16 19:00","1975","06","16","19:00"," ","15,60","","13,90","","91,00","","26,00","","3,00","","4,00","","99,47","","","","","","Brouillard"
"1975-06-16 20:00","1975","06","16","20:00"," ","15,00","","13,90","","94,00","","0,00","","0,00","","11,30","","99,58","","","","","","Généralement nuageux"
"1975-06-16 21:00","1975","06","16","21:00"," ","14,40","","13,30","","91,00","","1,00","","8,00","","9,70","","99,62","","","","","","Brouillard"
"1975-06-16 22:00","1975","06","16","22:00"," ","15,00","","12,80","","88,00","","11,00","","3,00","","12,90","","99,66","","","","","","Généralement nuageux"
"1975-06-16 23:00","1975","06","16","23:00"," ","15,00","","13,30","","88,00","","16,00","","11,00","","16,10","","99,71","","","","","","Généralement nuageux"
"1975-06-17 00:00","1975","06","17","00:00"," ","15,00","","11,70","","79,00","","16,00","","19,00","","16,10","","99,72","","","","","","Généralement nuageux"
"1975-06-17 01:00","1975","06","17","01:00"," ","14,40","","10,60","","78,00","","16,00","","19,00","","16,10","","99,72","","","","","","Généralement dégagé"
"1975-06-17 02:00","1975","06","17","02:00"," ","13,30","","10,00","","80,00","","14,00","","21,00","","24,10","","99,73","","","","","","Généralement dégagé"
"1975-06-17 03:00","1975","06","17","03:00"," ","14,40","","10,00","","77,00","","15,00","","23,00","","24,10","","99,76","","","","","","Généralement nuageux"
"1975-06-17 04:00","1975","06","17","04:00"," ","13,90","","10,60","","79,00","","15,00","","23,00","","24,10","","99,83","","","","","","Généralement nuageux"
"1975-06-17 05:00","1975","06","17","05:00"," ","14,40","","11,10","","79,00","","16,00","","14,00","","24,10","","99,82","","","","","","Généralement nuageux"
"1975-06-17 06:00","1975","06","17","06:00"," ","15,00","","10,60","","73,00","","17,00","","21,00","","24,10","","99,82","","","","","","Généralement nuageux"
"1975-06-17 07:00","1975","06","17","07:00"," ","15,60","","10,00","","68,00","","18,00","","27,00","","24,10","","99,82","","","","","","Nuageux"
"1975-06-17 08:00","1975","06","17","08:00"," ","15,00","","10,60","","73,00","","19,00","","21,00","","24,10","","99,89","","","","","","Généralement nuageux"
"1975-06-17 09:00","1975","06","17","09:00"," ","16,10","","10,00","","68,00","","19,00","","21,00","","24,10","","99,92","","","","","","Nuageux"
"1975-06-17 10:00","1975","06","17","10:00"," ","16,10","","10,00","","66,00","","20,00","","24,00","","16,10","","99,98","","","","","","Averses de pluie"
"1975-06-17 11:00","1975","06","17","11:00"," ","16,70","","10,00","","65,00","","21,00","","23,00","","16,10","","100,01","","","","","","Nuageux"
"1975-06-17 12:00","1975","06","17","12:00"," ","16,10","","10,00","","68,00","","22,00","","21,00","","16,10","","100,04","","","","","","Nuageux"
"1975-06-17 13:00","1975","06","17","13:00"," ","15,60","","10,60","","72,00","","20,00","","19,00","","24,10","","100,08","","","","","","Nuageux"
"1975-06-17 14:00","1975","06","17","14:00"," ","15,60","","10,60","","72,00","","21,00","","19,00","","24,10","","100,12","","","","","","Nuageux"
"1975-06-17 15:00","1975","06","17","15:00"," ","15,60","","10,00","","68,00","","21,00","","14,00","","24,10","","100,15","","","","","","Nuageux"
"1975-06-17 16:00","1975","06","17","16:00"," ","16,10","","10,00","","67,00","","23,00","","11,00","","24,10","","100,21","","","","","","Nuageux"
"1975-06-17 17:00","1975","06","17","17:00"," ","12,80","","8,90","","76,00","","31,00","","2,00","","24,10","","100,26","","","","","","Nuageux"
"1975-06-17 18:00","1975","06","17","18:00"," ","13,90","","11,10","","82,00","","0,00","","0,00","","24,10","","100,31","","","","","","Nuageux"
"1975-06-17 19:00","1975","06","17","19:00"," ","11,70","","8,90","","81,00","","31,00","","8,00","","24,10","","100,36","","","","","","Averses de pluie"
"1975-06-17 20:00","1975","06","17","20:00"," ","11,10","","9,40","","87,00","","34,00","","3,00","","24,10","","100,38","","","","","","Généralement nuageux"
"1975-06-17 21:00","1975","06","17","21:00"," ","11,70","","9,40","","87,00","","14,00","","10,00","","24,10","","100,36","","","","","","Généralement nuageux"
"1975-06-17 22:00","1975","06","17","22:00"," ","12,20","","10,60","","89,00","","12,00","","8,00","","24,10","","100,38","","","","","","Généralement nuageux"
"1975-06-17 23:00","1975","06","17","23:00"," ","12,80","","10,60","","88,00","","12,00","","11,00","","24,10","","100,37","","","","","","Généralement nuageux"
"1975-06-18 00:00","1975","06","18","00:00"," ","12,80","","10,60","","88,00","","17,00","","5,00","","24,10","","100,34","","","","","","Généralement nuageux"
"1975-06-18 01:00","1975","06","18","01:00"," ","11,10","","10,00","","92,00","","0,00","","0,00","","24,10","","100,34","","","","","","Généralement dégagé"
"1975-06-18 02:00","1975","06","18","02:00"," ","11,70","","10,00","","91,00","","14,00","","10,00","","24,10","","100,33","","","","","","Généralement dégagé"
"1975-06-18 03:00","1975","06","18","03:00"," ","11,10","","10,00","","93,00","","0,00","","0,00","","24,10","","100,34","","","","","","Généralement nuageux"
"1975-06-18 04:00","1975","06","18","04:00"," ","11,10","","9,40","","90,00","","0,00","","0,00","","16,10","","100,35","","","","","","Généralement nuageux"
"1975-06-18 05:00","1975","06","18","05:00"," ","12,20","","10,60","","90,00","","14,00","","10,00","","16,10","","100,35","","","","","","Généralement nuageux"
"1975-06-18 06:00","1975","06","18","06:00"," ","12,20","","10,60","","90,00","","33,00","","3,00","","16,10","","100,39","","","","","","Généralement nuageux"
"1975-06-18 07:00","1975","06","18","07:00"," ","13,30","","11,10","","88,00","","0,00","","0,00","","16,10","","100,41","","","","","","Généralement nuageux"
"1975-06-18 08:00","1975","06","18","08:00"," ","13,30","","10,60","","83,00","","35,00","","10,00","","16,10","","100,40","","","","","","Généralement nuageux"
"1975-06-18 09:00","1975","06","18","09:00"," ","13,30","","10,60","","84,00","","1,00","","10,00","","16,10","","100,37","","","","","","Généralement nuageux"
"1975-06-18 10:00","1975","06","18","10:00"," ","11,70","","9,40","","85,00","","35,00","","14,00","","16,10","","100,39","","","","","","Généralement nuageux"
"1975-06-18 11:00","1975","06","18","11:00"," ","13,90","","10,60","","81,00","","35,00","","14,00","","16,10","","100,39","","","","","","Nuageux"
"1975-06-18 12:00","1975","06","18","12:00"," ","12,80","","9,40","","82,00","","36,00","","14,00","","16,10","","100,40","","","","","","Nuageux"
"1975-06-18 13:00","1975","06","18","13:00"," ","12,20","","9,40","","82,00","","34,00","","14,00","","16,10","","100,40","","","","","","Nuageux"
"1975-06-18 14:00","1975","06","18","14:00"," ","11,70","","9,40","","87,00","","34,00","","13,00","","16,10","","100,42","","","","","","Nuageux"
"1975-06-18 15:00","1975","06","18","15:00"," ","11,10","","9,40","","89,00","","35,00","","11,00","","0,40","","100,45","","","","","","Brouillard"
"1975-06-18 16:00","1975","06","18","16:00"," ","11,10","","8,90","","88,00","","35,00","","14,00","","3,20","","100,53","","","","","","Brouillard"
"1975-06-18 17:00","1975","06","18","17:00"," ","9,40","","8,30","","92,00","","29,00","","10,00","","2,40","","100,57","","","","","","Brouillard"
"1975-06-18 18:00","1975","06","18","18:00"," ","9,40","","8,30","","93,00","","30,00","","3,00","","3,20","","100,61","","","","","","Brouillard"
"1975-06-18 19:00","1975","06","18","19:00"," ","9,40","","8,30","","94,00","","30,00","","8,00","","1,60","","100,66","","","","","","Pluie,Brouillard"
"1975-06-18 20:00","1975","06","18","20:00"," ","8,90","","7,80","","93,00","","32,00","","11,00","","1,60","","100,68","","","","","","Pluie,Brouillard"
"1975-06-18 21:00","1975","06","18","21:00"," ","8,90","","7,80","","93,00","","27,00","","13,00","","4,80","","100,72","","","","","","Brouillard"
"1975-06-18 22:00","1975","06","18","22:00"," ","7,80","","6,70","","93,00","","26,00","","16,00","","0,60","","100,74","","","","","","Bruine,Brouillard"
"1975-06-18 23:00","1975","06","18","23:00"," ","7,20","","6,10","","93,00","","26,00","","16,00","","0,60","","100,73","","","","","","Pluie,Brouillard"
"1975-06-19 00:00","1975","06","19","00:00"," ","7,20","","5,60","","92,00","","27,00","","13,00","","1,60","","100,77","","","","","","Brouillard"
"1975-06-19 01:00","1975","06","19","01:00"," ","7,20","","6,10","","92,00","","27,00","","13,00","","0,40","","100,82","","","","","","Bruine,Brouillard"
"1975-06-19 02:00","1975","06","19","02:00"," ","8,90","","7,80","","93,00","","36,00","","11,00","","1,60","","100,86","","","","","","Brouillard"
"1975-06-19 03:00","1975","06","19","03:00"," ","8,90","","7,80","","93,00","","3,00","","11,00","","4,80","","100,92","","","","","","Brouillard"
"1975-06-19 04:00","1975","06","19","04:00"," ","8,30","","7,20","","93,00","","3,00","","11,00","","24,10","","101,02","","","","","","Généralement dégagé"
"1975-06-19 05:00","1975","06","19","05:00"," ","8,30","","7,80","","95,00","","2,00","","10,00","","24,10","","101,10","","","","","","Généralement dégagé"
"1975-06-19 06:00","1975","06","19","06:00"," ","9,40","","7,80","","89,00","","3,00","","14,00","","24,10","","101,20","","","","","","Dégagé"
"1975-06-19 07:00","1975","06","19","07:00"," ","10,00","","7,20","","84,00","","4,00","","14,00","","24,10","","101,31","","","","","","Dégagé"
"1975-06-19 08:00","1975","06","19","08:00"," ","10,60","","6,10","","75,00","","4,00","","19,00","","24,10","","101,41","","","","","","Dégagé"
"1975-06-19 09:00","1975","06","19","09:00"," ","12,20","","6,10","","66,00","","3,00","","19,00","","24,10","","101,50","","","","","","Généralement dégagé"
"1975-06-19 10:00","1975","06","19","10:00"," ","13,30","","5,60","","60,00","","2,00","","21,00","","24,10","","101,53","","","","","","Généralement dégagé"
"1975-06-19 11:00","1975","06","19","11:00"," ","12,80","","6,10","","66,00","","2,00","","21,00","","24,10","","101,63","","","","","","Généralement dégagé"
"1975-06-19 12:00","1975","06","19","12:00"," ","12,80","","5,60","","60,00","","2,00","","16,00","","24,10","","101,67","","","","","","Généralement dégagé"
"1975-06-19 13:00","1975","06","19","13:00"," ","13,30","","4,40","","55,00","","1,00","","23,00","","24,10","","101,73","","","","","","Généralement dégagé"
"1975-06-19 14:00","1975","06","19","14:00"," ","13,90","","5,60","","57,00","","35,00","","16,00","","24,10","","101,91","","","","","","Généralement dégagé"
"1975-06-19 15:00","1975","06","19","15:00"," ","12,80","","5,60","","62,00","","34,00","","11,00","","24,10","","101,86","","","","","","Généralement dégagé"
"1975-06-19 16:00","1975","06","19","16:00"," ","11,10","","5,60","","69,00","","36,00","","13,00","","24,10","","101,88","","","","","","Généralement dégagé"
"1975-06-19 17:00","1975","06","19","17:00"," ","9,40","","5,00","","74,00","","34,00","","16,00","","24,10","","101,91","","","","","","Généralement dégagé"
"1975-06-19 18:00","1975","06","19","18:00"," ","8,90","","4,40","","75,00","","34,00","","11,00","","24,10","","101,97","","","","","","Généralement dégagé"
"1975-06-19 19:00","1975","06","19","19:00"," ","8,90","","4,40","","74,00","","34,00","","11,00","","24,10","","101,98","","","","","","Généralement dégagé"
"1975-06-19 20:00","1975","06","19","20:00"," ","7,80","","4,40","","79,00","","35,00","","13,00","","24,10","","101,99","","","","","","Généralement dégagé"
"1975-06-19 21:00","1975","06","19","21:00"," ","7,20","","4,40","","82,00","","34,00","","11,00","","24,10","","102,04","","","","","","Dégagé"
"1975-06-19 22:00","1975","06","19","22:00"," ","6,70","","4,40","","83,00","","33,00","","8,00","","24,10","","102,05","","","","","","Généralement dégagé"
"1975-06-19 23:00","1975","06","19","23:00"," ","6,70","","4,40","","84,00","","34,00","","5,00","","24,10","","102,07","","","","","","Dégagé"
"1975-06-20 00:00","1975","06","20","00:00"," ","6,70","","3,90","","81,00","","34,00","","3,00","","24,10","","102,07","","","","","","Dégagé"
"1975-06-20 01:00","1975","06","20","01:00"," ","6,70","","3,90","","85,00","","27,00","","3,00","","24,10","","102,10","","","","","","Dégagé"
"1975-06-20 02:00","1975","06","20","02:00"," ","6,70","","4,40","","84,00","","27,00","","16,00","","24,10","","102,11","","","","","","Dégagé"
"1975-06-20 03:00","1975","06","20","03:00"," ","6,70","","4,40","","85,00","","27,00","","14,00","","24,10","","102,17","","","","","","Dégagé"
"1975-06-20 04:00","1975","06","20","04:00"," ","6,10","","3,90","","86,00","","25,00","","11,00","","24,10","","102,20","","","","","","Dégagé"
"1975-06-20 05:00","1975","06","20","05:00"," ","7,20","","5,00","","87,00","","27,00","","13,00","","24,10","","102,20","","","","","","Dégagé"
"1975-06-20 06:00","1975","06","20","06:00"," ","7,80","","5,60","","86,00","","28,00","","14,00","","24,10","","102,29","","","","","","Dégagé"
"1975-06-20 07:00","1975","06","20","07:00"," ","7,80","","5,60","","84,00","","30,00","","13,00","","24,10","","102,29","","","","","","Généralement dégagé"
"1975-06-20 08:00","1975","06","20","08:00"," ","8,30","","5,60","","81,00","","28,00","","13,00","","24,10","","102,32","","","","","","Généralement dégagé"
"1975-06-20 09:00","1975","06","20","09:00"," ","8,90","","5,60","","80,00","","28,00","","16,00","","24,10","","102,31","","","","","","Dégagé"
"1975-06-20 10:00","1975","06","20","10:00"," ","9,40","","5,60","","78,00","","29,00","","16,00","","24,10","","102,33","","","","","","Généralement dégagé"
"1975-06-20 11:00","1975","06","20","11:00"," ","9,40","","5,60","","79,00","","28,00","","14,00","","24,10","","102,31","","","","","","Généralement dégagé"
"1975-06-20 12:00","1975","06","20","12:00"," ","9,40","","6,70","","83,00","","30,00","","11,00","","24,10","","102,23","","","","","","Dégagé"
"1975-06-20 13:00","1975","06","20","13:00"," ","10,00","","5,60","","76,00","","30,00","","11,00","","24,10","","102,25","","","","","","Dégagé"
"1975-06-20 14:00","1975","06","20","14:00"," ","11,10","","6,70","","75,00","","31,00","","10,00","","24,10","","102,21","","","","","","Dégagé"
"1975-06-20 15:00","1975","06","20","15:00"," ","10,60","","6,70","","76,00","","32,00","","8,00","","24,10","","102,24","","","","","","Généralement dégagé"
"1975-06-20 16:00","1975","06","20","16:00"," ","11,70","","6,70","","72,00","","30,00","","5,00","","24,10","","102,19","","","","","","Généralement dégagé"
"1975-06-20 17:00","1975","06","20","17:00"," ","11,70","","7,20","","74,00","","33,00","","5,00","","24,10","","102,13","","","","","","Généralement dégagé"
"1975-06-20 18:00","1975","06","20","18:00"," ","12,80","","7,20","","69,00","","31,00","","8,00","","24,10","","102,04","","","","","","Généralement dégagé"
"1975-06-20 19:00","1975","06","20","19:00"," ","12,20","","6,70","","68,00","","0,00","","0,00","","24,10","","101,96","","","","","","Généralement nuageux"
"1975-06-20 20:00","1975","06","20","20:00"," ","12,20","","6,70","","69,00","","35,00","","5,00","","24,10","","101,87","","","","","","Généralement nuageux"
"1975-06-20 21:00","1975","06","20","21:00"," ","11,70","","7,20","","75,00","","0,00","","0,00","","24,10","","101,85","","","","","","Généralement nuageux"
"1975-06-20 22:00","1975","06","20","22:00"," ","10,00","","6,10","","77,00","","0,00","","0,00","","24,10","","101,82","","","","","","Généralement dégagé"
"1975-06-20 23:00","1975","06","20","23:00"," ","7,80","","5,00","","83,00","","14,00","","11,00","","24,10","","101,71","","","","","","Généralement dégagé"
"1975-06-21 00:00","1975","06","21","00:00"," ","8,30","","3,30","","69,00","","13,00","","16,00","","24,10","","101,59","","","","","","Généralement dégagé"
"1975-06-21 01:00","1975","06","21","01:00"," ","8,30","","3,30","","70,00","","14,00","","16,00","","24,10","","101,60","","","","","","Généralement nuageux"
"1975-06-21 02:00","1975","06","21","02:00"," ","10,60","","2,20","","58,00","","12,00","","14,00","","24,10","","101,48","","","","","","Généralement nuageux"
"1975-06-21 03:00","1975","06","21","03:00"," ","11,10","","2,80","","57,00","","14,00","","16,00","","24,10","","101,41","","","","","","Nuageux"
"1975-06-21 04:00","1975","06","21","04:00"," ","11,70","","3,90","","59,00","","14,00","","19,00","","24,10","","101,37","","","","","","Généralement nuageux"
"1975-06-21 05:00","1975","06","21","05:00"," ","11,70","","4,40","","61,00","","15,00","","19,00","","24,10","","101,28","","","","","","Nuageux"
"1975-06-21 06:00","1975","06","21","06:00"," ","12,80","","4,40","","56,00","","17,00","","24,00","","24,10","","101,18","","","","","","Nuageux"
"1975-06-21 07:00","1975","06","21","07:00"," ","14,40","","4,40","","52,00","","17,00","","21,00","","24,10","","101,19","","","","","","Généralement nuageux"
"1975-06-21 08:00","1975","06","21","08:00"," ","16,70","","3,30","","41,00","","20,00","","21,00","","24,10","","101,07","","","","","","Généralement nuageux"
"1975-06-21 09:00","1975","06","21","09:00"," ","17,80","","2,80","","36,00","","20,00","","27,00","","24,10","","100,93","","","","","","Généralement nuageux"
"1975-06-21 10:00","1975","06","21","10:00"," ","17,20","","1,70","","34,00","","18,00","","23,00","","19,30","","100,89","","","","","","Averses de pluie"
"1975-06-21 11:00","1975","06","21","11:00"," ","16,70","","5,60","","49,00","","17,00","","27,00","","24,10","","100,75","","","","","","Averses de pluie"
"1975-06-21 12:00","1975","06","21","12:00"," ","17,20","","6,10","","48,00","","19,00","","32,00","","24,10","","100,57","","","","","","Nuageux"
"1975-06-21 13:00","1975","06","21","13:00"," ","18,30","","7,80","","51,00","","16,00","","35,00","","24,10","","100,43","","","","","","Nuageux"
"1975-06-21 14:00","1975","06","21","14:00"," ","20,60","","8,90","","47,00","","16,00","","34,00","","24,10","","100,30","","","","","","Généralement nuageux"
"1975-06-21 15:00","1975","06","21","15:00"," ","24,40","","10,00","","40,00","","21,00","","34,00","","24,10","","100,19","","26,00","","","","Généralement nuageux"
"1975-06-21 16:00","1975","06","21","16:00"," ","26,10","","10,60","","37,00","","21,00","","34,00","","24,10","","100,08","","28,00","","","","Généralement nuageux"
"1975-06-21 17:00","1975","06","21","17:00"," ","26,10","","12,20","","41,00","","24,00","","35,00","","24,10","","100,04","","28,00","","","","Généralement nuageux"
"1975-06-21 18:00","1975","06","21","18:00"," ","25,60","","12,20","","42,00","","24,00","","32,00","","24,10","","99,97","","28,00","","","","Généralement nuageux"
"1975-06-21 19:00","1975","06","21","19:00"," ","25,00","","12,20","","45,00","","22,00","","32,00","","24,10","","99,87","","27,00","","","","Généralement nuageux"
"1975-06-21 20:00","1975","06","21","20:00"," ","23,90","","12,80","","49,00","","21,00","","32,00","","24,10","","99,80","","27,00","","","","Généralement nuageux"
"1975-06-21 21:00","1975","06","21","21:00"," ","23,90","","14,40","","56,00","","21,00","","32,00","","4,80","","99,65","","28,00","","","","Orages,Averses de pluie"
"1975-06-21 22:00","1975","06","21","22:00"," ","18,30","","15,60","","84,00","","26,00","","39,00","","0,80","","99,65","","","","","","Orages,Averses de pluie,Brouillard"
"1975-06-21 23:00","1975","06","21","23:00"," ","18,90","","16,10","","84,00","","25,00","","19,00","","9,70","","99,60","","","","","","Averses de pluie"
"1975-06-22 00:00","1975","06","22","00:00"," ","19,40","","16,70","","84,00","","29,00","","26,00","","16,10","","99,60","","","","","","Nuageux"
"1975-06-22 01:00","1975","06","22","01:00"," ","16,10","","13,30","","86,00","","30,00","","24,00","","12,90","","99,58","","","","","","Nuageux"
"1975-06-22 02:00","1975","06","22","02:00"," ","17,20","","13,90","","82,00","","30,00","","27,00","","24,10","","99,60","","","","","","Généralement nuageux"
"1975-06-22 03:00","1975","06","22","03:00"," ","11,70","","10,60","","90,00","","28,00","","34,00","","12,90","","99,71","","","","","","Nuageux"
"1975-06-22 04:00","1975","06","22","04:00"," ","9,40","","8,30","","92,00","","28,00","","26,00","","0,00","","99,87","","","","","","Brouillard"
"1975-06-22 05:00","1975","06","22","05:00"," ","8,90","","7,80","","93,00","","29,00","","26,00","","0,00","","99,90","","","","","","Brouillard"
"1975-06-22 06:00","1975","06","22","06:00"," ","6,70","","6,10","","95,00","","28,00","","29,00","","0,40","","100,09","","","","","","Brouillard"
"1975-06-22 07:00","1975","06","22","07:00"," ","5,60","","4,40","","93,00","","29,00","","23,00","","0,80","","100,20","","","","","","Brouillard"
"1975-06-22 08:00","1975","06","22","08:00"," ","5,60","","5,00","","93,00","","28,00","","19,00","","3,20","","100,30","","","","","","Brouillard"
"1975-06-22 09:00","1975","06","22","09:00"," ","5,00","","4,40","","94,00","","28,00","","23,00","","4,80","","100,38","","","","","","Brouillard"
"1975-06-22 10:00","1975","06","22","10:00"," ","5,00","","3,90","","91,00","","27,00","","23,00","","16,10","","100,45","","","","","","Nuageux"
"1975-06-22 11:00","1975","06","22","11:00"," ","5,60","","4,40","","91,00","","28,00","","24,00","","16,10","","100,54","","","","","","Nuageux"
"1975-06-22 12:00","1975","06","22","12:00"," ","6,70","","5,00","","86,00","","26,00","","24,00","","16,10","","100,63","","","","","","Généralement nuageux"
"1975-06-22 13:00","1975","06","22","13:00"," ","7,20","","4,40","","85,00","","26,00","","26,00","","24,10","","100,71","","","","","","Généralement nuageux"
"1975-06-22 14:00","1975","06","22","14:00"," ","7,20","","4,40","","83,00","","28,00","","24,00","","24,10","","100,76","","","","","","Généralement nuageux"
"1975-06-22 15:00","1975","06","22","15:00"," ","6,10","","4,40","","88,00","","27,00","","21,00","","24,10","","100,80","","","","","","Généralement nuageux"
"1975-06-22 16:00","1975","06","22","16:00"," ","6,70","","4,40","","87,00","","26,00","","21,00","","1,60","","100,85","","","","","","Brouillard"
"1975-06-22 17:00","1975","06","22","17:00"," ","6,70","","5,60","","92,00","","28,00","","19,00","","0,80","","100,87","","","","","","Brouillard"
"1975-06-22 18:00","1975","06","22","18:00"," ","6,10","","5,00","","90,00","","32,00","","11,00","","0,80","","100,91","","","","","","Brouillard"
"1975-06-22 19:00","1975","06","22","19:00"," ","6,10","","4,40","","90,00","","34,00","","8,00","","0,80","","100,90","","","","","","Bruine,Brouillard"
"1975-06-22 20:00","1975","06","22","20:00"," ","6,10","","5,00","","94,00","","0,00","","0,00","","0,80","","100,92","","","","","","Bruine,Brouillard"
"1975-06-22 21:00","1975","06","22","21:00"," ","6,10","","5,00","","92,00","","24,00","","8,00","","3,20","","100,90","","","","","","Brouillard"
"1975-06-22 22:00","1975","06","22","22:00"," ","6,70","","5,00","","90,00","","20,00","","8,00","","3,20","","100,90","","","","","","Brouillard"
"1975-06-22 23:00","1975","06","22","23:00"," ","6,70","","6,10","","96,00","","0,00","","0,00","","3,20","","100,90","","","","","","Brouillard"
"1975-06-23 00:00","1975","06","23","00:00"," ","6,70","","5,60","","93,00","","13,00","","5,00","","3,20","","100,83","","","","","","Brouillard"
"1975-06-23 01:00","1975","06","23","01:00"," ","6,70","","5,60","","91,00","","12,00","","8,00","","24,10","","100,78","","","","","","Généralement nuageux"
"1975-06-23 02:00","1975","06","23","02:00"," ","7,80","","6,70","","93,00","","6,00","","3,00","","24,10","","100,70","","","","","","Généralement nuageux"
"1975-06-23 03:00","1975","06","23","03:00"," ","7,80","","5,60","","86,00","","11,00","","11,00","","24,10","","100,60","","","","","","Généralement nuageux"
"1975-06-23 04:00","1975","06","23","04:00"," ","8,30","","6,70","","88,00","","10,00","","2,00","","24,10","","100,59","","","","","","Généralement nuageux"
"1975-06-23 05:00","1975","06","23","05:00"," ","8,90","","6,70","","86,00","","15,00","","10,00","","9,70","","100,51","","","","","","Averses de pluie"
"1975-06-23 06:00","1975","06","23","06:00"," ","9,40","","7,20","","85,00","","12,00","","16,00","","20,90","","100,48","","","","","","Averses de pluie"
"1975-06-23 07:00","1975","06","23","07:00"," ","10,00","","7,80","","84,00","","12,00","","14,00","","20,90","","100,43","","","","","","Pluie"
"1975-06-23 08:00","1975","06","23","08:00"," ","11,70","","7,80","","77,00","","13,00","","19,00","","19,30","","100,33","","","","","","Pluie"
"1975-06-23 09:00","1975","06","23","09:00"," ","11,70","","8,90","","81,00","","1,00","","8,00","","3,20","","100,36","","","","","","Pluie,Brouillard"
"1975-06-23 10:00","1975","06","23","10:00"," ","12,20","","9,40","","84,00","","1,00","","8,00","","4,80","","100,37","","","","","","Pluie,Brouillard"
"1975-06-23 11:00","1975","06","23","11:00"," ","12,80","","10,00","","83,00","","6,00","","16,00","","16,10","","100,30","","","","","","Nuageux"
"1975-06-23 12:00","1975","06","23","12:00"," ","11,70","","8,90","","84,00","","5,00","","19,00","","24,10","","100,24","","","","","","Nuageux"
"1975-06-23 13:00","1975","06","23","13:00"," ","10,60","","8,30","","86,00","","4,00","","23,00","","24,10","","100,26","","","","","","Nuageux"
"1975-06-23 14:00","1975","06","23","14:00"," ","10,00","","8,30","","88,00","","2,00","","26,00","","3,20","","100,31","","","","","","Pluie,Brouillard"
"1975-06-23 15:00","1975","06","23","15:00"," ","10,60","","8,90","","91,00","","5,00","","23,00","","2,40","","100,31","","","","","","Bruine,Brouillard"
"1975-06-23 16:00","1975","06","23","16:00"," ","11,10","","9,40","","88,00","","3,00","","19,00","","6,40","","100,38","","","","","","Bruine,Brouillard"
"1975-06-23 17:00","1975","06","23","17:00"," ","8,30","","6,70","","91,00","","2,00","","29,00","","4,80","","100,48","","","","","","Averses de pluie,Brouillard"
"1975-06-23 18:00","1975","06","23","18:00"," ","7,80","","6,10","","91,00","","2,00","","23,00","","4,80","","100,59","","","","","","Brouillard"
"1975-06-23 19:00","1975","06","23","19:00"," ","6,70","","5,00","","90,00","","2,00","","24,00","","1,60","","100,68","","","","","","Brouillard"
"1975-06-23 20:00","1975","06","23","20:00"," ","6,10","","5,00","","93,00","","2,00","","14,00","","1,60","","100,69","","","","","","Brouillard"
"1975-06-23 21:00","1975","06","23","21:00"," ","5,60","","4,40","","92,00","","36,00","","19,00","","0,00","","100,80","","","","","","Bruine,Brouillard"
"1975-06-23 22:00","1975","06","23","22:00"," ","5,60","","4,40","","92,00","","35,00","","19,00","","6,40","","100,89","","","","","","Brouillard"
"1975-06-23 23:00","1975","06","23","23:00"," ","5,00","","3,30","","89,00","","35,00","","19,00","","12,90","","100,99","","","","","","Nuageux"
"1975-06-24 00:00","1975","06","24","00:00"," ","3,90","","2,80","","91,00","","36,00","","13,00","","1,60","","101,09","","","","","","Brouillard"
"1975-06-24 01:00","1975","06","24","01:00"," ","4,40","","3,30","","90,00","","34,00","","14,00","","24,10","","101,15","","","","","","Généralement nuageux"
"1975-06-24 02:00","1975","06","24","02:00"," ","4,40","","2,80","","87,00","","34,00","","13,00","","24,10","","101,21","","","","","","Généralement nuageux"
"1975-06-24 03:00","1975","06","24","03:00"," ","5,00","","2,20","","84,00","","33,00","","16,00","","24,10","","101,31","","","","","","Généralement dégagé"
"1975-06-24 04:00","1975","06","24","04:00"," ","5,00","","2,80","","85,00","","29,00","","14,00","","24,10","","101,36","","","","","","Généralement nuageux"
"1975-06-24 05:00","1975","06","24","05:00"," ","5,00","","2,20","","84,00","","27,00","","16,00","","24,10","","101,42","","","","","","Généralement nuageux"
"1975-06-24 06:00","1975","06","24","06:00"," ","5,60","","2,80","","83,00","","27,00","","23,00","","24,10","","101,45","","","","","","Généralement nuageux"
"1975-06-24 07:00","1975","06","24","07:00"," ","4,40","","1,70","","82,00","","28,00","","26,00","","24,10","","101,54","","","","","","Généralement nuageux"
"1975-06-24 08:00","1975","06","24","08:00"," ","3,90","","1,70","","86,00","","29,00","","21,00","","24,10","","101,64","","","","","","Nuageux"
"1975-06-24 09:00","1975","06","24","09:00"," ","3,90","","2,20","","89,00","","29,00","","19,00","","24,10","","101,68","","","","","","Nuageux"
"1975-06-24 10:00","1975","06","24","10:00"," ","5,00","","2,80","","87,00","","29,00","","14,00","","16,10","","101,74","","","","","","Nuageux"
"1975-06-24 11:00","1975","06","24","11:00"," ","6,10","","3,30","","82,00","","30,00","","16,00","","24,10","","101,76","","","","","","Généralement nuageux"
"1975-06-24 12:00","1975","06","24","12:00"," ","7,80","","1,70","","66,00","","31,00","","14,00","","24,10","","101,83","","","","","","Généralement nuageux"
"1975-06-24 13:00","1975","06","24","13:00"," ","7,20","","2,80","","73,00","","29,00","","24,00","","24,10","","101,89","","","","","","Généralement nuageux"
"1975-06-24 14:00","1975","06","24","14:00"," ","7,20","","3,30","","74,00","","29,00","","23,00","","24,10","","101,93","","","","","","Généralement nuageux"
"1975-06-24 15:00","1975","06","24","15:00"," ","7,80","","3,30","","74,00","","28,00","","24,00","","24,10","","101,97","","","","","","Généralement nuageux"
"1975-06-24 16:00","1975","06","24","16:00"," ","6,10","","2,80","","80,00","","29,00","","23,00","","24,10","","101,97","","","","","","Nuageux"
"1975-06-24 17:00","1975","06","24","17:00"," ","5,00","","1,70","","80,00","","28,00","","13,00","","16,10","","102,01","","","","","","Nuageux"
"1975-06-24 18:00","1975","06","24","18:00"," ","5,60","","2,20","","81,00","","28,00","","13,00","","16,10","","102,01","","","","","","Généralement nuageux"
"1975-06-24 19:00","1975","06","24","19:00"," ","6,10","","3,30","","80,00","","28,00","","14,00","","19,30","","101,99","","","","","","Généralement nuageux"
"1975-06-24 20:00","1975","06","24","20:00"," ","5,60","","2,80","","82,00","","27,00","","14,00","","19,30","","101,99","","","","","","Généralement nuageux"
"1975-06-24 21:00","1975","06","24","21:00"," ","5,60","","2,80","","82,00","","27,00","","16,00","","19,30","","102,02","","","","","","Généralement nuageux"
"1975-06-24 22:00","1975","06","24","22:00"," ","5,60","","3,30","","85,00","","27,00","","13,00","","19,30","","102,02","","","","","","Généralement nuageux"
"1975-06-24 23:00","1975","06","24","23:00"," ","5,60","","3,30","","86,00","","24,00","","11,00","","19,30","","102,04","","","","","","Généralement nuageux"
"1975-06-25 00:00","1975","06","25","00:00"," ","5,00","","3,30","","87,00","","21,00","","11,00","","19,30","","102,05","","","","","","Généralement nuageux"
"1975-06-25 01:00","1975","06","25","01:00"," ","5,00","","2,80","","88,00","","24,00","","10,00","","24,10","","102,04","","","","","","Généralement dégagé"
"1975-06-25 02:00","1975","06","25","02:00"," ","3,90","","2,20","","89,00","","22,00","","3,00","","24,10","","102,05","","","","","","Généralement dégagé"
"1975-06-25 03:00","1975","06","25","03:00"," ","5,00","","3,30","","89,00","","23,00","","11,00","","16,10","","102,07","","","","","","Généralement nuageux"
"1975-06-25 04:00","1975","06","25","04:00"," ","5,60","","3,90","","89,00","","26,00","","16,00","","24,10","","102,12","","","","","","Généralement nuageux"
"1975-06-25 05:00","1975","06","25","05:00"," ","6,10","","5,00","","91,00","","27,00","","16,00","","16,10","","102,15","","","","","","Généralement nuageux"
"1975-06-25 06:00","1975","06","25","06:00"," ","6,10","","4,40","","88,00","","28,00","","11,00","","19,30","","102,19","","","","","","Généralement nuageux"
"1975-06-25 07:00","1975","06","25","07:00"," ","7,20","","4,40","","82,00","","28,00","","14,00","","24,10","","102,20","","","","","","Généralement nuageux"
"1975-06-25 08:00","1975","06","25","08:00"," ","8,30","","5,00","","80,00","","28,00","","13,00","","24,10","","102,22","","","","","","Généralement nuageux"
"1975-06-25 09:00","1975","06","25","09:00"," ","8,30","","5,00","","80,00","","29,00","","10,00","","24,10","","102,22","","","","","","Généralement dégagé"
"1975-06-25 10:00","1975","06","25","10:00"," ","9,40","","5,60","","78,00","","29,00","","8,00","","24,10","","102,18","","","","","","Généralement dégagé"
"1975-06-25 11:00","1975","06","25","11:00"," ","10,00","","5,60","","75,00","","30,00","","8,00","","24,10","","102,15","","","","","","Généralement nuageux"
"1975-06-25 12:00","1975","06","25","12:00"," ","10,60","","5,60","","73,00","","0,00","","0,00","","24,10","","102,08","","","","","","Généralement nuageux"
"1975-06-25 13:00","1975","06","25","13:00"," ","12,20","","5,60","","66,00","","31,00","","11,00","","24,10","","102,08","","","","","","Généralement nuageux"
"1975-06-25 14:00","1975","06","25","14:00"," ","13,90","","4,40","","54,00","","36,00","","10,00","","24,10","","101,97","","","","","","Généralement nuageux"
"1975-06-25 15:00","1975","06","25","15:00"," ","14,40","","4,40","","50,00","","1,00","","14,00","","24,10","","101,89","","","","","","Généralement nuageux"
"1975-06-25 16:00","1975","06","25","16:00"," ","17,20","","4,40","","43,00","","3,00","","14,00","","24,10","","101,76","","","","","","Généralement nuageux"
"1975-06-25 17:00","1975","06","25","17:00"," ","18,30","","7,20","","48,00","","3,00","","10,00","","24,10","","101,55","","","","","","Généralement nuageux"
"1975-06-25 18:00","1975","06","25","18:00"," ","20,00","","6,10","","41,00","","20,00","","14,00","","24,10","","101,47","","","","","","Généralement nuageux"
"1975-06-25 19:00","1975","06","25","19:00"," ","20,60","","6,10","","38,00","","20,00","","10,00","","24,10","","101,41","","","","","","Généralement nuageux"
"1975-06-25 20:00","1975","06","25","20:00"," ","19,40","","6,70","","43,00","","16,00","","14,00","","24,10","","101,28","","","","","","Généralement nuageux"
"1975-06-25 21:00","1975","06","25","21:00"," ","18,30","","7,80","","51,00","","14,00","","21,00","","24,10","","101,16","","","","","","Généralement dégagé"
"1975-06-25 22:00","1975","06","25","22:00"," ","17,20","","8,90","","57,00","","16,00","","23,00","","24,10","","101,01","","","","","","Généralement nuageux"
"1975-06-25 23:00","1975","06","25","23:00"," ","19,40","","9,40","","53,00","","20,00","","29,00","","24,10","","100,89","","","","","","Généralement nuageux"
"1975-06-26 00:00","1975","06","26","00:00"," ","19,40","","8,90","","51,00","","20,00","","35,00","","24,10","","100,77","","","","","","Nuageux"
"1975-06-26 01:00","1975","06","26","01:00"," ","19,40","","8,90","","50,00","","20,00","","35,00","","24,10","","100,62","","","","","","Nuageux"
"1975-06-26 02:00","1975","06","26","02:00"," ","20,00","","9,40","","50,00","","19,00","","35,00","","24,10","","100,48","","","","","","Nuageux"
"1975-06-26 03:00","1975","06","26","03:00"," ","16,10","","11,70","","74,00","","25,00","","23,00","","19,30","","100,56","","","","","","Averses de pluie"
"1975-06-26 04:00","1975","06","26","04:00"," ","15,60","","13,30","","87,00","","20,00","","21,00","","16,10","","100,43","","","","","","Pluie"
"1975-06-26 05:00","1975","06","26","05:00"," ","15,60","","6,10","","54,00","","19,00","","23,00","","16,10","","100,30","","","","","","Averses de pluie"
"1975-06-26 06:00","1975","06","26","06:00"," ","16,70","","15,00","","90,00","","22,00","","23,00","","9,70","","100,24","","","","","","Averses de pluie,Brouillard"
"1975-06-26 07:00","1975","06","26","07:00"," ","16,10","","6,70","","53,00","","25,00","","35,00","","19,30","","100,23","","","","","","Généralement nuageux"
"1975-06-26 08:00","1975","06","26","08:00"," ","14,40","","12,80","","90,00","","26,00","","21,00","","16,10","","100,20","","","","","","Généralement nuageux"
"1975-06-26 09:00","1975","06","26","09:00"," ","13,30","","12,20","","91,00","","26,00","","34,00","","1,60","","100,22","","","","","","Bruine,Brouillard"
"1975-06-26 10:00","1975","06","26","10:00"," ","13,30","","12,20","","91,00","","26,00","","37,00","","6,40","","100,25","","","","","","Bruine,Brouillard"
"1975-06-26 11:00","1975","06","26","11:00"," ","13,90","","12,20","","87,00","","26,00","","42,00","","6,40","","100,25","","","","","","Bruine,Brouillard"
"1975-06-26 12:00","1975","06","26","12:00"," ","13,90","","11,70","","88,00","","25,00","","37,00","","16,10","","100,28","","","","","","Nuageux"
"1975-06-26 13:00","1975","06","26","13:00"," ","13,90","","11,70","","87,00","","26,00","","34,00","","16,10","","100,31","","","","","","Nuageux"
"1975-06-26 14:00","1975","06","26","14:00"," ","13,90","","12,20","","89,00","","27,00","","19,00","","16,10","","100,40","","","","","","Nuageux"
"1975-06-26 15:00","1975","06","26","15:00"," ","15,60","","12,80","","82,00","","26,00","","19,00","","12,90","","100,33","","","","","","Nuageux"
"1975-06-26 16:00","1975","06","26","16:00"," ","15,00","","13,90","","90,00","","26,00","","19,00","","12,90","","100,36","","","","","","Généralement nuageux"
"1975-06-26 17:00","1975","06","26","17:00"," ","12,80","","11,70","","94,00","","27,00","","19,00","","0,40","","100,29","","","","","","Brouillard"
"1975-06-26 18:00","1975","06","26","18:00"," ","12,80","","12,20","","96,00","","30,00","","11,00","","16,10","","100,27","","","","","","Généralement nuageux"
"1975-06-26 19:00","1975","06","26","19:00"," ","11,70","","10,60","","93,00","","29,00","","10,00","","0,00","","100,24","","","","","","Brouillard"
"1975-06-26 20:00","1975","06","26","20:00"," ","12,20","","11,70","","96,00","","26,00","","8,00","","0,20","","100,17","","","","","","Brouillard"
"1975-06-26 21:00","1975","06","26","21:00"," ","10,60","","10,00","","95,00","","30,00","","11,00","","0,20","","100,24","","","","","","Brouillard"
"1975-06-26 22:00","1975","06","26","22:00"," ","9,40","","8,30","","93,00","","28,00","","14,00","","12,90","","100,39","","","","","","Nuageux"
"1975-06-26 23:00","1975","06","26","23:00"," ","8,30","","7,20","","91,00","","30,00","","14,00","","12,90","","100,38","","","","","","Nuageux"
"1975-06-27 00:00","1975","06","27","00:00"," ","8,30","","6,10","","86,00","","5,00","","10,00","","12,90","","100,26","","","","","","Pluie"
"1975-06-27 01:00","1975","06","27","01:00"," ","7,80","","6,70","","91,00","","5,00","","11,00","","12,90","","100,28","","","","","","Pluie"
"1975-06-27 02:00","1975","06","27","02:00"," ","6,70","","5,00","","90,00","","2,00","","14,00","","12,90","","100,35","","","","","","Nuageux"
"1975-06-27 03:00","1975","06","27","03:00"," ","6,70","","5,60","","92,00","","6,00","","14,00","","9,70","","100,31","","","","","","Pluie"
"1975-06-27 04:00","1975","06","27","04:00"," ","7,20","","5,60","","91,00","","7,00","","14,00","","9,70","","100,33","","","","","","Pluie"
"1975-06-27 05:00","1975","06","27","05:00"," ","7,20","","5,60","","91,00","","36,00","","16,00","","9,70","","100,36","","","","","","Pluie"
"1975-06-27 06:00","1975","06","27","06:00"," ","7,20","","5,60","","89,00","","36,00","","19,00","","9,70","","100,43","","","","","","Pluie"
"1975-06-27 07:00","1975","06","27","07:00"," ","7,80","","6,10","","90,00","","6,00","","13,00","","6,40","","100,50","","","","","","Pluie,Brouillard"
"1975-06-27 08:00","1975","06","27","08:00"," ","8,90","","7,20","","89,00","","4,00","","11,00","","16,10","","100,55","","","","","","Nuageux"
"1975-06-27 09:00","1975","06","27","09:00"," ","10,00","","7,80","","88,00","","2,00","","19,00","","16,10","","100,65","","","","","","Généralement nuageux"
"1975-06-27 10:00","1975","06","27","10:00"," ","9,40","","7,20","","87,00","","3,00","","19,00","","16,10","","100,64","","","","","","Nuageux"
"1975-06-27 11:00","1975","06","27","11:00"," ","10,00","","7,80","","86,00","","3,00","","19,00","","3,20","","100,75","","","","","","Brouillard"
"1975-06-27 12:00","1975","06","27","12:00"," ","9,40","","7,80","","88,00","","3,00","","19,00","","16,10","","100,77","","","","","","Généralement nuageux"
"1975-06-27 13:00","1975","06","27","13:00"," ","10,00","","7,20","","82,00","","2,00","","23,00","","16,10","","100,77","","","","","","Généralement nuageux"
"1975-06-27 14:00","1975","06","27","14:00"," ","9,40","","6,10","","80,00","","1,00","","26,00","","16,10","","100,76","","","","","","Généralement nuageux"
"1975-06-27 15:00","1975","06","27","15:00"," ","7,80","","5,00","","83,00","","2,00","","24,00","","16,10","","100,87","","","","","","Généralement nuageux"
"1975-06-27 16:00","1975","06","27","16:00"," ","7,80","","5,60","","84,00","","3,00","","19,00","","16,10","","100,94","","","","","","Nuageux"
"1975-06-27 17:00","1975","06","27","17:00"," ","8,30","","5,00","","81,00","","1,00","","14,00","","16,10","","101,02","","","","","","Nuageux"
"1975-06-27 18:00","1975","06","27","18:00"," ","8,30","","5,00","","81,00","","3,00","","16,00","","19,30","","101,00","","","","","","Nuageux"
"1975-06-27 19:00","1975","06","27","19:00"," ","7,80","","5,00","","83,00","","4,00","","19,00","","24,10","","101,01","","","","","","Nuageux"
"1975-06-27 20:00","1975","06","27","20:00"," ","7,80","","5,00","","82,00","","4,00","","14,00","","24,10","","101,02","","","","","","Nuageux"
"1975-06-27 21:00","1975","06","27","21:00"," ","7,80","","4,40","","81,00","","3,00","","14,00","","24,10","","101,10","","","","","","Généralement nuageux"
"1975-06-27 22:00","1975","06","27","22:00"," ","7,80","","4,40","","80,00","","1,00","","19,00","","24,10","","101,18","","","","","","Généralement nuageux"
"1975-06-27 23:00","1975","06","27","23:00"," ","6,70","","4,40","","85,00","","35,00","","21,00","","24,10","","101,32","","","","","","Généralement nuageux"
"1975-06-28 00:00","1975","06","28","00:00"," ","6,70","","4,40","","85,00","","36,00","","16,00","","24,10","","101,33","","","","","","Généralement nuageux"
"1975-06-28 01:00","1975","06","28","01:00"," ","6,70","","4,40","","86,00","","36,00","","14,00","","24,10","","101,37","","","","","","Généralement nuageux"
"1975-06-28 02:00","1975","06","28","02:00"," ","6,70","","4,40","","85,00","","35,00","","19,00","","24,10","","101,39","","","","","","Généralement nuageux"
"1975-06-28 03:00","1975","06","28","03:00"," ","6,70","","4,40","","86,00","","1,00","","16,00","","24,10","","101,46","","","","","","Généralement nuageux"
"1975-06-28 04:00","1975","06","28","04:00"," ","6,10","","4,40","","88,00","","1,00","","14,00","","24,10","","101,52","","","","","","Généralement nuageux"
"1975-06-28 05:00","1975","06","28","05:00"," ","6,70","","4,40","","87,00","","36,00","","16,00","","24,10","","101,70","","","","","","Nuageux"
"1975-06-28 06:00","1975","06","28","06:00"," ","6,70","","4,40","","88,00","","1,00","","14,00","","9,70","","101,72","","","","","","Brouillard"
"1975-06-28 07:00","1975","06","28","07:00"," ","6,10","","4,40","","88,00","","36,00","","14,00","","9,70","","101,83","","","","","","Brouillard"
"1975-06-28 08:00","1975","06","28","08:00"," ","5,60","","4,40","","91,00","","35,00","","16,00","","1,60","","101,97","","","","","","Brouillard"
"1975-06-28 09:00","1975","06","28","09:00"," ","5,00","","3,30","","89,00","","36,00","","19,00","","1,20","","102,06","","","","","","Brouillard"
"1975-06-28 10:00","1975","06","28","10:00"," ","6,10","","3,90","","86,00","","35,00","","13,00","","1,20","","102,12","","","","","","Brouillard"
"1975-06-28 11:00","1975","06","28","11:00"," ","6,10","","3,90","","85,00","","34,00","","11,00","","2,40","","102,18","","","","","","Brouillard"
"1975-06-28 12:00","1975","06","28","12:00"," ","6,10","","3,90","","84,00","","35,00","","8,00","","16,10","","102,29","","","","","","Généralement nuageux"
"1975-06-28 13:00","1975","06","28","13:00"," ","6,70","","4,40","","85,00","","34,00","","13,00","","24,10","","102,35","","","","","","Généralement nuageux"
"1975-06-28 14:00","1975","06","28","14:00"," ","7,20","","3,90","","78,00","","33,00","","10,00","","24,10","","102,41","","","","","","Généralement dégagé"
"1975-06-28 15:00","1975","06","28","15:00"," ","8,30","","4,40","","75,00","","32,00","","11,00","","24,10","","102,44","","","","","","Dégagé"
"1975-06-28 16:00","1975","06","28","16:00"," ","9,40","","4,40","","71,00","","34,00","","11,00","","24,10","","102,49","","","","","","Dégagé"
"1975-06-28 17:00","1975","06","28","17:00"," ","10,00","","4,40","","68,00","","32,00","","11,00","","24,10","","102,53","","","","","","Dégagé"
"1975-06-28 18:00","1975","06","28","18:00"," ","10,00","","5,60","","74,00","","33,00","","2,00","","24,10","","102,51","","","","","","Dégagé"
"1975-06-28 19:00","1975","06","28","19:00"," ","10,00","","4,40","","70,00","","36,00","","8,00","","24,10","","102,51","","","","","","Dégagé"
"1975-06-28 20:00","1975","06","28","20:00"," ","9,40","","5,00","","73,00","","19,00","","3,00","","24,10","","102,48","","","","","","Dégagé"
"1975-06-28 21:00","1975","06","28","21:00"," ","8,30","","4,40","","76,00","","3,00","","2,00","","24,10","","102,50","","","","","","Généralement dégagé"
"1975-06-28 22:00","1975","06","28","22:00"," ","7,80","","4,40","","80,00","","34,00","","2,00","","24,10","","102,59","","","","","","Généralement dégagé"
"1975-06-28 23:00","1975","06","28","23:00"," ","6,70","","3,90","","82,00","","11,00","","2,00","","24,10","","102,60","","","","","","Généralement dégagé"
"1975-06-29 00:00","1975","06","29","00:00"," ","5,60","","3,30","","86,00","","14,00","","5,00","","24,10","","102,61","","","","","","Généralement dégagé"
"1975-06-29 01:00","1975","06","29","01:00"," ","4,40","","2,80","","89,00","","13,00","","8,00","","24,10","","102,63","","","","","","Généralement dégagé"
"1975-06-29 02:00","1975","06","29","02:00"," ","3,30","","2,20","","91,00","","14,00","","11,00","","24,10","","102,63","","","","","","Généralement dégagé"
"1975-06-29 03:00","1975","06","29","03:00"," ","2,20","","1,10","","91,00","","14,00","","14,00","","0,20","","102,61","","","","","","Brouillard"
"1975-06-29 04:00","1975","06","29","04:00"," ","2,20","","1,10","","92,00","","14,00","","14,00","","0,20","","102,67","","","","","","Brouillard"
"1975-06-29 05:00","1975","06","29","05:00"," ","2,80","","1,70","","92,00","","14,00","","10,00","","0,80","","102,70","","","","","","Brouillard"
"1975-06-29 06:00","1975","06","29","06:00"," ","4,40","","3,90","","94,00","","13,00","","8,00","","24,10","","102,69","","","","","","Généralement dégagé"
"1975-06-29 07:00","1975","06","29","07:00"," ","7,80","","7,20","","94,00","","0,00","","0,00","","24,10","","102,72","","","","","","Dégagé"
"1975-06-29 08:00","1975","06","29","08:00"," ","12,20","","6,70","","68,00","","0,00","","0,00","","24,10","","102,74","","","","","","Généralement dégagé"
"1975-06-29 09:00","1975","06","29","09:00"," ","16,70","","2,80","","39,00","","16,00","","11,00","","24,10","","102,65","","","","","","Dégagé"
"1975-06-29 10:00","1975","06","29","10:00"," ","16,10","","6,70","","53,00","","35,00","","8,00","","24,10","","102,64","","","","","","Généralement dégagé"
"1975-06-29 11:00","1975","06","29","11:00"," ","17,20","","6,10","","49,00","","35,00","","10,00","","24,10","","102,57","","","","","","Généralement dégagé"
"1975-06-29 12:00","1975","06","29","12:00"," ","16,70","","4,40","","43,00","","36,00","","11,00","","24,10","","102,50","","","","","","Généralement dégagé"
"1975-06-29 13:00","1975","06","29","13:00"," ","18,90","","4,40","","38,00","","1,00","","14,00","","24,10","","102,47","","","","","","Généralement dégagé"
"1975-06-29 14:00","1975","06","29","14:00"," ","18,30","","2,80","","36,00","","1,00","","14,00","","24,10","","102,45","","","","","","Généralement dégagé"
"1975-06-29 15:00","1975","06","29","15:00"," ","18,90","","3,90","","36,00","","4,00","","14,00","","24,10","","102,39","","","","","","Généralement dégagé"
"1975-06-29 16:00","1975","06","29","16:00"," ","20,60","","3,90","","33,00","","1,00","","14,00","","24,10","","102,32","","","","","","Généralement dégagé"
"1975-06-29 17:00","1975","06","29","17:00"," ","17,80","","3,90","","40,00","","5,00","","13,00","","24,10","","102,26","","","","","","Généralement nuageux"
"1975-06-29 18:00","1975","06","29","18:00"," ","21,70","","6,70","","37,00","","19,00","","5,00","","24,10","","102,25","","","","","","Généralement nuageux"
"1975-06-29 19:00","1975","06","29","19:00"," ","23,30","","5,00","","31,00","","17,00","","14,00","","24,10","","102,20","","","","","","Généralement nuageux"
"1975-06-29 20:00","1975","06","29","20:00"," ","21,70","","6,10","","36,00","","19,00","","14,00","","24,10","","102,14","","","","","","Généralement nuageux"
"1975-06-29 21:00","1975","06","29","21:00"," ","20,00","","6,70","","41,00","","17,00","","24,00","","24,10","","102,07","","","","","","Généralement nuageux"
"1975-06-29 22:00","1975","06","29","22:00"," ","19,40","","5,60","","40,00","","19,00","","24,00","","24,10","","102,06","","","","","","Généralement nuageux"
"1975-06-29 23:00","1975","06","29","23:00"," ","19,40","","4,40","","37,00","","17,00","","26,00","","24,10","","102,04","","","","","","Généralement nuageux"
"1975-06-30 00:00","1975","06","30","00:00"," ","20,00","","4,40","","37,00","","17,00","","24,00","","24,10","","102,00","","","","","","Généralement nuageux"
"1975-06-30 01:00","1975","06","30","01:00"," ","18,90","","4,40","","37,00","","16,00","","24,00","","24,10","","101,96","","","","","","Généralement dégagé"
"1975-06-30 02:00","1975","06","30","02:00"," ","17,80","","4,40","","41,00","","15,00","","23,00","","24,10","","101,87","","","","","","Généralement nuageux"
"1975-06-30 03:00","1975","06","30","03:00"," ","18,30","","4,40","","40,00","","16,00","","26,00","","24,10","","101,87","","","","","","Généralement nuageux"
"1975-06-30 04:00","1975","06","30","04:00"," ","18,90","","5,00","","40,00","","17,00","","29,00","","24,10","","101,87","","","","","","Généralement nuageux"
"1975-06-30 05:00","1975","06","30","05:00"," ","19,40","","5,00","","39,00","","16,00","","29,00","","24,10","","101,86","","","","","","Généralement nuageux"
"1975-06-30 06:00","1975","06","30","06:00"," ","19,40","","5,60","","40,00","","17,00","","29,00","","24,10","","101,87","","","","","","Généralement nuageux"
"1975-06-30 07:00","1975","06","30","07:00"," ","20,60","","5,00","","36,00","","17,00","","27,00","","24,10","","101,83","","","","","","Généralement nuageux"
"1975-06-30 08:00","1975","06","30","08:00"," ","22,20","","6,10","","35,00","","18,00","","26,00","","24,10","","101,78","","","","","","Généralement nuageux"
"1975-06-30 09:00","1975","06","30","09:00"," ","25,00","","6,10","","30,00","","20,00","","26,00","","24,10","","101,71","","25,00","","","","Généralement nuageux"
"1975-06-30 10:00","1975","06","30","10:00"," ","24,40","","6,10","","31,00","","19,00","","23,00","","24,10","","101,64","","","","","","Nuageux"
"1975-06-30 11:00","1975","06","30","11:00"," ","23,30","","7,20","","34,00","","18,00","","23,00","","19,30","","101,56","","","","","","Averses de pluie"
"1975-06-30 12:00","1975","06","30","12:00"," ","21,70","","9,40","","45,00","","18,00","","24,00","","16,10","","101,59","","","","","","Averses de pluie"
"1975-06-30 13:00","1975","06","30","13:00"," ","21,10","","10,60","","51,00","","16,00","","34,00","","24,10","","101,35","","","","","","Nuageux"
"1975-06-30 14:00","1975","06","30","14:00"," ","22,20","","8,90","","42,00","","19,00","","29,00","","24,10","","101,26","","","","","","Averses de pluie"
"1975-06-30 15:00","1975","06","30","15:00"," ","23,90","","7,80","","36,00","","19,00","","37,00","","24,10","","101,12","","","","","","Généralement nuageux"
"1975-06-30 16:00","1975","06","30","16:00"," ","23,90","","10,00","","42,00","","19,00","","23,00","","20,90","","101,13","","25,00","","","","Averses de pluie"
"1975-06-30 17:00","1975","06","30","17:00"," ","25,00","","10,60","","40,00","","22,00","","29,00","","20,90","","101,05","","27,00","","","","Généralement nuageux"
"1975-06-30 18:00","1975","06","30","18:00"," ","25,00","","11,70","","44,00","","22,00","","19,00","","20,90","","101,01","","27,00","","","","Généralement nuageux"
"1975-06-30 19:00","1975","06","30","19:00"," ","26,10","","11,10","","39,00","","22,00","","24,00","","16,10","","100,93","","28,00","","","","Généralement nuageux"
"1975-06-30 20:00","1975","06","30","20:00"," ","25,00","","10,60","","40,00","","21,00","","27,00","","20,90","","100,85","","27,00","","","","Nuageux"
"1975-06-30 21:00","1975","06","30","21:00"," ","23,90","","10,00","","42,00","","19,00","","23,00","","20,90","","100,84","","25,00","","","","Nuageux"
"1975-06-30 22:00","1975","06","30","22:00"," ","23,90","","10,00","","42,00","","19,00","","26,00","","20,90","","100,74","","25,00","","","","Nuageux"
"1975-06-30 23:00","1975","06","30","23:00"," ","23,30","","10,00","","44,00","","20,00","","24,00","","24,10","","100,77","","25,00","","","","Nuageux"
