"Nom de la Station","VICTORIA INT'L A"
"Province","BRITISH COLUMBIA"
"Latitude","48,65"
"Longitude","-123,43"
"Altitude","19,50"
"Identification Climat","1018620"
"Identification OMM","71799"
"Identification TC","YYJ"
"Toutes les heures sont exprimées en heure normale locale (HNL). Pour convertir l'heure locale en heure avancée de l'Est (HAE), ajoutez 1 heure s'il y a lieu."

"Légende"
"M","Données Manquantes"
"E","Valeur Estimée"
"ND","Non Disponible"
"**","Données fournies par un partenaire, non assujetties à un révision par les Archives climatiques nationales du Canada"

"Date/Heure","Année","Mois","Jour","Heure","Qualité des Données","Temp (°C)","Temp Indicateur","Point de rosée (°C)","Point de rosée Indicateur","Hum. rel (%)","Hum. rel. Indicateur","Dir. du vent (10s deg)","Dir. du vent Indicateur","Vit. du vent (km/h)","Vit. du vent Indicateur","Visibilité (km)","Visibilité Indicateur","Pression à la station (kPa)","Pression à la station Indicateur","Hmdx","Hmdx Indicateur","Refroid. éolien","Refroid. éolien Indicateur","Temps"
"1981-10-01 00:00","1981","10","01","00:00"," ","12,80","","10,20","","84,00","","14,00","","9,00","","24,10","","101,50","","","","","","Nuageux"
"1981-10-01 01:00","1981","10","01","01:00"," ","11,80","","11,00","","95,00","","14,00","","6,00","","24,10","","101,46","","","","","","Nuageux"
"1981-10-01 02:00","1981","10","01","02:00"," ","12,00","","11,30","","95,00","","14,00","","11,00","","24,10","","101,40","","","","","","Averses de pluie"
"1981-10-01 03:00","1981","10","01","03:00"," ","11,70","","10,40","","92,00","","15,00","","9,00","","24,10","","101,26","","","","","","Averses de pluie"
"1981-10-01 04:00","1981","10","01","04:00"," ","11,70","","10,80","","94,00","","14,00","","9,00","","24,10","","101,19","","","","","","Averses de pluie"
"1981-10-01 05:00","1981","10","01","05:00"," ","11,90","","11,00","","94,00","","15,00","","7,00","","24,10","","101,16","","","","","","Pluie"
"1981-10-01 06:00","1981","10","01","06:00"," ","12,10","","11,00","","93,00","","14,00","","13,00","","8,00","","101,12","","","","","","Pluie,Brouillard"
"1981-10-01 07:00","1981","10","01","07:00"," ","11,80","","11,30","","97,00","","14,00","","9,00","","8,00","","101,06","","","","","","Pluie,Brouillard"
"1981-10-01 08:00","1981","10","01","08:00"," ","12,10","","11,30","","95,00","","15,00","","15,00","","8,00","","100,89","","","","","","Pluie,Brouillard"
"1981-10-01 09:00","1981","10","01","09:00"," ","12,20","","11,30","","94,00","","16,00","","15,00","","4,80","","100,99","","","","","","Pluie,Brouillard"
"1981-10-01 10:00","1981","10","01","10:00"," ","12,30","","12,20","","100,00","","16,00","","11,00","","4,00","","100,96","","","","","","Pluie,Brouillard"
"1981-10-01 11:00","1981","10","01","11:00"," ","12,70","","11,80","","94,00","","16,00","","11,00","","6,40","","100,82","","","","","","Pluie,Brouillard"
"1981-10-01 12:00","1981","10","01","12:00"," ","13,20","","12,30","","94,00","","16,00","","13,00","","6,40","","100,75","","","","","","Pluie,Brouillard"
"1981-10-01 13:00","1981","10","01","13:00"," ","13,30","","13,20","","100,00","","14,00","","6,00","","2,40","","100,75","","","","","","Pluie modérée,Brouillard"
"1981-10-01 14:00","1981","10","01","14:00"," ","13,40","","12,80","","96,00","","27,00","","11,00","","4,80","","100,75","","","","","","Pluie,Brouillard"
"1981-10-01 15:00","1981","10","01","15:00"," ","13,40","","12,50","","94,00","","0,00","","0,00","","3,60","","100,58","","","","","","Pluie,Brouillard"
"1981-10-01 16:00","1981","10","01","16:00"," ","12,50","","11,80","","95,00","","30,00","","4,00","","4,80","","100,55","","","","","","Pluie,Brouillard"
"1981-10-01 17:00","1981","10","01","17:00"," ","11,70","","9,70","","88,00","","0,00","","0,00","","24,10","","100,48","","","","","","Pluie"
"1981-10-01 18:00","1981","10","01","18:00"," ","11,00","","10,30","","95,00","","31,00","","6,00","","24,10","","100,45","","","","","","Pluie"
"1981-10-01 19:00","1981","10","01","19:00"," ","10,70","","9,80","","94,00","","26,00","","7,00","","24,10","","100,41","","","","","","Généralement nuageux"
"1981-10-01 20:00","1981","10","01","20:00"," ","10,10","","7,40","","83,00","","25,00","","13,00","","32,20","","100,35","","","","","","Généralement dégagé"
"1981-10-01 21:00","1981","10","01","21:00"," ","8,70","","6,10","","84,00","","30,00","","15,00","","48,30","","100,38","","","","","","Généralement dégagé"
"1981-10-01 22:00","1981","10","01","22:00"," ","8,50","","5,70","","83,00","","27,00","","13,00","","48,30","","100,45","","","","","","Généralement dégagé"
"1981-10-01 23:00","1981","10","01","23:00"," ","6,80","","5,00","","88,00","","26,00","","7,00","","48,30","","100,55","","","","","","Généralement dégagé"
"1981-10-02 00:00","1981","10","02","00:00"," ","8,50","","4,00","","73,00","","23,00","","15,00","","48,30","","100,55","","","","","","Généralement dégagé"
"1981-10-02 01:00","1981","10","02","01:00"," ","7,10","","3,20","","76,00","","23,00","","4,00","","48,30","","100,58","","","","","","Généralement dégagé"
"1981-10-02 02:00","1981","10","02","02:00"," ","8,70","","3,00","","67,00","","0,00","","0,00","","48,30","","100,69","","","","","","Généralement dégagé"
"1981-10-02 03:00","1981","10","02","03:00"," ","7,40","","3,70","","78,00","","28,00","","7,00","","48,30","","100,69","","","","","","Généralement dégagé"
"1981-10-02 04:00","1981","10","02","04:00"," ","6,80","","4,10","","83,00","","24,00","","4,00","","40,20","","100,75","","","","","","Généralement nuageux"
"1981-10-02 05:00","1981","10","02","05:00"," ","8,50","","4,90","","78,00","","19,00","","7,00","","40,20","","100,79","","","","","","Généralement dégagé"
"1981-10-02 06:00","1981","10","02","06:00"," ","7,90","","4,30","","78,00","","23,00","","7,00","","48,30","","100,79","","","","","","Généralement nuageux"
"1981-10-02 07:00","1981","10","02","07:00"," ","7,60","","5,10","","84,00","","23,00","","4,00","","48,30","","100,85","","","","","","Généralement dégagé"
"1981-10-02 08:00","1981","10","02","08:00"," ","10,10","","6,10","","76,00","","27,00","","7,00","","48,30","","100,85","","","","","","Généralement dégagé"
"1981-10-02 09:00","1981","10","02","09:00"," ","11,60","","5,70","","67,00","","33,00","","7,00","","48,30","","100,89","","","","","","Généralement dégagé"
"1981-10-02 10:00","1981","10","02","10:00"," ","12,00","","6,30","","68,00","","34,00","","4,00","","48,30","","100,89","","","","","","Généralement dégagé"
"1981-10-02 11:00","1981","10","02","11:00"," ","13,70","","5,90","","59,00","","31,00","","6,00","","48,30","","100,89","","","","","","Généralement dégagé"
"1981-10-02 12:00","1981","10","02","12:00"," ","13,80","","6,10","","60,00","","10,00","","7,00","","48,30","","100,89","","","","","","Généralement nuageux"
"1981-10-02 13:00","1981","10","02","13:00"," ","14,20","","6,50","","60,00","","12,00","","7,00","","48,30","","100,85","","","","","","Généralement nuageux"
"1981-10-02 14:00","1981","10","02","14:00"," ","12,90","","6,60","","66,00","","10,00","","9,00","","48,30","","100,79","","","","","","Généralement nuageux"
"1981-10-02 15:00","1981","10","02","15:00"," ","14,20","","5,10","","54,00","","11,00","","7,00","","48,30","","100,79","","","","","","Généralement nuageux"
"1981-10-02 16:00","1981","10","02","16:00"," ","13,50","","5,90","","60,00","","32,00","","4,00","","32,20","","100,79","","","","","","Averses de pluie"
"1981-10-02 17:00","1981","10","02","17:00"," ","12,60","","3,70","","55,00","","24,00","","9,00","","32,20","","100,79","","","","","","Généralement nuageux"
"1981-10-02 18:00","1981","10","02","18:00"," ","11,40","","5,20","","66,00","","23,00","","13,00","","32,20","","100,79","","","","","","Généralement nuageux"
"1981-10-02 19:00","1981","10","02","19:00"," ","9,00","","5,90","","81,00","","23,00","","7,00","","48,30","","100,79","","","","","","Généralement nuageux"
"1981-10-02 20:00","1981","10","02","20:00"," ","8,40","","4,90","","79,00","","20,00","","4,00","","48,30","","100,79","","","","","","Généralement dégagé"
"1981-10-02 21:00","1981","10","02","21:00"," ","8,20","","5,20","","81,00","","9,00","","6,00","","48,30","","100,82","","","","","","Généralement nuageux"
"1981-10-02 22:00","1981","10","02","22:00"," ","8,00","","5,60","","85,00","","0,00","","0,00","","40,20","","100,82","","","","","","Généralement nuageux"
"1981-10-02 23:00","1981","10","02","23:00"," ","6,40","","5,30","","93,00","","0,00","","0,00","","32,20","","100,85","","","","","","Généralement dégagé"
"1981-10-03 00:00","1981","10","03","00:00"," ","7,20","","5,00","","86,00","","8,00","","4,00","","32,20","","100,82","","","","","","Généralement nuageux"
"1981-10-03 01:00","1981","10","03","01:00"," ","8,00","","6,80","","92,00","","25,00","","7,00","","9,70","","100,89","","","","","","Averses de pluie"
"1981-10-03 02:00","1981","10","03","02:00"," ","8,00","","7,20","","95,00","","0,00","","0,00","","12,90","","100,85","","","","","","Averses de pluie"
"1981-10-03 03:00","1981","10","03","03:00"," ","7,90","","7,20","","96,00","","27,00","","7,00","","11,30","","100,89","","","","","","Averses de pluie"
"1981-10-03 04:00","1981","10","03","04:00"," ","7,60","","6,70","","94,00","","32,00","","2,00","","9,70","","100,89","","","","","","Averses de pluie"
"1981-10-03 05:00","1981","10","03","05:00"," ","7,30","","6,20","","93,00","","0,00","","0,00","","19,30","","100,89","","","","","","Averses de pluie"
"1981-10-03 06:00","1981","10","03","06:00"," ","6,80","","6,20","","96,00","","29,00","","4,00","","32,20","","100,89","","","","","","Généralement nuageux"
"1981-10-03 07:00","1981","10","03","07:00"," ","5,90","","5,60","","98,00","","30,00","","13,00","","32,20","","100,92","","","","","","Généralement nuageux"
"1981-10-03 08:00","1981","10","03","08:00"," ","7,80","","6,80","","93,00","","28,00","","4,00","","32,20","","100,96","","","","","","Généralement nuageux"
"1981-10-03 09:00","1981","10","03","09:00"," ","8,40","","6,60","","89,00","","30,00","","4,00","","24,10","","101,02","","","","","","Généralement nuageux"
"1981-10-03 10:00","1981","10","03","10:00"," ","9,60","","6,40","","80,00","","29,00","","4,00","","19,30","","101,06","","","","","","Généralement nuageux"
"1981-10-03 11:00","1981","10","03","11:00"," ","9,80","","6,90","","82,00","","32,00","","4,00","","24,10","","101,06","","","","","","Généralement nuageux"
"1981-10-03 12:00","1981","10","03","12:00"," ","10,70","","7,50","","80,00","","8,00","","6,00","","24,10","","101,09","","","","","","Généralement nuageux"
"1981-10-03 13:00","1981","10","03","13:00"," ","10,20","","6,50","","78,00","","12,00","","7,00","","24,10","","101,09","","","","","","Généralement nuageux"
"1981-10-03 14:00","1981","10","03","14:00"," ","10,60","","6,70","","77,00","","10,00","","4,00","","24,10","","101,09","","","","","","Généralement nuageux"
"1981-10-03 15:00","1981","10","03","15:00"," ","10,40","","7,90","","84,00","","11,00","","4,00","","24,10","","101,06","","","","","","Averses de pluie"
"1981-10-03 16:00","1981","10","03","16:00"," ","10,30","","7,50","","83,00","","14,00","","6,00","","24,10","","101,06","","","","","","Généralement nuageux"
"1981-10-03 17:00","1981","10","03","17:00"," ","9,80","","7,40","","85,00","","14,00","","2,00","","32,20","","101,06","","","","","","Généralement nuageux"
"1981-10-03 18:00","1981","10","03","18:00"," ","8,60","","6,10","","84,00","","15,00","","4,00","","32,20","","101,06","","","","","","Généralement dégagé"
"1981-10-03 19:00","1981","10","03","19:00"," ","7,50","","6,30","","92,00","","0,00","","0,00","","19,30","","101,09","","","","","","Généralement dégagé"
"1981-10-03 20:00","1981","10","03","20:00"," ","5,70","","5,10","","96,00","","24,00","","2,00","","3,20","","101,12","","","","","","Brouillard"
"1981-10-03 21:00","1981","10","03","21:00"," ","4,30","","4,10","","99,00","","25,00","","6,00","","4,80","","101,12","","","","","","Brouillard"
"1981-10-03 22:00","1981","10","03","22:00"," ","3,60","","3,50","","99,00","","25,00","","2,00","","4,80","","101,12","","","","","","Brouillard"
"1981-10-03 23:00","1981","10","03","23:00"," ","3,90","","3,60","","98,00","","24,00","","6,00","","1,60","","101,19","","","","","","Brouillard"
"1981-10-04 00:00","1981","10","04","00:00"," ","4,00","","4,00","","100,00","","25,00","","4,00","","9,70","","101,19","","","","","","Brouillard"
"1981-10-04 01:00","1981","10","04","01:00"," ","3,70","","3,50","","98,00","","0,00","","0,00","","6,40","","101,23","","","","","","Brouillard"
"1981-10-04 02:00","1981","10","04","02:00"," ","4,20","","4,00","","98,00","","25,00","","7,00","","12,90","","101,23","","","","","","Généralement dégagé"
"1981-10-04 03:00","1981","10","04","03:00"," ","2,20","","2,00","","98,00","","25,00","","4,00","","12,90","","101,23","","","","","","Généralement dégagé"
"1981-10-04 04:00","1981","10","04","04:00"," ","2,60","","2,50","","99,00","","25,00","","4,00","","12,90","","101,29","","","","","","Nuageux"
"1981-10-04 05:00","1981","10","04","05:00"," ","5,60","","5,50","","99,00","","27,00","","4,00","","12,90","","101,29","","","","","","Nuageux"
"1981-10-04 06:00","1981","10","04","06:00"," ","5,80","","5,60","","99,00","","28,00","","7,00","","16,10","","101,29","","","","","","Nuageux"
"1981-10-04 07:00","1981","10","04","07:00"," ","6,10","","5,60","","97,00","","26,00","","4,00","","12,90","","101,33","","","","","","Généralement nuageux"
"1981-10-04 08:00","1981","10","04","08:00"," ","6,60","","6,10","","97,00","","28,00","","4,00","","12,90","","101,36","","","","","","Généralement nuageux"
"1981-10-04 09:00","1981","10","04","09:00"," ","7,40","","6,30","","93,00","","26,00","","4,00","","12,90","","101,40","","","","","","Généralement nuageux"
"1981-10-04 10:00","1981","10","04","10:00"," ","7,90","","6,80","","93,00","","27,00","","2,00","","16,10","","101,43","","","","","","Généralement nuageux"
"1981-10-04 11:00","1981","10","04","11:00"," ","9,50","","7,20","","86,00","","0,00","","0,00","","19,30","","101,40","","","","","","Généralement nuageux"
"1981-10-04 12:00","1981","10","04","12:00"," ","10,30","","6,70","","79,00","","0,00","","0,00","","24,10","","101,40","","","","","","Généralement nuageux"
"1981-10-04 13:00","1981","10","04","13:00"," ","11,40","","7,00","","74,00","","36,00","","6,00","","24,10","","101,40","","","","","","Généralement dégagé"
"1981-10-04 14:00","1981","10","04","14:00"," ","12,40","","6,90","","69,00","","0,00","","0,00","","24,10","","101,33","","","","","","Généralement dégagé"
"1981-10-04 15:00","1981","10","04","15:00"," ","12,30","","6,40","","67,00","","14,00","","4,00","","24,10","","101,29","","","","","","Généralement dégagé"
"1981-10-04 16:00","1981","10","04","16:00"," ","12,10","","6,30","","68,00","","10,00","","4,00","","32,20","","101,26","","","","","","Généralement dégagé"
"1981-10-04 17:00","1981","10","04","17:00"," ","11,20","","5,50","","68,00","","9,00","","2,00","","32,20","","101,29","","","","","","Généralement dégagé"
"1981-10-04 18:00","1981","10","04","18:00"," ","8,40","","6,10","","86,00","","0,00","","0,00","","32,20","","101,29","","","","","","Généralement dégagé"
"1981-10-04 19:00","1981","10","04","19:00"," ","6,10","","5,20","","94,00","","24,00","","6,00","","32,20","","101,26","","","","","","Généralement dégagé"
"1981-10-04 20:00","1981","10","04","20:00"," ","6,40","","5,70","","95,00","","27,00","","4,00","","22,50","","101,26","","","","","","Généralement dégagé"
"1981-10-04 21:00","1981","10","04","21:00"," ","7,00","","6,20","","95,00","","26,00","","2,00","","24,10","","101,23","","","","","","Nuageux"
"1981-10-04 22:00","1981","10","04","22:00"," ","7,10","","6,60","","97,00","","27,00","","6,00","","24,10","","101,19","","","","","","Généralement nuageux"
"1981-10-04 23:00","1981","10","04","23:00"," ","8,00","","6,80","","92,00","","25,00","","6,00","","24,10","","101,16","","","","","","Nuageux"
"1981-10-05 00:00","1981","10","05","00:00"," ","7,10","","6,20","","94,00","","26,00","","2,00","","19,30","","101,12","","","","","","Généralement nuageux"
"1981-10-05 01:00","1981","10","05","01:00"," ","6,00","","5,70","","98,00","","0,00","","0,00","","19,30","","101,09","","","","","","Généralement nuageux"
"1981-10-05 02:00","1981","10","05","02:00"," ","6,20","","5,60","","96,00","","0,00","","0,00","","24,10","","101,06","","","","","","Généralement dégagé"
"1981-10-05 03:00","1981","10","05","03:00"," ","8,10","","6,80","","91,00","","6,00","","7,00","","24,10","","100,89","","","","","","Généralement nuageux"
"1981-10-05 04:00","1981","10","05","04:00"," ","6,50","","5,70","","95,00","","7,00","","11,00","","24,10","","100,85","","","","","","Nuageux"
"1981-10-05 05:00","1981","10","05","05:00"," ","8,10","","7,10","","93,00","","5,00","","7,00","","32,20","","100,79","","","","","","Nuageux"
"1981-10-05 06:00","1981","10","05","06:00"," ","6,90","","6,60","","98,00","","8,00","","4,00","","40,20","","100,69","","","","","","Nuageux"
"1981-10-05 07:00","1981","10","05","07:00"," ","7,50","","6,30","","92,00","","0,00","","0,00","","32,20","","100,58","","","","","","Pluie"
"1981-10-05 08:00","1981","10","05","08:00"," ","10,40","","5,80","","73,00","","11,00","","22,00","","32,20","","100,45","","","","","","Nuageux"
"1981-10-05 09:00","1981","10","05","09:00"," ","11,40","","6,10","","70,00","","12,00","","20,00","","32,20","","100,35","","","","","","Nuageux"
"1981-10-05 10:00","1981","10","05","10:00"," ","12,40","","5,10","","61,00","","13,00","","28,00","","24,10","","100,28","","","","","","Pluie"
"1981-10-05 11:00","1981","10","05","11:00"," ","10,70","","7,90","","83,00","","13,00","","28,00","","11,30","","100,25","","","","","","Pluie modérée"
"1981-10-05 12:00","1981","10","05","12:00"," ","11,70","","6,50","","70,00","","14,00","","30,00","","32,20","","100,14","","","","","","Pluie"
"1981-10-05 13:00","1981","10","05","13:00"," ","11,30","","7,80","","79,00","","14,00","","26,00","","16,10","","100,04","","","","","","Pluie"
"1981-10-05 14:00","1981","10","05","14:00"," ","10,80","","8,40","","85,00","","14,00","","33,00","","19,30","","100,01","","","","","","Pluie"
"1981-10-05 15:00","1981","10","05","15:00"," ","10,80","","8,80","","87,00","","15,00","","28,00","","24,10","","100,01","","","","","","Généralement nuageux"
"1981-10-05 16:00","1981","10","05","16:00"," ","11,50","","8,20","","80,00","","12,00","","28,00","","24,10","","99,91","","","","","","Généralement nuageux"
"1981-10-05 17:00","1981","10","05","17:00"," ","11,50","","9,30","","86,00","","15,00","","26,00","","24,10","","99,94","","","","","","Averses de pluie"
"1981-10-05 18:00","1981","10","05","18:00"," ","11,60","","9,70","","88,00","","13,00","","28,00","","12,90","","99,84","","","","","","Nuageux"
"1981-10-05 19:00","1981","10","05","19:00"," ","11,00","","9,90","","93,00","","15,00","","26,00","","4,00","","99,91","","","","","","Averses de pluie forte"
"1981-10-05 20:00","1981","10","05","20:00"," ","11,00","","9,90","","93,00","","14,00","","26,00","","8,00","","99,91","","","","","","Averses de pluie,Brouillard"
"1981-10-05 21:00","1981","10","05","21:00"," ","11,20","","10,30","","94,00","","16,00","","28,00","","3,20","","99,94","","","","","","Averses de pluie,Brouillard"
"1981-10-05 22:00","1981","10","05","22:00"," ","11,30","","10,40","","94,00","","15,00","","24,00","","3,20","","100,01","","","","","","Pluie,Brouillard"
"1981-10-05 23:00","1981","10","05","23:00"," ","11,60","","10,40","","92,00","","15,00","","19,00","","12,90","","100,01","","","","","","Nuageux"
"1981-10-06 00:00","1981","10","06","00:00"," ","12,00","","11,00","","94,00","","15,00","","11,00","","12,90","","100,04","","","","","","Nuageux"
"1981-10-06 01:00","1981","10","06","01:00"," ","12,20","","11,00","","92,00","","18,00","","9,00","","12,90","","100,08","","","","","","Nuageux"
"1981-10-06 02:00","1981","10","06","02:00"," ","12,00","","11,30","","95,00","","15,00","","6,00","","12,90","","100,08","","","","","","Nuageux"
"1981-10-06 03:00","1981","10","06","03:00"," ","12,50","","11,50","","94,00","","2,00","","4,00","","12,90","","100,08","","","","","","Nuageux"
"1981-10-06 04:00","1981","10","06","04:00"," ","11,80","","11,70","","100,00","","1,00","","2,00","","12,90","","100,08","","","","","","Averses de pluie"
"1981-10-06 05:00","1981","10","06","05:00"," ","11,80","","11,70","","100,00","","0,00","","0,00","","9,70","","100,01","","","","","","Averses de pluie,Brouillard"
"1981-10-06 06:00","1981","10","06","06:00"," ","11,70","","10,80","","94,00","","0,00","","0,00","","6,40","","100,01","","","","","","Averses de pluie,Brouillard"
"1981-10-06 07:00","1981","10","06","07:00"," ","11,80","","11,70","","100,00","","15,00","","9,00","","3,20","","99,98","","","","","","Averses de pluie,Brouillard"
"1981-10-06 08:00","1981","10","06","08:00"," ","12,00","","11,30","","95,00","","14,00","","17,00","","8,00","","99,91","","","","","","Brouillard"
"1981-10-06 09:00","1981","10","06","09:00"," ","12,30","","11,80","","97,00","","13,00","","11,00","","9,70","","99,91","","","","","","Brouillard"
"1981-10-06 10:00","1981","10","06","10:00"," ","12,50","","11,50","","94,00","","13,00","","11,00","","11,30","","99,87","","","","","","Nuageux"
"1981-10-06 11:00","1981","10","06","11:00"," ","12,60","","11,50","","93,00","","12,00","","9,00","","16,10","","99,87","","","","","","Nuageux"
"1981-10-06 12:00","1981","10","06","12:00"," ","12,90","","12,00","","94,00","","5,00","","4,00","","19,30","","99,70","","","","","","Nuageux"
"1981-10-06 13:00","1981","10","06","13:00"," ","12,70","","11,80","","94,00","","0,00","","0,00","","9,70","","99,54","","","","","","Pluie,Brouillard"
"1981-10-06 14:00","1981","10","06","14:00"," ","13,00","","12,70","","98,00","","13,00","","4,00","","9,70","","99,40","","","","","","Pluie,Brouillard"
"1981-10-06 15:00","1981","10","06","15:00"," ","13,10","","12,30","","95,00","","22,00","","2,00","","6,40","","99,40","","","","","","Averses de pluie,Brouillard"
"1981-10-06 16:00","1981","10","06","16:00"," ","13,00","","12,30","","95,00","","15,00","","13,00","","4,00","","99,33","","","","","","Pluie,Brouillard"
"1981-10-06 17:00","1981","10","06","17:00"," ","12,70","","12,20","","97,00","","15,00","","11,00","","4,00","","99,23","","","","","","Pluie,Brouillard"
"1981-10-06 18:00","1981","10","06","18:00"," ","12,80","","12,30","","97,00","","15,00","","13,00","","6,40","","99,27","","","","","","Pluie,Brouillard"
"1981-10-06 19:00","1981","10","06","19:00"," ","11,60","","11,20","","97,00","","0,00","","0,00","","12,90","","99,20","","","","","","Nuageux"
"1981-10-06 20:00","1981","10","06","20:00"," ","12,80","","10,60","","87,00","","23,00","","19,00","","9,70","","99,33","","","","","","Averses de pluie,Brouillard"
"1981-10-06 21:00","1981","10","06","21:00"," ","12,00","","9,10","","82,00","","24,00","","22,00","","24,10","","99,33","","","","","","Nuageux"
"1981-10-06 22:00","1981","10","06","22:00"," ","11,80","","8,30","","79,00","","24,00","","26,00","","32,20","","99,40","","","","","","Nuageux"
"1981-10-06 23:00","1981","10","06","23:00"," ","12,10","","6,70","","70,00","","28,00","","15,00","","48,30","","99,54","","","","","","Généralement dégagé"
"1981-10-07 00:00","1981","10","07","00:00"," ","11,00","","6,40","","73,00","","25,00","","17,00","","40,20","","99,67","","","","","","Généralement dégagé"
"1981-10-07 01:00","1981","10","07","01:00"," ","10,10","","6,10","","76,00","","13,00","","6,00","","48,30","","99,77","","","","","","Généralement dégagé"
"1981-10-07 02:00","1981","10","07","02:00"," ","10,10","","8,50","","90,00","","16,00","","6,00","","40,20","","99,77","","","","","","Généralement nuageux"
"1981-10-07 03:00","1981","10","07","03:00"," ","10,10","","8,50","","90,00","","14,00","","6,00","","40,20","","99,77","","","","","","Généralement nuageux"
"1981-10-07 04:00","1981","10","07","04:00"," ","10,20","","8,50","","89,00","","15,00","","6,00","","19,30","","99,77","","","","","","Nuageux"
"1981-10-07 05:00","1981","10","07","05:00"," ","10,10","","8,90","","92,00","","11,00","","9,00","","19,30","","99,77","","","","","","Nuageux"
"1981-10-07 06:00","1981","10","07","06:00"," ","9,80","","9,30","","97,00","","14,00","","9,00","","32,20","","99,77","","","","","","Généralement nuageux"
"1981-10-07 07:00","1981","10","07","07:00"," ","10,20","","8,50","","89,00","","0,00","","0,00","","24,10","","99,81","","","","","","Averses de pluie"
"1981-10-07 08:00","1981","10","07","08:00"," ","10,90","","9,60","","92,00","","10,00","","7,00","","24,10","","99,87","","","","","","Généralement nuageux"
"1981-10-07 09:00","1981","10","07","09:00"," ","11,20","","9,60","","90,00","","15,00","","7,00","","24,10","","99,91","","","","","","Généralement nuageux"
"1981-10-07 10:00","1981","10","07","10:00"," ","11,60","","9,70","","88,00","","15,00","","9,00","","32,20","","99,94","","","","","","Généralement nuageux"
"1981-10-07 11:00","1981","10","07","11:00"," ","12,80","","9,40","","80,00","","15,00","","13,00","","32,20","","100,01","","","","","","Généralement nuageux"
"1981-10-07 12:00","1981","10","07","12:00"," ","12,90","","9,10","","78,00","","15,00","","13,00","","32,20","","100,04","","","","","","Généralement nuageux"
"1981-10-07 13:00","1981","10","07","13:00"," ","12,80","","9,10","","78,00","","15,00","","9,00","","32,20","","100,08","","","","","","Généralement nuageux"
"1981-10-07 14:00","1981","10","07","14:00"," ","14,60","","8,40","","66,00","","14,00","","13,00","","32,20","","100,04","","","","","","Généralement nuageux"
"1981-10-07 15:00","1981","10","07","15:00"," ","15,00","","7,70","","62,00","","18,00","","9,00","","32,20","","100,11","","","","","","Généralement nuageux"
"1981-10-07 16:00","1981","10","07","16:00"," ","12,60","","8,90","","78,00","","18,00","","9,00","","32,20","","100,11","","","","","","Généralement nuageux"
"1981-10-07 17:00","1981","10","07","17:00"," ","13,70","","5,40","","57,00","","18,00","","11,00","","32,20","","100,18","","","","","","Généralement nuageux"
"1981-10-07 18:00","1981","10","07","18:00"," ","12,50","","8,10","","75,00","","18,00","","9,00","","32,20","","100,25","","","","","","Généralement nuageux"
"1981-10-07 19:00","1981","10","07","19:00"," ","11,60","","8,60","","82,00","","15,00","","4,00","","32,20","","100,25","","","","","","Généralement nuageux"
"1981-10-07 20:00","1981","10","07","20:00"," ","11,50","","9,30","","86,00","","14,00","","9,00","","32,20","","100,31","","","","","","Généralement nuageux"
"1981-10-07 21:00","1981","10","07","21:00"," ","11,00","","8,80","","86,00","","16,00","","7,00","","40,20","","100,31","","","","","","Généralement nuageux"
"1981-10-07 22:00","1981","10","07","22:00"," ","9,30","","8,00","","92,00","","12,00","","4,00","","40,20","","100,31","","","","","","Généralement nuageux"
"1981-10-07 23:00","1981","10","07","23:00"," ","9,60","","8,00","","90,00","","0,00","","0,00","","40,20","","100,31","","","","","","Généralement nuageux"
"1981-10-08 00:00","1981","10","08","00:00"," ","10,00","","9,30","","95,00","","16,00","","9,00","","24,10","","100,31","","","","","","Généralement nuageux"
"1981-10-08 01:00","1981","10","08","01:00"," ","10,10","","9,30","","95,00","","16,00","","9,00","","19,30","","100,35","","","","","","Averses de pluie"
"1981-10-08 02:00","1981","10","08","02:00"," ","10,20","","8,50","","89,00","","16,00","","7,00","","32,20","","100,35","","","","","","Généralement nuageux"
"1981-10-08 03:00","1981","10","08","03:00"," ","9,40","","9,20","","99,00","","12,00","","2,00","","16,10","","100,31","","","","","","Averses de pluie"
"1981-10-08 04:00","1981","10","08","04:00"," ","9,50","","8,40","","93,00","","10,00","","2,00","","24,10","","100,31","","","","","","Généralement nuageux"
"1981-10-08 05:00","1981","10","08","05:00"," ","9,20","","8,30","","94,00","","0,00","","0,00","","24,10","","100,31","","","","","","Généralement nuageux"
"1981-10-08 06:00","1981","10","08","06:00"," ","9,80","","7,50","","86,00","","14,00","","4,00","","32,20","","100,31","","","","","","Généralement nuageux"
"1981-10-08 07:00","1981","10","08","07:00"," ","9,70","","8,40","","91,00","","14,00","","9,00","","48,30","","100,31","","","","","","Généralement nuageux"
"1981-10-08 08:00","1981","10","08","08:00"," ","10,80","","9,20","","90,00","","14,00","","9,00","","32,20","","100,31","","","","","","Généralement nuageux"
"1981-10-08 09:00","1981","10","08","09:00"," ","11,10","","9,20","","88,00","","15,00","","13,00","","32,20","","100,31","","","","","","Généralement nuageux"
"1981-10-08 10:00","1981","10","08","10:00"," ","10,80","","9,20","","90,00","","13,00","","11,00","","32,20","","100,25","","","","","","Généralement nuageux"
"1981-10-08 11:00","1981","10","08","11:00"," ","11,00","","8,80","","86,00","","14,00","","9,00","","32,20","","100,25","","","","","","Averses de pluie"
"1981-10-08 12:00","1981","10","08","12:00"," ","10,90","","9,60","","92,00","","15,00","","9,00","","24,10","","100,21","","","","","","Averses de pluie"
"1981-10-08 13:00","1981","10","08","13:00"," ","10,30","","9,80","","97,00","","0,00","","0,00","","9,70","","100,21","","","","","","Pluie,Brouillard"
"1981-10-08 14:00","1981","10","08","14:00"," ","11,00","","10,30","","95,00","","16,00","","4,00","","9,70","","100,11","","","","","","Pluie,Brouillard"
"1981-10-08 15:00","1981","10","08","15:00"," ","11,00","","10,60","","97,00","","28,00","","11,00","","12,90","","100,14","","","","","","Averses de pluie"
"1981-10-08 16:00","1981","10","08","16:00"," ","8,30","","7,00","","92,00","","25,00","","9,00","","32,20","","100,18","","","","","","Averses de pluie"
"1981-10-08 17:00","1981","10","08","17:00"," ","8,80","","7,90","","94,00","","27,00","","7,00","","40,20","","100,14","","","","","","Généralement nuageux"
"1981-10-08 18:00","1981","10","08","18:00"," ","6,80","","6,20","","96,00","","29,00","","6,00","","40,20","","100,14","","","","","","Généralement dégagé"
"1981-10-08 19:00","1981","10","08","19:00"," ","4,70","","4,10","","96,00","","29,00","","9,00","","40,20","","100,25","","","","","","Généralement dégagé"
"1981-10-08 20:00","1981","10","08","20:00"," ","6,10","","5,20","","94,00","","0,00","","0,00","","40,20","","100,31","","","","","","Généralement dégagé"
"1981-10-08 21:00","1981","10","08","21:00"," ","4,10","","3,60","","97,00","","27,00","","6,00","","40,20","","100,35","","","","","","Généralement dégagé"
"1981-10-08 22:00","1981","10","08","22:00"," ","4,30","","3,60","","95,00","","29,00","","11,00","","48,30","","100,41","","","","","","Dégagé"
"1981-10-08 23:00","1981","10","08","23:00"," ","4,20","","3,60","","96,00","","24,00","","7,00","","48,30","","100,45","","","","","","Dégagé"
"1981-10-09 00:00","1981","10","09","00:00"," ","3,60","","3,10","","97,00","","24,00","","4,00","","48,30","","100,52","","","","","","Généralement dégagé"
"1981-10-09 01:00","1981","10","09","01:00"," ","5,80","","5,60","","99,00","","25,00","","7,00","","24,10","","100,55","","","","","","Averses de pluie"
"1981-10-09 02:00","1981","10","09","02:00"," ","6,30","","6,10","","99,00","","22,00","","4,00","","32,20","","100,58","","","","","","Généralement nuageux"
"1981-10-09 03:00","1981","10","09","03:00"," ","5,50","","5,50","","100,00","","0,00","","0,00","","32,20","","100,65","","","","","","Généralement nuageux"
"1981-10-09 04:00","1981","10","09","04:00"," ","5,80","","5,60","","99,00","","17,00","","11,00","","32,20","","100,65","","","","","","Généralement nuageux"
"1981-10-09 05:00","1981","10","09","05:00"," ","7,10","","6,20","","94,00","","0,00","","0,00","","32,20","","100,69","","","","","","Averses de pluie"
"1981-10-09 06:00","1981","10","09","06:00"," ","8,80","","7,10","","89,00","","18,00","","7,00","","32,20","","100,72","","","","","","Généralement nuageux"
"1981-10-09 07:00","1981","10","09","07:00"," ","6,80","","6,20","","96,00","","0,00","","0,00","","48,30","","100,75","","","","","","Généralement dégagé"
"1981-10-09 08:00","1981","10","09","08:00"," ","9,60","","7,20","","85,00","","14,00","","7,00","","32,20","","100,79","","","","","","Généralement dégagé"
"1981-10-09 09:00","1981","10","09","09:00"," ","11,60","","8,20","","80,00","","13,00","","7,00","","32,20","","100,79","","","","","","Généralement dégagé"
"1981-10-09 10:00","1981","10","09","10:00"," ","10,90","","8,00","","82,00","","16,00","","4,00","","32,20","","100,85","","","","","","Généralement dégagé"
"1981-10-09 11:00","1981","10","09","11:00"," ","12,80","","7,90","","72,00","","14,00","","11,00","","32,20","","100,85","","","","","","Généralement nuageux"
"1981-10-09 12:00","1981","10","09","12:00"," ","11,40","","8,20","","81,00","","14,00","","11,00","","32,20","","100,89","","","","","","Généralement nuageux"
"1981-10-09 13:00","1981","10","09","13:00"," ","10,90","","8,80","","87,00","","14,00","","15,00","","32,20","","100,89","","","","","","Averses de pluie"
"1981-10-09 14:00","1981","10","09","14:00"," ","9,00","","8,30","","95,00","","13,00","","15,00","","24,10","","100,89","","","","","","Averses de pluie"
"1981-10-09 15:00","1981","10","09","15:00"," ","9,70","","7,60","","87,00","","15,00","","15,00","","24,10","","100,92","","","","","","Averses de pluie"
"1981-10-09 16:00","1981","10","09","16:00"," ","10,30","","8,70","","90,00","","16,00","","13,00","","24,10","","100,92","","","","","","Averses de pluie"
"1981-10-09 17:00","1981","10","09","17:00"," ","10,40","","7,50","","82,00","","14,00","","4,00","","24,10","","100,96","","","","","","Généralement nuageux"
"1981-10-09 18:00","1981","10","09","18:00"," ","9,70","","7,20","","84,00","","16,00","","2,00","","32,20","","100,96","","","","","","Averses de pluie"
"1981-10-09 19:00","1981","10","09","19:00"," ","8,00","","7,60","","97,00","","27,00","","4,00","","32,20","","100,96","","","","","","Généralement nuageux"
"1981-10-09 20:00","1981","10","09","20:00"," ","7,30","","7,10","","99,00","","22,00","","4,00","","32,20","","100,96","","","","","","Généralement nuageux"
"1981-10-09 21:00","1981","10","09","21:00"," ","6,80","","6,60","","99,00","","0,00","","0,00","","40,20","","100,96","","","","","","Généralement nuageux"
"1981-10-09 22:00","1981","10","09","22:00"," ","7,20","","6,50","","95,00","","0,00","","0,00","","32,20","","100,96","","","","","","Généralement nuageux"
"1981-10-09 23:00","1981","10","09","23:00"," ","7,20","","6,60","","96,00","","0,00","","0,00","","32,20","","100,96","","","","","","Généralement nuageux"
"1981-10-10 00:00","1981","10","10","00:00"," ","6,50","","6,50","","100,00","","29,00","","4,00","","32,20","","100,96","","","","","","Généralement nuageux"
"1981-10-10 01:00","1981","10","10","01:00"," ","6,20","","5,60","","96,00","","31,00","","11,00","","24,10","","100,96","","","","","","Généralement dégagé"
"1981-10-10 02:00","1981","10","10","02:00"," ","7,10","","6,60","","97,00","","28,00","","7,00","","12,90","","100,96","","","","","","Généralement nuageux"
"1981-10-10 03:00","1981","10","10","03:00"," ","6,70","","6,10","","96,00","","24,00","","7,00","","12,90","","100,96","","","","","","Nuageux"
"1981-10-10 04:00","1981","10","10","04:00"," ","7,20","","6,20","","93,00","","29,00","","7,00","","16,10","","100,96","","","","","","Nuageux"
"1981-10-10 05:00","1981","10","10","05:00"," ","7,00","","6,60","","97,00","","27,00","","6,00","","19,30","","100,96","","","","","","Généralement nuageux"
"1981-10-10 06:00","1981","10","10","06:00"," ","7,10","","6,20","","94,00","","30,00","","4,00","","24,10","","100,96","","","","","","Généralement nuageux"
"1981-10-10 07:00","1981","10","10","07:00"," ","7,30","","7,10","","99,00","","28,00","","4,00","","24,10","","100,96","","","","","","Généralement nuageux"
"1981-10-10 08:00","1981","10","10","08:00"," ","8,10","","6,40","","89,00","","30,00","","6,00","","24,10","","100,99","","","","","","Généralement nuageux"
"1981-10-10 09:00","1981","10","10","09:00"," ","9,40","","8,00","","91,00","","29,00","","4,00","","24,10","","101,02","","","","","","Généralement nuageux"
"1981-10-10 10:00","1981","10","10","10:00"," ","9,00","","7,90","","93,00","","30,00","","7,00","","19,30","","101,06","","","","","","Généralement nuageux"
"1981-10-10 11:00","1981","10","10","11:00"," ","9,50","","8,40","","93,00","","30,00","","6,00","","16,10","","101,06","","","","","","Généralement nuageux"
"1981-10-10 12:00","1981","10","10","12:00"," ","10,20","","7,70","","84,00","","29,00","","7,00","","19,30","","101,06","","","","","","Généralement nuageux"
"1981-10-10 13:00","1981","10","10","13:00"," ","11,90","","8,30","","79,00","","28,00","","15,00","","24,10","","100,99","","","","","","Généralement nuageux"
"1981-10-10 14:00","1981","10","10","14:00"," ","12,60","","7,30","","70,00","","29,00","","13,00","","32,20","","100,96","","","","","","Généralement nuageux"
"1981-10-10 15:00","1981","10","10","15:00"," ","13,10","","6,60","","65,00","","1,00","","9,00","","32,20","","100,96","","","","","","Généralement dégagé"
"1981-10-10 16:00","1981","10","10","16:00"," ","12,80","","5,70","","62,00","","36,00","","6,00","","40,20","","100,96","","","","","","Généralement dégagé"
"1981-10-10 17:00","1981","10","10","17:00"," ","11,30","","5,70","","69,00","","0,00","","0,00","","48,30","","100,99","","","","","","Généralement dégagé"
"1981-10-10 18:00","1981","10","10","18:00"," ","9,80","","6,10","","78,00","","24,00","","7,00","","48,30","","100,99","","","","","","Dégagé"
"1981-10-10 19:00","1981","10","10","19:00"," ","9,10","","4,50","","73,00","","27,00","","9,00","","48,30","","101,02","","","","","","Dégagé"
"1981-10-10 20:00","1981","10","10","20:00"," ","6,80","","6,20","","96,00","","29,00","","17,00","","48,30","","101,06","","","","","","Dégagé"
"1981-10-10 21:00","1981","10","10","21:00"," ","6,40","","5,70","","95,00","","27,00","","9,00","","48,30","","101,09","","","","","","Dégagé"
"1981-10-10 22:00","1981","10","10","22:00"," ","6,20","","4,80","","90,00","","25,00","","9,00","","48,30","","101,09","","","","","","Dégagé"
"1981-10-10 23:00","1981","10","10","23:00"," ","5,60","","4,20","","91,00","","28,00","","11,00","","48,30","","101,12","","","","","","Dégagé"
"1981-10-11 00:00","1981","10","11","00:00"," ","4,80","","4,60","","99,00","","21,00","","4,00","","48,30","","101,12","","","","","","Généralement dégagé"
"1981-10-11 01:00","1981","10","11","01:00"," ","3,50","","3,50","","100,00","","27,00","","4,00","","40,20","","101,19","","","","","","Généralement dégagé"
"1981-10-11 02:00","1981","10","11","02:00"," ","2,70","","2,00","","95,00","","26,00","","7,00","","40,20","","101,19","","","","","","Généralement dégagé"
"1981-10-11 03:00","1981","10","11","03:00"," ","2,60","","2,00","","96,00","","28,00","","7,00","","40,20","","101,23","","","","","","Dégagé"
"1981-10-11 04:00","1981","10","11","04:00"," ","2,10","","1,50","","96,00","","26,00","","6,00","","40,20","","101,23","","","","","","Dégagé"
"1981-10-11 05:00","1981","10","11","05:00"," ","3,10","","2,60","","97,00","","25,00","","9,00","","32,20","","101,26","","","","","","Généralement dégagé"
"1981-10-11 06:00","1981","10","11","06:00"," ","3,20","","2,60","","96,00","","26,00","","4,00","","48,30","","101,29","","","","","","Généralement dégagé"
"1981-10-11 07:00","1981","10","11","07:00"," ","2,80","","2,60","","99,00","","26,00","","7,00","","48,30","","101,33","","","","","","Généralement dégagé"
"1981-10-11 08:00","1981","10","11","08:00"," ","5,70","","4,20","","90,00","","29,00","","9,00","","48,30","","101,33","","","","","","Généralement dégagé"
"1981-10-11 09:00","1981","10","11","09:00"," ","7,60","","5,10","","84,00","","29,00","","7,00","","48,30","","101,33","","","","","","Généralement dégagé"
"1981-10-11 10:00","1981","10","11","10:00"," ","9,80","","6,10","","78,00","","29,00","","6,00","","48,30","","101,40","","","","","","Généralement dégagé"
"1981-10-11 11:00","1981","10","11","11:00"," ","11,80","","8,30","","79,00","","3,00","","6,00","","48,30","","101,33","","","","","","Généralement dégagé"
"1981-10-11 12:00","1981","10","11","12:00"," ","12,20","","7,10","","71,00","","3,00","","4,00","","48,30","","101,33","","","","","","Généralement dégagé"
"1981-10-11 13:00","1981","10","11","13:00"," ","13,00","","6,60","","65,00","","5,00","","7,00","","48,30","","101,33","","","","","","Généralement dégagé"
"1981-10-11 14:00","1981","10","11","14:00"," ","13,20","","7,00","","66,00","","3,00","","11,00","","48,30","","101,29","","","","","","Généralement dégagé"
"1981-10-11 15:00","1981","10","11","15:00"," ","13,70","","6,80","","63,00","","2,00","","9,00","","48,30","","101,33","","","","","","Généralement dégagé"
"1981-10-11 16:00","1981","10","11","16:00"," ","13,10","","6,20","","63,00","","31,00","","9,00","","48,30","","101,33","","","","","","Généralement dégagé"
"1981-10-11 17:00","1981","10","11","17:00"," ","11,40","","6,10","","70,00","","32,00","","6,00","","48,30","","101,33","","","","","","Généralement dégagé"
"1981-10-11 18:00","1981","10","11","18:00"," ","8,60","","6,10","","84,00","","27,00","","6,00","","48,30","","101,36","","","","","","Généralement dégagé"
"1981-10-11 19:00","1981","10","11","19:00"," ","7,20","","5,00","","86,00","","26,00","","7,00","","40,20","","101,43","","","","","","Généralement dégagé"
"1981-10-11 20:00","1981","10","11","20:00"," ","8,00","","5,20","","83,00","","26,00","","7,00","","40,20","","101,46","","","","","","Généralement dégagé"
"1981-10-11 21:00","1981","10","11","21:00"," ","8,00","","5,60","","85,00","","27,00","","9,00","","32,20","","101,50","","","","","","Généralement nuageux"
"1981-10-11 22:00","1981","10","11","22:00"," ","8,10","","4,80","","79,00","","25,00","","7,00","","40,20","","101,56","","","","","","Généralement nuageux"
"1981-10-11 23:00","1981","10","11","23:00"," ","5,80","","4,80","","93,00","","26,00","","4,00","","48,30","","101,56","","","","","","Généralement dégagé"
"1981-10-12 00:00","1981","10","12","00:00"," ","5,30","","4,20","","93,00","","26,00","","6,00","","48,30","","101,56","","","","","","Généralement dégagé"
"1981-10-12 01:00","1981","10","12","01:00"," ","6,40","","4,00","","85,00","","26,00","","9,00","","64,40","","101,67","","","","","","Généralement dégagé"
"1981-10-12 02:00","1981","10","12","02:00"," ","5,30","","4,20","","93,00","","25,00","","7,00","","48,30","","101,70","","","","","","Dégagé"
"1981-10-12 03:00","1981","10","12","03:00"," ","5,50","","3,80","","89,00","","26,00","","9,00","","40,20","","101,70","","","","","","Dégagé"
"1981-10-12 04:00","1981","10","12","04:00"," ","5,30","","3,80","","90,00","","29,00","","9,00","","40,20","","101,73","","","","","","Dégagé"
"1981-10-12 05:00","1981","10","12","05:00"," ","4,70","","3,60","","92,00","","27,00","","11,00","","40,20","","101,77","","","","","","Généralement dégagé"
"1981-10-12 06:00","1981","10","12","06:00"," ","5,10","","3,70","","91,00","","26,00","","7,00","","40,20","","101,80","","","","","","Généralement dégagé"
"1981-10-12 07:00","1981","10","12","07:00"," ","4,70","","3,60","","92,00","","26,00","","7,00","","48,30","","101,83","","","","","","Généralement dégagé"
"1981-10-12 08:00","1981","10","12","08:00"," ","7,70","","4,60","","81,00","","30,00","","9,00","","48,30","","101,83","","","","","","Dégagé"
"1981-10-12 09:00","1981","10","12","09:00"," ","9,40","","6,40","","82,00","","30,00","","9,00","","48,30","","101,87","","","","","","Dégagé"
"1981-10-12 10:00","1981","10","12","10:00"," ","11,00","","6,00","","71,00","","29,00","","13,00","","48,30","","101,87","","","","","","Généralement dégagé"
"1981-10-12 11:00","1981","10","12","11:00"," ","12,30","","5,50","","63,00","","31,00","","7,00","","48,30","","101,87","","","","","","Généralement dégagé"
"1981-10-12 12:00","1981","10","12","12:00"," ","13,60","","5,00","","56,00","","3,00","","6,00","","64,40","","101,83","","","","","","Généralement dégagé"
"1981-10-12 13:00","1981","10","12","13:00"," ","14,40","","3,30","","47,00","","29,00","","9,00","","64,40","","101,77","","","","","","Dégagé"
"1981-10-12 14:00","1981","10","12","14:00"," ","14,90","","3,50","","46,00","","29,00","","9,00","","80,50","","101,77","","","","","","Généralement dégagé"
"1981-10-12 15:00","1981","10","12","15:00"," ","15,30","","1,00","","38,00","","0,00","","0,00","","80,50","","101,73","","","","","","Généralement dégagé"
"1981-10-12 16:00","1981","10","12","16:00"," ","13,70","","1,90","","45,00","","10,00","","2,00","","80,50","","101,67","","","","","","Généralement nuageux"
"1981-10-12 17:00","1981","10","12","17:00"," ","10,70","","4,90","","67,00","","17,00","","4,00","","96,60","","101,67","","","","","","Généralement dégagé"
"1981-10-12 18:00","1981","10","12","18:00"," ","6,80","","5,00","","88,00","","24,00","","2,00","","96,60","","101,73","","","","","","Généralement dégagé"
"1981-10-12 19:00","1981","10","12","19:00"," ","5,40","","3,80","","89,00","","28,00","","4,00","","80,50","","101,73","","","","","","Généralement dégagé"
"1981-10-12 20:00","1981","10","12","20:00"," ","6,10","","4,30","","88,00","","28,00","","7,00","","64,40","","101,73","","","","","","Généralement dégagé"
"1981-10-12 21:00","1981","10","12","21:00"," ","4,80","","4,20","","96,00","","26,00","","9,00","","48,30","","101,73","","","","","","Généralement dégagé"
"1981-10-12 22:00","1981","10","12","22:00"," ","4,90","","3,30","","89,00","","27,00","","4,00","","40,20","","101,73","","","","","","Généralement dégagé"
"1981-10-12 23:00","1981","10","12","23:00"," ","4,30","","4,00","","98,00","","26,00","","6,00","","40,20","","101,73","","","","","","Généralement dégagé"
"1981-10-13 00:00","1981","10","13","00:00"," ","3,10","","2,60","","97,00","","26,00","","7,00","","64,40","","101,73","","","","","","Généralement dégagé"
"1981-10-13 01:00","1981","10","13","01:00"," ","3,00","","2,60","","97,00","","27,00","","7,00","","48,30","","101,77","","","","","","Généralement dégagé"
"1981-10-13 02:00","1981","10","13","02:00"," ","3,60","","3,10","","97,00","","28,00","","7,00","","48,30","","101,73","","","","","","Généralement dégagé"
"1981-10-13 03:00","1981","10","13","03:00"," ","4,30","","4,10","","99,00","","29,00","","9,00","","48,30","","101,73","","","","","","Généralement dégagé"
"1981-10-13 04:00","1981","10","13","04:00"," ","3,40","","2,60","","95,00","","25,00","","7,00","","32,20","","101,67","","","","","","Généralement nuageux"
"1981-10-13 05:00","1981","10","13","05:00"," ","3,70","","3,10","","96,00","","25,00","","6,00","","24,10","","101,70","","","","","","Généralement nuageux"
"1981-10-13 06:00","1981","10","13","06:00"," ","3,40","","2,60","","95,00","","25,00","","4,00","","24,10","","101,73","","","","","","Généralement nuageux"
"1981-10-13 07:00","1981","10","13","07:00"," ","3,20","","1,60","","89,00","","27,00","","6,00","","32,20","","101,77","","","","","","Généralement nuageux"
"1981-10-13 08:00","1981","10","13","08:00"," ","5,90","","5,20","","95,00","","29,00","","6,00","","32,20","","101,77","","","","","","Généralement nuageux"
"1981-10-13 09:00","1981","10","13","09:00"," ","7,70","","4,60","","81,00","","28,00","","7,00","","32,20","","101,77","","","","","","Généralement nuageux"
"1981-10-13 10:00","1981","10","13","10:00"," ","11,20","","6,80","","74,00","","28,00","","7,00","","32,20","","101,77","","","","","","Généralement nuageux"
"1981-10-13 11:00","1981","10","13","11:00"," ","12,30","","6,90","","70,00","","30,00","","9,00","","24,10","","101,77","","","","","","Généralement nuageux"
"1981-10-13 12:00","1981","10","13","12:00"," ","12,70","","6,00","","64,00","","29,00","","7,00","","32,20","","101,73","","","","","","Généralement nuageux"
"1981-10-13 13:00","1981","10","13","13:00"," ","14,60","","7,50","","62,00","","0,00","","0,00","","32,20","","101,73","","","","","","Généralement nuageux"
"1981-10-13 14:00","1981","10","13","14:00"," ","14,40","","7,50","","63,00","","8,00","","2,00","","32,20","","101,70","","","","","","Généralement dégagé"
"1981-10-13 15:00","1981","10","13","15:00"," ","13,20","","7,40","","68,00","","13,00","","7,00","","32,20","","101,70","","","","","","Généralement dégagé"
"1981-10-13 16:00","1981","10","13","16:00"," ","13,40","","5,90","","60,00","","13,00","","6,00","","32,20","","101,67","","","","","","Généralement dégagé"
"1981-10-13 17:00","1981","10","13","17:00"," ","11,20","","7,20","","76,00","","12,00","","6,00","","48,30","","101,67","","","","","","Généralement dégagé"
"1981-10-13 18:00","1981","10","13","18:00"," ","9,20","","6,70","","84,00","","0,00","","0,00","","48,30","","101,70","","","","","","Généralement dégagé"
"1981-10-13 19:00","1981","10","13","19:00"," ","6,90","","6,20","","96,00","","22,00","","2,00","","32,20","","101,73","","","","","","Généralement dégagé"
"1981-10-13 20:00","1981","10","13","20:00"," ","5,80","","5,60","","99,00","","0,00","","0,00","","24,10","","101,77","","","","","","Généralement dégagé"
"1981-10-13 21:00","1981","10","13","21:00"," ","5,80","","5,60","","99,00","","26,00","","4,00","","19,30","","101,83","","","","","","Généralement dégagé"
"1981-10-13 22:00","1981","10","13","22:00"," ","6,60","","6,10","","97,00","","25,00","","6,00","","16,10","","101,87","","","","","","Dégagé"
"1981-10-13 23:00","1981","10","13","23:00"," ","5,70","","5,50","","98,00","","26,00","","6,00","","12,90","","101,90","","","","","","Dégagé"
"1981-10-14 00:00","1981","10","14","00:00"," ","5,80","","5,60","","99,00","","26,00","","6,00","","16,10","","101,94","","","","","","Dégagé"
"1981-10-14 01:00","1981","10","14","01:00"," ","5,50","","5,10","","97,00","","24,00","","4,00","","16,10","","101,97","","","","","","Dégagé"
"1981-10-14 02:00","1981","10","14","02:00"," ","4,40","","4,10","","98,00","","25,00","","6,00","","19,30","","102,00","","","","","","Dégagé"
"1981-10-14 03:00","1981","10","14","03:00"," ","4,00","","3,60","","97,00","","26,00","","4,00","","12,90","","102,00","","","","","","Dégagé"
"1981-10-14 04:00","1981","10","14","04:00"," ","4,10","","3,60","","97,00","","25,00","","7,00","","16,10","","102,04","","","","","","Dégagé"
"1981-10-14 05:00","1981","10","14","05:00"," ","4,90","","4,60","","98,00","","26,00","","6,00","","16,10","","102,07","","","","","","Dégagé"
"1981-10-14 06:00","1981","10","14","06:00"," ","4,50","","3,60","","94,00","","26,00","","4,00","","19,30","","102,11","","","","","","Dégagé"
"1981-10-14 07:00","1981","10","14","07:00"," ","4,10","","3,10","","93,00","","27,00","","7,00","","24,10","","102,14","","","","","","Généralement dégagé"
"1981-10-14 08:00","1981","10","14","08:00"," ","7,30","","7,10","","99,00","","29,00","","7,00","","24,10","","102,17","","","","","","Généralement dégagé"
"1981-10-14 09:00","1981","10","14","09:00"," ","8,90","","7,10","","89,00","","28,00","","4,00","","24,10","","102,21","","","","","","Généralement dégagé"
"1981-10-14 10:00","1981","10","14","10:00"," ","11,10","","7,20","","77,00","","0,00","","0,00","","24,10","","102,24","","","","","","Généralement dégagé"
"1981-10-14 11:00","1981","10","14","11:00"," ","12,80","","9,10","","78,00","","11,00","","4,00","","24,10","","102,21","","","","","","Généralement dégagé"
"1981-10-14 12:00","1981","10","14","12:00"," ","13,20","","8,70","","74,00","","11,00","","6,00","","24,10","","102,21","","","","","","Généralement dégagé"
"1981-10-14 13:00","1981","10","14","13:00"," ","13,60","","8,40","","71,00","","11,00","","4,00","","32,20","","102,17","","","","","","Dégagé"
"1981-10-14 14:00","1981","10","14","14:00"," ","13,70","","8,80","","72,00","","14,00","","6,00","","32,20","","102,11","","","","","","Dégagé"
"1981-10-14 15:00","1981","10","14","15:00"," ","13,70","","8,40","","70,00","","13,00","","4,00","","32,20","","102,11","","","","","","Dégagé"
"1981-10-14 16:00","1981","10","14","16:00"," ","12,40","","8,90","","79,00","","12,00","","6,00","","32,20","","102,11","","","","","","Dégagé"
"1981-10-14 17:00","1981","10","14","17:00"," ","11,00","","8,80","","86,00","","14,00","","6,00","","32,20","","102,11","","","","","","Dégagé"
"1981-10-14 18:00","1981","10","14","18:00"," ","9,20","","8,60","","96,00","","14,00","","2,00","","24,10","","102,11","","","","","","Dégagé"
"1981-10-14 19:00","1981","10","14","19:00"," ","7,50","","7,10","","97,00","","0,00","","0,00","","19,30","","102,17","","","","","","Dégagé"
"1981-10-14 20:00","1981","10","14","20:00"," ","6,00","","5,60","","97,00","","0,00","","0,00","","16,10","","102,21","","","","","","Dégagé"
"1981-10-14 21:00","1981","10","14","21:00"," ","7,00","","7,00","","100,00","","0,00","","0,00","","16,10","","102,27","","","","","","Dégagé"
"1981-10-14 22:00","1981","10","14","22:00"," ","5,70","","5,10","","96,00","","25,00","","2,00","","16,10","","102,31","","","","","","Dégagé"
"1981-10-14 23:00","1981","10","14","23:00"," ","6,20","","6,00","","98,00","","27,00","","2,00","","12,90","","102,34","","","","","","Dégagé"
"1981-10-15 00:00","1981","10","15","00:00"," ","5,30","","5,30","","100,00","","0,00","","0,00","","8,00","","102,31","","","","","","Brouillard"
"1981-10-15 01:00","1981","10","15","01:00"," ","5,40","","5,40","","100,00","","25,00","","4,00","","8,00","","102,31","","","","","","Brouillard"
"1981-10-15 02:00","1981","10","15","02:00"," ","6,00","","6,00","","100,00","","26,00","","4,00","","8,00","","102,38","","","","","","Brouillard"
"1981-10-15 03:00","1981","10","15","03:00"," ","5,00","","5,00","","100,00","","25,00","","6,00","","11,30","","102,38","","","","","","Dégagé"
"1981-10-15 04:00","1981","10","15","04:00"," ","4,60","","4,50","","99,00","","26,00","","4,00","","9,70","","102,38","","","","","","Brouillard"
"1981-10-15 05:00","1981","10","15","05:00"," ","6,00","","6,00","","100,00","","27,00","","4,00","","9,70","","102,41","","","","","","Brouillard"
"1981-10-15 06:00","1981","10","15","06:00"," ","5,20","","4,60","","96,00","","26,00","","4,00","","9,70","","102,41","","","","","","Brouillard"
"1981-10-15 07:00","1981","10","15","07:00"," ","5,40","","5,10","","98,00","","27,00","","4,00","","9,70","","102,41","","","","","","Brouillard"
"1981-10-15 08:00","1981","10","15","08:00"," ","7,60","","7,50","","99,00","","27,00","","4,00","","9,70","","102,44","","","","","","Brouillard"
"1981-10-15 09:00","1981","10","15","09:00"," ","8,80","","8,60","","99,00","","27,00","","6,00","","9,70","","102,48","","","","","","Brouillard,Fumée"
"1981-10-15 10:00","1981","10","15","10:00"," ","10,40","","9,00","","91,00","","26,00","","4,00","","9,70","","102,51","","","","","","Brouillard,Fumée"
"1981-10-15 11:00","1981","10","15","11:00"," ","12,20","","9,50","","83,00","","9,00","","4,00","","6,40","","102,48","","","","","","Brouillard,Fumée"
"1981-10-15 12:00","1981","10","15","12:00"," ","11,60","","9,70","","88,00","","10,00","","6,00","","8,00","","102,41","","","","","","Brouillard,Fumée"
"1981-10-15 13:00","1981","10","15","13:00"," ","10,50","","9,80","","95,00","","9,00","","4,00","","4,80","","102,38","","","","","","Brouillard,Fumée"
"1981-10-15 14:00","1981","10","15","14:00"," ","11,10","","9,90","","92,00","","9,00","","6,00","","4,00","","102,31","","","","","","Brouillard,Fumée"
"1981-10-15 15:00","1981","10","15","15:00"," ","12,00","","9,50","","85,00","","10,00","","4,00","","8,00","","102,27","","","","","","Brouillard,Fumée"
"1981-10-15 16:00","1981","10","15","16:00"," ","11,40","","10,00","","91,00","","10,00","","2,00","","8,00","","102,27","","","","","","Brouillard,Fumée"
"1981-10-15 17:00","1981","10","15","17:00"," ","9,40","","9,10","","98,00","","0,00","","0,00","","8,00","","102,27","","","","","","Brouillard,Fumée"
"1981-10-15 18:00","1981","10","15","18:00"," ","8,70","","8,50","","99,00","","0,00","","0,00","","6,40","","102,27","","","","","","Brouillard,Fumée"
"1981-10-15 19:00","1981","10","15","19:00"," ","7,80","","7,80","","100,00","","9,00","","2,00","","1,20","","102,24","","","","","","Brouillard,Fumée"
"1981-10-15 20:00","1981","10","15","20:00"," ","6,80","","6,80","","100,00","","0,00","","0,00","","0,20","","102,27","","","","","","Brouillard,Fumée"
"1981-10-15 21:00","1981","10","15","21:00"," ","5,80","","5,80","","100,00","","0,00","","0,00","","0,20","","102,31","","","","","","Brouillard,Fumée"
"1981-10-15 22:00","1981","10","15","22:00"," ","5,60","","5,60","","100,00","","0,00","","0,00","","1,20","","102,31","","","","","","Brouillard,Fumée"
"1981-10-15 23:00","1981","10","15","23:00"," ","6,80","","6,80","","100,00","","0,00","","0,00","","0,00","","102,27","","","","","","Brouillard"
"1981-10-16 00:00","1981","10","16","00:00"," ","7,70","","7,50","","98,00","","0,00","","0,00","","0,00","","102,31","","","","","","Brouillard"
"1981-10-16 01:00","1981","10","16","01:00"," ","7,00","","7,00","","100,00","","0,00","","0,00","","0,20","","102,34","","","","","","Brouillard"
"1981-10-16 02:00","1981","10","16","02:00"," ","7,40","","7,40","","100,00","","0,00","","0,00","","0,00","","102,38","","","","","","Brouillard"
"1981-10-16 03:00","1981","10","16","03:00"," ","7,60","","7,50","","99,00","","0,00","","0,00","","0,00","","102,31","","","","","","Bruine,Brouillard"
"1981-10-16 04:00","1981","10","16","04:00"," ","7,60","","7,50","","99,00","","0,00","","0,00","","0,20","","102,31","","","","","","Bruine,Brouillard"
"1981-10-16 05:00","1981","10","16","05:00"," ","7,40","","7,40","","100,00","","6,00","","2,00","","0,20","","102,31","","","","","","Bruine,Brouillard"
"1981-10-16 06:00","1981","10","16","06:00"," ","7,50","","7,50","","100,00","","0,00","","0,00","","0,20","","102,31","","","","","","Brouillard"
"1981-10-16 07:00","1981","10","16","07:00"," ","7,50","","7,50","","100,00","","0,00","","0,00","","0,00","","102,34","","","","","","Brouillard"
"1981-10-16 08:00","1981","10","16","08:00"," ","7,20","","7,00","","98,00","","0,00","","0,00","","0,00","","102,38","","","","","","Brouillard"
"1981-10-16 09:00","1981","10","16","09:00"," ","7,20","","7,00","","98,00","","0,00","","0,00","","0,40","","102,41","","","","","","Brouillard"
"1981-10-16 10:00","1981","10","16","10:00"," ","7,60","","7,50","","99,00","","0,00","","0,00","","0,20","","102,38","","","","","","Brouillard"
"1981-10-16 11:00","1981","10","16","11:00"," ","8,20","","8,00","","99,00","","0,00","","0,00","","0,20","","102,41","","","","","","Brouillard"
"1981-10-16 12:00","1981","10","16","12:00"," ","8,80","","8,60","","99,00","","0,00","","0,00","","0,20","","102,38","","","","","","Brouillard"
"1981-10-16 13:00","1981","10","16","13:00"," ","8,70","","8,10","","96,00","","0,00","","0,00","","0,60","","102,38","","","","","","Brouillard"
"1981-10-16 14:00","1981","10","16","14:00"," ","8,80","","8,80","","100,00","","6,00","","6,00","","0,60","","102,38","","","","","","Brouillard"
"1981-10-16 15:00","1981","10","16","15:00"," ","9,20","","9,00","","99,00","","10,00","","6,00","","0,60","","102,34","","","","","","Brouillard"
"1981-10-16 16:00","1981","10","16","16:00"," ","9,00","","9,00","","100,00","","13,00","","7,00","","0,60","","102,34","","","","","","Brouillard"
"1981-10-16 17:00","1981","10","16","17:00"," ","9,60","","9,50","","99,00","","12,00","","4,00","","1,20","","102,38","","","","","","Brouillard"
"1981-10-16 18:00","1981","10","16","18:00"," ","9,50","","9,50","","100,00","","12,00","","4,00","","1,20","","102,41","","","","","","Brouillard"
"1981-10-16 19:00","1981","10","16","19:00"," ","9,40","","9,40","","100,00","","0,00","","0,00","","1,20","","102,44","","","","","","Brouillard"
"1981-10-16 20:00","1981","10","16","20:00"," ","9,10","","9,00","","99,00","","12,00","","2,00","","1,20","","102,48","","","","","","Brouillard"
"1981-10-16 21:00","1981","10","16","21:00"," ","9,10","","9,00","","99,00","","0,00","","0,00","","0,40","","102,51","","","","","","Brouillard"
"1981-10-16 22:00","1981","10","16","22:00"," ","9,10","","9,00","","99,00","","0,00","","0,00","","0,60","","102,55","","","","","","Bruine,Brouillard"
"1981-10-16 23:00","1981","10","16","23:00"," ","9,10","","9,00","","99,00","","0,00","","0,00","","1,20","","102,58","","","","","","Bruine,Brouillard"
"1981-10-17 00:00","1981","10","17","00:00"," ","9,20","","9,00","","99,00","","34,00","","4,00","","1,20","","102,61","","","","","","Bruine,Brouillard"
"1981-10-17 01:00","1981","10","17","01:00"," ","9,10","","9,00","","99,00","","0,00","","0,00","","1,20","","102,65","","","","","","Bruine,Brouillard"
"1981-10-17 02:00","1981","10","17","02:00"," ","8,90","","8,90","","100,00","","36,00","","4,00","","1,20","","102,68","","","","","","Bruine,Brouillard"
"1981-10-17 03:00","1981","10","17","03:00"," ","8,80","","8,80","","100,00","","33,00","","6,00","","1,60","","102,71","","","","","","Brouillard"
"1981-10-17 04:00","1981","10","17","04:00"," ","8,50","","8,50","","100,00","","32,00","","6,00","","1,60","","102,71","","","","","","Brouillard"
"1981-10-17 05:00","1981","10","17","05:00"," ","8,60","","8,50","","99,00","","30,00","","7,00","","1,20","","102,71","","","","","","Brouillard"
"1981-10-17 06:00","1981","10","17","06:00"," ","8,60","","8,50","","99,00","","29,00","","7,00","","1,00","","102,75","","","","","","Brouillard"
"1981-10-17 07:00","1981","10","17","07:00"," ","8,80","","8,60","","99,00","","31,00","","4,00","","1,20","","102,75","","","","","","Bruine,Brouillard"
"1981-10-17 08:00","1981","10","17","08:00"," ","9,20","","8,60","","96,00","","31,00","","7,00","","1,20","","102,75","","","","","","Brouillard"
"1981-10-17 09:00","1981","10","17","09:00"," ","9,60","","9,50","","99,00","","31,00","","7,00","","2,40","","102,78","","","","","","Brouillard"
"1981-10-17 10:00","1981","10","17","10:00"," ","9,90","","9,60","","98,00","","31,00","","6,00","","3,20","","102,82","","","","","","Brouillard"
"1981-10-17 11:00","1981","10","17","11:00"," ","10,50","","10,10","","97,00","","34,00","","6,00","","6,40","","102,78","","","","","","Brouillard"
"1981-10-17 12:00","1981","10","17","12:00"," ","11,30","","10,40","","94,00","","28,00","","9,00","","6,40","","102,75","","","","","","Brouillard"
"1981-10-17 13:00","1981","10","17","13:00"," ","12,00","","10,20","","89,00","","28,00","","9,00","","9,70","","102,71","","","","","","Brouillard"
"1981-10-17 14:00","1981","10","17","14:00"," ","12,50","","10,00","","85,00","","28,00","","6,00","","9,70","","102,65","","","","","","Brouillard,Fumée"
"1981-10-17 15:00","1981","10","17","15:00"," ","13,90","","10,20","","79,00","","26,00","","6,00","","9,70","","102,61","","","","","","Fumée"
"1981-10-17 16:00","1981","10","17","16:00"," ","12,40","","9,30","","81,00","","12,00","","4,00","","9,70","","102,61","","","","","","Fumée"
"1981-10-17 17:00","1981","10","17","17:00"," ","10,60","","9,40","","92,00","","13,00","","4,00","","9,70","","102,55","","","","","","Fumée"
"1981-10-17 18:00","1981","10","17","18:00"," ","9,30","","8,80","","97,00","","13,00","","4,00","","8,00","","102,55","","","","","","Brouillard"
"1981-10-17 19:00","1981","10","17","19:00"," ","8,20","","6,80","","91,00","","0,00","","0,00","","6,40","","102,58","","","","","","Brouillard"
"1981-10-17 20:00","1981","10","17","20:00"," ","7,10","","6,60","","97,00","","0,00","","0,00","","1,60","","102,55","","","","","","Brouillard,Fumée"
"1981-10-17 21:00","1981","10","17","21:00"," ","6,50","","6,50","","100,00","","0,00","","0,00","","0,80","","102,58","","","","","","Brouillard"
"1981-10-17 22:00","1981","10","17","22:00"," ","6,20","","5,60","","96,00","","0,00","","0,00","","1,20","","102,58","","","","","","Brouillard"
"1981-10-17 23:00","1981","10","17","23:00"," ","8,70","","8,10","","96,00","","0,00","","0,00","","2,40","","102,61","","","","","","Brouillard"
"1981-10-18 00:00","1981","10","18","00:00"," ","9,40","","9,40","","100,00","","30,00","","4,00","","0,40","","102,61","","","","","","Brouillard"
"1981-10-18 01:00","1981","10","18","01:00"," ","9,20","","9,00","","99,00","","32,00","","4,00","","0,00","","102,58","","","","","","Brouillard"
"1981-10-18 02:00","1981","10","18","02:00"," ","8,60","","8,50","","99,00","","0,00","","0,00","","0,00","","102,55","","","","","","Brouillard"
"1981-10-18 03:00","1981","10","18","03:00"," ","8,50","","8,50","","100,00","","26,00","","6,00","","0,00","","102,55","","","","","","Brouillard"
"1981-10-18 04:00","1981","10","18","04:00"," ","8,30","","8,30","","100,00","","32,00","","4,00","","0,00","","102,51","","","","","","Brouillard"
"1981-10-18 05:00","1981","10","18","05:00"," ","8,20","","8,00","","99,00","","27,00","","7,00","","0,00","","102,55","","","","","","Brouillard"
"1981-10-18 06:00","1981","10","18","06:00"," ","8,30","","8,30","","100,00","","4,00","","2,00","","0,00","","102,51","","","","","","Brouillard"
"1981-10-18 07:00","1981","10","18","07:00"," ","8,30","","8,30","","100,00","","0,00","","0,00","","0,00","","102,51","","","","","","Brouillard"
"1981-10-18 08:00","1981","10","18","08:00"," ","8,90","","8,60","","98,00","","28,00","","7,00","","0,20","","102,58","","","","","","Brouillard"
"1981-10-18 09:00","1981","10","18","09:00"," ","9,00","","9,00","","100,00","","0,00","","0,00","","0,60","","102,58","","","","","","Brouillard"
"1981-10-18 10:00","1981","10","18","10:00"," ","8,70","","8,10","","96,00","","26,00","","4,00","","0,80","","102,55","","","","","","Brouillard"
"1981-10-18 11:00","1981","10","18","11:00"," ","9,50","","9,10","","97,00","","29,00","","4,00","","0,80","","102,55","","","","","","Brouillard"
"1981-10-18 12:00","1981","10","18","12:00"," ","9,80","","9,60","","99,00","","0,00","","0,00","","1,00","","102,51","","","","","","Brouillard"
"1981-10-18 13:00","1981","10","18","13:00"," ","9,90","","9,90","","100,00","","31,00","","2,00","","1,60","","102,48","","","","","","Brouillard"
"1981-10-18 14:00","1981","10","18","14:00"," ","10,00","","10,00","","100,00","","29,00","","4,00","","1,60","","102,41","","","","","","Brouillard"
"1981-10-18 15:00","1981","10","18","15:00"," ","10,00","","9,60","","97,00","","17,00","","6,00","","2,00","","102,31","","","","","","Brouillard"
"1981-10-18 16:00","1981","10","18","16:00"," ","9,70","","9,10","","96,00","","0,00","","0,00","","2,00","","102,31","","","","","","Brouillard"
"1981-10-18 17:00","1981","10","18","17:00"," ","9,50","","9,50","","100,00","","0,00","","0,00","","1,20","","102,27","","","","","","Brouillard"
"1981-10-18 18:00","1981","10","18","18:00"," ","9,50","","9,50","","100,00","","0,00","","0,00","","1,20","","102,27","","","","","","Bruine,Brouillard"
"1981-10-18 19:00","1981","10","18","19:00"," ","9,00","","9,00","","100,00","","0,00","","0,00","","0,80","","102,31","","","","","","Bruine,Brouillard"
"1981-10-18 20:00","1981","10","18","20:00"," ","9,10","","9,00","","99,00","","25,00","","6,00","","0,80","","102,31","","","","","","Bruine,Brouillard"
"1981-10-18 21:00","1981","10","18","21:00"," ","9,10","","9,00","","99,00","","22,00","","4,00","","1,20","","102,31","","","","","","Bruine,Brouillard"
"1981-10-18 22:00","1981","10","18","22:00"," ","8,70","","8,50","","99,00","","19,00","","4,00","","1,60","","102,27","","","","","","Bruine,Brouillard"
"1981-10-18 23:00","1981","10","18","23:00"," ","9,00","","9,00","","100,00","","0,00","","0,00","","2,40","","102,24","","","","","","Bruine,Brouillard"
"1981-10-19 00:00","1981","10","19","00:00"," ","8,70","","8,50","","99,00","","20,00","","4,00","","2,40","","102,21","","","","","","Bruine,Brouillard"
"1981-10-19 01:00","1981","10","19","01:00"," ","8,60","","8,50","","99,00","","0,00","","0,00","","2,00","","102,27","","","","","","Bruine,Brouillard"
"1981-10-19 02:00","1981","10","19","02:00"," ","8,50","","8,50","","100,00","","0,00","","0,00","","2,00","","102,31","","","","","","Bruine,Brouillard"
"1981-10-19 03:00","1981","10","19","03:00"," ","8,60","","8,50","","99,00","","0,00","","0,00","","2,00","","102,27","","","","","","Bruine,Brouillard"
"1981-10-19 04:00","1981","10","19","04:00"," ","8,30","","8,10","","99,00","","23,00","","2,00","","2,40","","102,27","","","","","","Brouillard"
"1981-10-19 05:00","1981","10","19","05:00"," ","8,50","","8,50","","100,00","","26,00","","4,00","","2,40","","102,27","","","","","","Bruine,Brouillard"
"1981-10-19 06:00","1981","10","19","06:00"," ","8,60","","8,50","","99,00","","23,00","","6,00","","2,40","","102,21","","","","","","Bruine,Brouillard"
"1981-10-19 07:00","1981","10","19","07:00"," ","8,70","","8,50","","99,00","","23,00","","6,00","","2,40","","102,27","","","","","","Brouillard"
"1981-10-19 08:00","1981","10","19","08:00"," ","9,30","","9,10","","99,00","","28,00","","4,00","","1,60","","102,27","","","","","","Brouillard"
"1981-10-19 09:00","1981","10","19","09:00"," ","9,60","","9,10","","97,00","","27,00","","4,00","","3,20","","102,31","","","","","","Brouillard"
"1981-10-19 10:00","1981","10","19","10:00"," ","9,90","","8,90","","93,00","","0,00","","0,00","","3,20","","102,31","","","","","","Brouillard"
"1981-10-19 11:00","1981","10","19","11:00"," ","10,40","","9,80","","96,00","","0,00","","0,00","","3,20","","102,31","","","","","","Brouillard,Fumée"
"1981-10-19 12:00","1981","10","19","12:00"," ","11,40","","10,40","","94,00","","14,00","","4,00","","3,20","","102,31","","","","","","Brouillard,Fumée"
"1981-10-19 13:00","1981","10","19","13:00"," ","11,10","","9,90","","92,00","","14,00","","4,00","","8,00","","102,27","","","","","","Brouillard,Fumée"
"1981-10-19 14:00","1981","10","19","14:00"," ","11,40","","10,10","","92,00","","15,00","","6,00","","9,70","","102,21","","","","","","Brouillard,Fumée"
"1981-10-19 15:00","1981","10","19","15:00"," ","11,90","","9,10","","83,00","","15,00","","6,00","","12,90","","102,17","","","","","","Généralement nuageux"
"1981-10-19 16:00","1981","10","19","16:00"," ","11,40","","9,30","","87,00","","17,00","","4,00","","11,30","","102,17","","","","","","Généralement nuageux"
"1981-10-19 17:00","1981","10","19","17:00"," ","10,70","","8,70","","87,00","","0,00","","0,00","","12,90","","102,14","","","","","","Généralement nuageux"
"1981-10-19 18:00","1981","10","19","18:00"," ","8,20","","7,60","","96,00","","0,00","","0,00","","12,90","","102,14","","","","","","Généralement dégagé"
"1981-10-19 19:00","1981","10","19","19:00"," ","5,90","","5,60","","98,00","","0,00","","0,00","","2,40","","102,17","","","","","","Brouillard,Fumée"
"1981-10-19 20:00","1981","10","19","20:00"," ","5,00","","5,00","","100,00","","25,00","","4,00","","1,20","","102,21","","","","","","Brouillard"
"1981-10-19 21:00","1981","10","19","21:00"," ","4,90","","4,60","","98,00","","26,00","","4,00","","1,20","","102,24","","","","","","Brouillard"
"1981-10-19 22:00","1981","10","19","22:00"," ","4,50","","4,50","","100,00","","0,00","","0,00","","0,80","","102,31","","","","","","Brouillard"
"1981-10-19 23:00","1981","10","19","23:00"," ","5,00","","5,00","","100,00","","0,00","","0,00","","0,00","","102,34","","","","","","Brouillard"
"1981-10-20 00:00","1981","10","20","00:00"," ","7,20","","7,00","","98,00","","24,00","","4,00","","0,00","","102,38","","","","","","Brouillard"
"1981-10-20 01:00","1981","10","20","01:00"," ","6,60","","5,30","","91,00","","32,00","","9,00","","9,70","","102,38","","","","","","Brouillard"
"1981-10-20 02:00","1981","10","20","02:00"," ","5,00","","4,20","","95,00","","25,00","","7,00","","12,90","","102,41","","","","","","Dégagé"
"1981-10-20 03:00","1981","10","20","03:00"," ","4,50","","3,20","","91,00","","27,00","","4,00","","12,90","","102,48","","","","","","Dégagé"
"1981-10-20 04:00","1981","10","20","04:00"," ","4,60","","3,60","","93,00","","25,00","","4,00","","12,90","","102,51","","","","","","Dégagé"
"1981-10-20 05:00","1981","10","20","05:00"," ","4,10","","3,10","","93,00","","26,00","","4,00","","16,10","","102,55","","","","","","Dégagé"
"1981-10-20 06:00","1981","10","20","06:00"," ","4,60","","2,70","","88,00","","25,00","","6,00","","32,20","","102,61","","","","","","Dégagé"
"1981-10-20 07:00","1981","10","20","07:00"," ","4,60","","3,20","","91,00","","27,00","","4,00","","48,30","","102,65","","","","","","Généralement dégagé"
"1981-10-20 08:00","1981","10","20","08:00"," ","7,50","","4,60","","82,00","","27,00","","7,00","","32,20","","102,71","","","","","","Généralement dégagé"
"1981-10-20 09:00","1981","10","20","09:00"," ","9,00","","5,40","","78,00","","29,00","","7,00","","40,20","","102,78","","","","","","Généralement dégagé"
"1981-10-20 10:00","1981","10","20","10:00"," ","10,00","","5,30","","72,00","","27,00","","15,00","","96,60","","102,82","","","","","","Généralement dégagé"
"1981-10-20 11:00","1981","10","20","11:00"," ","11,90","","6,30","","69,00","","0,00","","0,00","","96,60","","102,82","","","","","","Généralement dégagé"
"1981-10-20 12:00","1981","10","20","12:00"," ","13,50","","2,50","","47,00","","2,00","","13,00","","96,60","","102,82","","","","","","Dégagé"
"1981-10-20 13:00","1981","10","20","13:00"," ","14,10","","1,50","","42,00","","2,00","","11,00","","96,60","","102,75","","","","","","Dégagé"
"1981-10-20 14:00","1981","10","20","14:00"," ","14,20","","1,00","","41,00","","36,00","","9,00","","96,60","","102,71","","","","","","Dégagé"
"1981-10-20 15:00","1981","10","20","15:00"," ","13,90","","2,10","","45,00","","34,00","","9,00","","96,60","","102,68","","","","","","Dégagé"
"1981-10-20 16:00","1981","10","20","16:00"," ","12,90","","2,30","","48,00","","30,00","","11,00","","64,40","","102,65","","","","","","Généralement dégagé"
"1981-10-20 17:00","1981","10","20","17:00"," ","10,70","","3,10","","59,00","","35,00","","6,00","","64,40","","102,65","","","","","","Généralement dégagé"
"1981-10-20 18:00","1981","10","20","18:00"," ","8,40","","4,40","","76,00","","25,00","","9,00","","48,30","","102,65","","","","","","Généralement dégagé"
"1981-10-20 19:00","1981","10","20","19:00"," ","9,10","","3,20","","67,00","","27,00","","11,00","","48,30","","102,65","","","","","","Dégagé"
"1981-10-20 20:00","1981","10","20","20:00"," ","8,40","","4,00","","74,00","","27,00","","11,00","","48,30","","102,65","","","","","","Dégagé"
"1981-10-20 21:00","1981","10","20","21:00"," ","6,70","","3,10","","78,00","","26,00","","9,00","","48,30","","102,65","","","","","","Dégagé"
"1981-10-20 22:00","1981","10","20","22:00"," ","5,80","","2,50","","79,00","","25,00","","11,00","","48,30","","102,71","","","","","","Dégagé"
"1981-10-20 23:00","1981","10","20","23:00"," ","5,50","","1,00","","73,00","","25,00","","9,00","","48,30","","102,71","","","","","","Dégagé"
"1981-10-21 00:00","1981","10","21","00:00"," ","4,70","","-0,20","","70,00","","0,00","","0,00","","48,30","","102,71","","","","","","Dégagé"
"1981-10-21 01:00","1981","10","21","01:00"," ","4,30","","1,30","","81,00","","27,00","","6,00","","48,30","","102,75","","","","","","Dégagé"
"1981-10-21 02:00","1981","10","21","02:00"," ","4,40","","0,80","","77,00","","26,00","","7,00","","48,30","","102,75","","","","","","Dégagé"
"1981-10-21 03:00","1981","10","21","03:00"," ","5,00","","1,40","","77,00","","31,00","","11,00","","32,20","","102,78","","","","","","Dégagé"
"1981-10-21 04:00","1981","10","21","04:00"," ","3,40","","1,20","","86,00","","27,00","","11,00","","32,20","","102,78","","","","","","Dégagé"
"1981-10-21 05:00","1981","10","21","05:00"," ","4,00","","1,30","","82,00","","28,00","","7,00","","32,20","","102,82","","","","","","Dégagé"
"1981-10-21 06:00","1981","10","21","06:00"," ","2,20","","0,10","","86,00","","27,00","","6,00","","32,20","","102,85","","","","","","Dégagé"
"1981-10-21 07:00","1981","10","21","07:00"," ","2,00","","0,10","","87,00","","26,00","","6,00","","32,20","","102,92","","","","","","Dégagé"
"1981-10-21 08:00","1981","10","21","08:00"," ","5,40","","3,40","","87,00","","30,00","","7,00","","32,20","","102,95","","","","","","Dégagé"
"1981-10-21 09:00","1981","10","21","09:00"," ","8,20","","3,90","","74,00","","27,00","","7,00","","24,10","","102,95","","","","","","Dégagé"
"1981-10-21 10:00","1981","10","21","10:00"," ","9,60","","3,80","","67,00","","32,00","","7,00","","24,10","","102,95","","","","","","Dégagé"
"1981-10-21 11:00","1981","10","21","11:00"," ","12,00","","3,00","","54,00","","35,00","","7,00","","40,20","","102,92","","","","","","Dégagé"
"1981-10-21 12:00","1981","10","21","12:00"," ","13,20","","-0,60","","38,00","","1,00","","13,00","","48,30","","102,92","","","","","","Dégagé"
"1981-10-21 13:00","1981","10","21","13:00"," ","14,00","","-2,20","","32,00","","3,00","","7,00","","48,30","","102,85","","","","","","Généralement dégagé"
"1981-10-21 14:00","1981","10","21","14:00"," ","14,30","","-0,70","","36,00","","3,00","","6,00","","48,30","","102,78","","","","","","Généralement dégagé"
"1981-10-21 15:00","1981","10","21","15:00"," ","14,10","","-0,20","","37,00","","4,00","","7,00","","48,30","","102,75","","","","","","Généralement dégagé"
"1981-10-21 16:00","1981","10","21","16:00"," ","13,20","","0,60","","42,00","","31,00","","7,00","","48,30","","102,75","","","","","","Généralement dégagé"
"1981-10-21 17:00","1981","10","21","17:00"," ","8,50","","1,50","","61,00","","24,00","","6,00","","48,30","","102,71","","","","","","Généralement nuageux"
"1981-10-21 18:00","1981","10","21","18:00"," ","6,70","","0,10","","63,00","","0,00","","0,00","","48,30","","102,71","","","","","","Généralement dégagé"
"1981-10-21 19:00","1981","10","21","19:00"," ","4,90","","1,40","","78,00","","32,00","","6,00","","40,20","","102,71","","","","","","Généralement dégagé"
"1981-10-21 20:00","1981","10","21","20:00"," ","5,80","","1,50","","74,00","","26,00","","7,00","","40,20","","102,71","","","","","","Généralement dégagé"
"1981-10-21 21:00","1981","10","21","21:00"," ","6,60","","2,60","","76,00","","28,00","","7,00","","32,20","","102,75","","","","","","Dégagé"
"1981-10-21 22:00","1981","10","21","22:00"," ","4,20","","1,30","","81,00","","27,00","","7,00","","32,20","","102,75","","","","","","Dégagé"
"1981-10-21 23:00","1981","10","21","23:00"," ","3,70","","1,20","","84,00","","27,00","","7,00","","32,20","","102,75","","","","","","Dégagé"
"1981-10-22 00:00","1981","10","22","00:00"," ","2,90","","0,70","","86,00","","28,00","","4,00","","32,20","","102,82","","","","","","Dégagé"
"1981-10-22 01:00","1981","10","22","01:00"," ","3,90","","0,30","","77,00","","28,00","","6,00","","32,20","","102,82","","","","","","Dégagé"
"1981-10-22 02:00","1981","10","22","02:00"," ","4,40","","0,80","","77,00","","27,00","","7,00","","32,20","","102,85","","","","","","Dégagé"
"1981-10-22 03:00","1981","10","22","03:00"," ","2,20","","-0,40","","83,00","","27,00","","4,00","","32,20","","102,85","","","","","","Dégagé"
"1981-10-22 04:00","1981","10","22","04:00"," ","3,50","","-0,30","","76,00","","29,00","","6,00","","32,20","","102,82","","","","","","Dégagé"
"1981-10-22 05:00","1981","10","22","05:00"," ","2,80","","0,20","","83,00","","24,00","","4,00","","32,20","","102,85","","","","","","Dégagé"
"1981-10-22 06:00","1981","10","22","06:00"," ","2,70","","-0,40","","80,00","","0,00","","0,00","","32,20","","102,85","","","","","","Dégagé"
"1981-10-22 07:00","1981","10","22","07:00"," ","1,40","","-0,50","","87,00","","30,00","","4,00","","32,20","","102,92","","","","","","Généralement dégagé"
"1981-10-22 08:00","1981","10","22","08:00"," ","4,60","","3,20","","91,00","","27,00","","4,00","","16,10","","102,95","","","","","","Généralement dégagé"
"1981-10-22 09:00","1981","10","22","09:00"," ","8,30","","4,40","","76,00","","28,00","","4,00","","14,50","","102,95","","","","","","Généralement dégagé"
"1981-10-22 10:00","1981","10","22","10:00"," ","10,40","","3,10","","61,00","","0,00","","0,00","","12,90","","102,95","","","","","","Généralement dégagé"
"1981-10-22 11:00","1981","10","22","11:00"," ","12,30","","3,70","","56,00","","29,00","","7,00","","11,30","","102,95","","","","","","Généralement dégagé"
"1981-10-22 12:00","1981","10","22","12:00"," ","13,70","","2,50","","47,00","","0,00","","0,00","","9,70","","102,88","","","","","","Fumée"
"1981-10-22 13:00","1981","10","22","13:00"," ","15,70","","3,20","","43,00","","4,00","","2,00","","9,70","","102,82","","","","","","Fumée"
"1981-10-22 14:00","1981","10","22","14:00"," ","15,20","","5,00","","50,00","","9,00","","6,00","","11,30","","102,75","","","","","","Généralement nuageux"
"1981-10-22 15:00","1981","10","22","15:00"," ","15,20","","5,50","","52,00","","9,00","","4,00","","12,90","","102,75","","","","","","Généralement nuageux"
"1981-10-22 16:00","1981","10","22","16:00"," ","14,60","","4,80","","52,00","","0,00","","0,00","","12,90","","102,68","","","","","","Généralement nuageux"
"1981-10-22 17:00","1981","10","22","17:00"," ","10,20","","6,50","","78,00","","14,00","","4,00","","12,90","","102,65","","","","","","Généralement nuageux"
"1981-10-22 18:00","1981","10","22","18:00"," ","8,10","","4,30","","77,00","","0,00","","0,00","","12,90","","102,65","","","","","","Généralement nuageux"
"1981-10-22 19:00","1981","10","22","19:00"," ","6,40","","4,90","","90,00","","0,00","","0,00","","12,90","","102,65","","","","","","Généralement nuageux"
"1981-10-22 20:00","1981","10","22","20:00"," ","6,50","","4,90","","89,00","","0,00","","0,00","","11,30","","102,65","","","","","","Généralement nuageux"
"1981-10-22 21:00","1981","10","22","21:00"," ","6,60","","4,90","","89,00","","27,00","","4,00","","8,00","","102,61","","","","","","Fumée"
"1981-10-22 22:00","1981","10","22","22:00"," ","5,50","","4,20","","91,00","","0,00","","0,00","","9,70","","102,65","","","","","","Fumée"
"1981-10-22 23:00","1981","10","22","23:00"," ","4,00","","3,10","","94,00","","27,00","","6,00","","9,70","","102,61","","","","","","Fumée"
"1981-10-23 00:00","1981","10","23","00:00"," ","4,20","","3,60","","96,00","","28,00","","4,00","","9,70","","102,61","","","","","","Brouillard,Fumée"
"1981-10-23 01:00","1981","10","23","01:00"," ","5,40","","4,20","","92,00","","26,00","","4,00","","12,90","","102,55","","","","","","Généralement dégagé"
"1981-10-23 02:00","1981","10","23","02:00"," ","4,60","","3,20","","91,00","","29,00","","6,00","","12,90","","102,58","","","","","","Généralement dégagé"
"1981-10-23 03:00","1981","10","23","03:00"," ","3,70","","2,60","","92,00","","27,00","","4,00","","12,90","","102,51","","","","","","Généralement dégagé"
"1981-10-23 04:00","1981","10","23","04:00"," ","4,40","","3,60","","95,00","","27,00","","7,00","","12,90","","102,48","","","","","","Généralement dégagé"
"1981-10-23 05:00","1981","10","23","05:00"," ","3,60","","2,60","","93,00","","25,00","","6,00","","12,90","","102,48","","","","","","Généralement dégagé"
"1981-10-23 06:00","1981","10","23","06:00"," ","5,00","","3,70","","91,00","","25,00","","6,00","","16,10","","102,51","","","","","","Généralement dégagé"
"1981-10-23 07:00","1981","10","23","07:00"," ","2,90","","2,10","","95,00","","28,00","","7,00","","16,10","","102,48","","","","","","Généralement nuageux"
"1981-10-23 08:00","1981","10","23","08:00"," ","5,70","","4,70","","93,00","","27,00","","4,00","","9,70","","102,48","","","","","","Brouillard,Fumée"
"1981-10-23 09:00","1981","10","23","09:00"," ","7,90","","6,00","","88,00","","29,00","","7,00","","9,70","","102,51","","","","","","Fumée"
"1981-10-23 10:00","1981","10","23","10:00"," ","10,00","","7,40","","84,00","","28,00","","6,00","","9,70","","102,51","","","","","","Fumée"
"1981-10-23 11:00","1981","10","23","11:00"," ","12,10","","6,30","","68,00","","30,00","","4,00","","9,70","","102,48","","","","","","Fumée"
"1981-10-23 12:00","1981","10","23","12:00"," ","12,90","","6,60","","66,00","","30,00","","4,00","","11,30","","102,41","","","","","","Généralement nuageux"
"1981-10-23 13:00","1981","10","23","13:00"," ","13,90","","7,40","","65,00","","10,00","","7,00","","12,90","","102,31","","","","","","Généralement dégagé"
"1981-10-23 14:00","1981","10","23","14:00"," ","14,00","","6,50","","61,00","","9,00","","6,00","","16,10","","102,24","","","","","","Généralement nuageux"
"1981-10-23 15:00","1981","10","23","15:00"," ","13,30","","7,60","","69,00","","0,00","","0,00","","16,10","","102,21","","","","","","Généralement nuageux"
"1981-10-23 16:00","1981","10","23","16:00"," ","13,10","","6,20","","63,00","","10,00","","4,00","","24,10","","102,17","","","","","","Généralement nuageux"
"1981-10-23 17:00","1981","10","23","17:00"," ","11,90","","5,80","","66,00","","0,00","","0,00","","24,10","","102,14","","","","","","Généralement nuageux"
"1981-10-23 18:00","1981","10","23","18:00"," ","8,10","","5,20","","82,00","","0,00","","0,00","","24,10","","102,11","","","","","","Généralement nuageux"
"1981-10-23 19:00","1981","10","23","19:00"," ","7,80","","4,30","","79,00","","0,00","","0,00","","24,10","","102,11","","","","","","Généralement nuageux"
"1981-10-23 20:00","1981","10","23","20:00"," ","6,60","","5,30","","91,00","","0,00","","0,00","","24,10","","102,11","","","","","","Généralement nuageux"
"1981-10-23 21:00","1981","10","23","21:00"," ","6,80","","6,20","","96,00","","24,00","","6,00","","24,10","","102,07","","","","","","Généralement nuageux"
"1981-10-23 22:00","1981","10","23","22:00"," ","6,40","","5,70","","95,00","","24,00","","2,00","","19,30","","102,07","","","","","","Généralement nuageux"
"1981-10-23 23:00","1981","10","23","23:00"," ","6,60","","6,10","","97,00","","28,00","","6,00","","16,10","","102,04","","","","","","Nuageux"
"1981-10-24 00:00","1981","10","24","00:00"," ","6,80","","6,20","","96,00","","26,00","","6,00","","16,10","","101,97","","","","","","Nuageux"
"1981-10-24 01:00","1981","10","24","01:00"," ","6,20","","5,60","","96,00","","27,00","","2,00","","16,10","","101,97","","","","","","Généralement nuageux"
"1981-10-24 02:00","1981","10","24","02:00"," ","5,30","","5,10","","99,00","","27,00","","2,00","","16,10","","101,90","","","","","","Généralement nuageux"
"1981-10-24 03:00","1981","10","24","03:00"," ","5,10","","4,20","","94,00","","24,00","","4,00","","16,10","","101,83","","","","","","Généralement nuageux"
"1981-10-24 04:00","1981","10","24","04:00"," ","5,20","","4,20","","93,00","","22,00","","4,00","","11,30","","101,77","","","","","","Généralement nuageux"
"1981-10-24 05:00","1981","10","24","05:00"," ","5,20","","4,60","","96,00","","26,00","","4,00","","11,30","","101,77","","","","","","Généralement nuageux"
"1981-10-24 06:00","1981","10","24","06:00"," ","4,00","","3,60","","97,00","","0,00","","0,00","","0,80","","101,77","","","","","","Brouillard,Fumée"
"1981-10-24 07:00","1981","10","24","07:00"," ","4,10","","3,60","","97,00","","0,00","","0,00","","4,80","","101,67","","","","","","Brouillard,Fumée"
"1981-10-24 08:00","1981","10","24","08:00"," ","6,60","","6,10","","97,00","","0,00","","0,00","","8,00","","101,67","","","","","","Fumée"
"1981-10-24 09:00","1981","10","24","09:00"," ","9,70","","7,60","","87,00","","12,00","","6,00","","4,80","","101,67","","","","","","Brouillard,Fumée"
"1981-10-24 10:00","1981","10","24","10:00"," ","10,40","","9,40","","94,00","","13,00","","6,00","","4,80","","101,63","","","","","","Brouillard,Fumée"
"1981-10-24 11:00","1981","10","24","11:00"," ","11,10","","9,20","","88,00","","13,00","","9,00","","6,40","","101,60","","","","","","Brouillard,Fumée"
"1981-10-24 12:00","1981","10","24","12:00"," ","12,80","","9,40","","80,00","","11,00","","11,00","","8,00","","101,53","","","","","","Brouillard,Fumée"
"1981-10-24 13:00","1981","10","24","13:00"," ","11,80","","8,30","","79,00","","13,00","","9,00","","8,00","","101,50","","","","","","Brouillard,Fumée"
"1981-10-24 14:00","1981","10","24","14:00"," ","12,40","","8,10","","75,00","","9,00","","7,00","","8,00","","101,40","","","","","","Fumée"
"1981-10-24 15:00","1981","10","24","15:00"," ","12,20","","7,90","","75,00","","0,00","","0,00","","8,00","","101,33","","","","","","Fumée"
"1981-10-24 16:00","1981","10","24","16:00"," ","11,60","","7,40","","75,00","","12,00","","6,00","","11,30","","101,33","","","","","","Généralement dégagé"
"1981-10-24 17:00","1981","10","24","17:00"," ","11,50","","6,50","","71,00","","15,00","","4,00","","12,90","","101,29","","","","","","Généralement nuageux"
"1981-10-24 18:00","1981","10","24","18:00"," ","7,70","","6,30","","91,00","","0,00","","0,00","","12,90","","101,26","","","","","","Généralement nuageux"
"1981-10-24 19:00","1981","10","24","19:00"," ","7,50","","6,70","","95,00","","0,00","","0,00","","12,90","","101,29","","","","","","Généralement nuageux"
"1981-10-24 20:00","1981","10","24","20:00"," ","6,80","","6,20","","96,00","","27,00","","6,00","","11,30","","101,23","","","","","","Généralement dégagé"
"1981-10-24 21:00","1981","10","24","21:00"," ","7,50","","6,70","","95,00","","29,00","","9,00","","9,70","","101,19","","","","","","Fumée"
"1981-10-24 22:00","1981","10","24","22:00"," ","6,70","","5,70","","93,00","","0,00","","0,00","","9,70","","101,16","","","","","","Fumée"
"1981-10-24 23:00","1981","10","24","23:00"," ","6,90","","6,60","","98,00","","25,00","","7,00","","11,30","","101,12","","","","","","Généralement dégagé"
"1981-10-25 00:00","1981","10","25","00:00"," ","7,20","","6,60","","96,00","","27,00","","4,00","","12,90","","101,12","","","","","","Généralement dégagé"
"1981-10-25 01:00","1981","10","25","01:00"," ","5,70","","5,10","","96,00","","25,00","","4,00","","12,90","","101,09","","","","","","Généralement dégagé"
"1981-10-25 02:00","1981","10","25","02:00"," ","5,80","","5,60","","99,00","","25,00","","4,00","","12,90","","101,06","","","","","","Généralement dégagé"
"1981-10-25 03:00","1981","10","25","03:00"," ","6,30","","6,10","","99,00","","26,00","","4,00","","9,70","","100,99","","","","","","Brouillard,Fumée"
"1981-10-25 04:00","1981","10","25","04:00"," ","5,90","","5,60","","98,00","","26,00","","4,00","","8,00","","100,92","","","","","","Brouillard,Fumée"
"1981-10-25 05:00","1981","10","25","05:00"," ","5,30","","5,10","","99,00","","29,00","","4,00","","8,00","","100,92","","","","","","Brouillard,Fumée"
"1981-10-25 06:00","1981","10","25","06:00"," ","6,40","","6,10","","98,00","","27,00","","4,00","","6,40","","100,89","","","","","","Brouillard,Fumée"
"1981-10-25 07:00","1981","10","25","07:00"," ","5,20","","4,60","","96,00","","23,00","","2,00","","6,40","","100,89","","","","","","Brouillard,Fumée"
"1981-10-25 08:00","1981","10","25","08:00"," ","8,70","","8,10","","96,00","","15,00","","7,00","","4,80","","100,85","","","","","","Brouillard,Fumée"
"1981-10-25 09:00","1981","10","25","09:00"," ","8,90","","8,60","","98,00","","14,00","","11,00","","0,80","","100,75","","","","","","Brouillard"
"1981-10-25 10:00","1981","10","25","10:00"," ","8,70","","8,10","","96,00","","13,00","","6,00","","1,00","","100,72","","","","","","Brouillard"
"1981-10-25 11:00","1981","10","25","11:00"," ","9,20","","8,60","","96,00","","14,00","","9,00","","1,20","","100,65","","","","","","Brouillard"
"1981-10-25 12:00","1981","10","25","12:00"," ","10,10","","8,90","","92,00","","14,00","","7,00","","1,60","","100,58","","","","","","Brouillard"
"1981-10-25 13:00","1981","10","25","13:00"," ","10,50","","9,00","","90,00","","16,00","","6,00","","3,20","","100,52","","","","","","Brouillard"
"1981-10-25 14:00","1981","10","25","14:00"," ","11,10","","9,60","","90,00","","14,00","","9,00","","3,20","","100,41","","","","","","Brouillard"
"1981-10-25 15:00","1981","10","25","15:00"," ","12,40","","10,00","","85,00","","14,00","","6,00","","6,40","","100,38","","","","","","Fumée"
"1981-10-25 16:00","1981","10","25","16:00"," ","12,20","","9,90","","86,00","","17,00","","4,00","","9,70","","100,31","","","","","","Fumée"
"1981-10-25 17:00","1981","10","25","17:00"," ","11,80","","9,90","","88,00","","26,00","","4,00","","9,70","","100,28","","","","","","Fumée"
"1981-10-25 18:00","1981","10","25","18:00"," ","12,20","","8,70","","79,00","","0,00","","0,00","","12,90","","100,28","","","","","","Généralement nuageux"
"1981-10-25 19:00","1981","10","25","19:00"," ","13,40","","9,20","","76,00","","23,00","","22,00","","19,30","","100,25","","","","","","Généralement nuageux"
"1981-10-25 20:00","1981","10","25","20:00"," ","13,60","","9,20","","75,00","","23,00","","24,00","","24,10","","100,21","","","","","","Nuageux"
"1981-10-25 21:00","1981","10","25","21:00"," ","13,50","","9,60","","77,00","","23,00","","17,00","","16,10","","100,21","","","","","","Nuageux"
"1981-10-25 22:00","1981","10","25","22:00"," ","13,50","","9,60","","77,00","","22,00","","9,00","","16,10","","100,21","","","","","","Nuageux"
"1981-10-25 23:00","1981","10","25","23:00"," ","13,30","","10,00","","81,00","","21,00","","19,00","","16,10","","100,21","","","","","","Nuageux"
"1981-10-26 00:00","1981","10","26","00:00"," ","13,30","","9,60","","78,00","","25,00","","11,00","","24,10","","100,25","","","","","","Nuageux"
"1981-10-26 01:00","1981","10","26","01:00"," ","12,40","","10,00","","85,00","","32,00","","11,00","","24,10","","100,25","","","","","","Nuageux"
"1981-10-26 02:00","1981","10","26","02:00"," ","12,00","","8,70","","80,00","","28,00","","7,00","","24,10","","100,28","","","","","","Nuageux"
"1981-10-26 03:00","1981","10","26","03:00"," ","12,30","","6,90","","70,00","","26,00","","11,00","","24,10","","100,28","","","","","","Nuageux"
"1981-10-26 04:00","1981","10","26","04:00"," ","11,60","","4,30","","61,00","","32,00","","6,00","","32,20","","100,31","","","","","","Généralement nuageux"
"1981-10-26 05:00","1981","10","26","05:00"," ","9,50","","5,10","","74,00","","0,00","","0,00","","32,20","","100,31","","","","","","Généralement nuageux"
"1981-10-26 06:00","1981","10","26","06:00"," ","8,90","","5,90","","81,00","","34,00","","2,00","","24,10","","100,35","","","","","","Nuageux"
"1981-10-26 07:00","1981","10","26","07:00"," ","8,90","","5,00","","77,00","","31,00","","9,00","","32,20","","100,38","","","","","","Généralement nuageux"
"1981-10-26 08:00","1981","10","26","08:00"," ","10,00","","5,30","","72,00","","23,00","","6,00","","40,20","","100,41","","","","","","Nuageux"
"1981-10-26 09:00","1981","10","26","09:00"," ","10,50","","6,30","","75,00","","0,00","","0,00","","40,20","","100,41","","","","","","Averses de pluie"
"1981-10-26 10:00","1981","10","26","10:00"," ","10,70","","5,80","","71,00","","13,00","","6,00","","24,10","","100,41","","","","","","Pluie modérée"
"1981-10-26 11:00","1981","10","26","11:00"," ","11,10","","6,40","","73,00","","14,00","","11,00","","24,10","","100,45","","","","","","Averses de pluie"
"1981-10-26 12:00","1981","10","26","12:00"," ","10,30","","9,00","","92,00","","14,00","","7,00","","12,90","","100,41","","","","","","Pluie,Bruine"
"1981-10-26 13:00","1981","10","26","13:00"," ","9,90","","9,30","","96,00","","13,00","","9,00","","4,80","","100,38","","","","","","Pluie,Bruine,Brouillard"
"1981-10-26 14:00","1981","10","26","14:00"," ","9,60","","8,80","","95,00","","13,00","","7,00","","3,20","","100,35","","","","","","Pluie,Bruine,Brouillard"
"1981-10-26 15:00","1981","10","26","15:00"," ","9,30","","8,80","","97,00","","14,00","","6,00","","2,80","","100,28","","","","","","Pluie,Brouillard"
"1981-10-26 16:00","1981","10","26","16:00"," ","9,10","","8,30","","95,00","","0,00","","0,00","","2,80","","100,21","","","","","","Pluie,Brouillard"
"1981-10-26 17:00","1981","10","26","17:00"," ","9,00","","8,30","","95,00","","0,00","","0,00","","4,80","","100,14","","","","","","Pluie,Brouillard"
"1981-10-26 18:00","1981","10","26","18:00"," ","9,00","","8,30","","95,00","","0,00","","0,00","","4,80","","100,14","","","","","","Brouillard"
"1981-10-26 19:00","1981","10","26","19:00"," ","9,10","","8,60","","97,00","","0,00","","0,00","","2,40","","100,11","","","","","","Brouillard"
"1981-10-26 20:00","1981","10","26","20:00"," ","9,10","","8,60","","97,00","","0,00","","0,00","","1,60","","100,11","","","","","","Brouillard"
"1981-10-26 21:00","1981","10","26","21:00"," ","9,10","","8,60","","97,00","","0,00","","0,00","","0,40","","100,11","","","","","","Brouillard"
"1981-10-26 22:00","1981","10","26","22:00"," ","9,30","","9,10","","99,00","","0,00","","0,00","","0,60","","100,04","","","","","","Pluie,Brouillard"
"1981-10-26 23:00","1981","10","26","23:00"," ","9,10","","9,00","","99,00","","0,00","","0,00","","0,80","","100,01","","","","","","Brouillard"
"1981-10-27 00:00","1981","10","27","00:00"," ","8,70","","8,10","","96,00","","0,00","","0,00","","0,80","","99,98","","","","","","Brouillard"
"1981-10-27 01:00","1981","10","27","01:00"," ","8,80","","8,60","","99,00","","0,00","","0,00","","2,40","","99,91","","","","","","Brouillard"
"1981-10-27 02:00","1981","10","27","02:00"," ","9,20","","8,60","","96,00","","0,00","","0,00","","2,40","","99,87","","","","","","Brouillard"
"1981-10-27 03:00","1981","10","27","03:00"," ","10,00","","9,60","","97,00","","2,00","","4,00","","2,40","","99,84","","","","","","Pluie,Brouillard"
"1981-10-27 04:00","1981","10","27","04:00"," ","10,20","","9,60","","96,00","","9,00","","7,00","","3,20","","99,77","","","","","","Pluie,Brouillard"
"1981-10-27 05:00","1981","10","27","05:00"," ","11,50","","10,80","","95,00","","16,00","","9,00","","4,00","","99,70","","","","","","Pluie,Brouillard"
"1981-10-27 06:00","1981","10","27","06:00"," ","11,20","","10,30","","94,00","","15,00","","9,00","","4,00","","99,70","","","","","","Pluie,Brouillard"
"1981-10-27 07:00","1981","10","27","07:00"," ","10,90","","10,30","","96,00","","13,00","","11,00","","6,40","","99,67","","","","","","Pluie,Brouillard"
"1981-10-27 08:00","1981","10","27","08:00"," ","11,40","","10,80","","96,00","","14,00","","11,00","","8,00","","99,64","","","","","","Brouillard"
"1981-10-27 09:00","1981","10","27","09:00"," ","11,90","","11,00","","94,00","","15,00","","13,00","","16,10","","99,60","","","","","","Nuageux"
"1981-10-27 10:00","1981","10","27","10:00"," ","11,00","","10,30","","95,00","","13,00","","9,00","","16,10","","99,57","","","","","","Pluie"
"1981-10-27 11:00","1981","10","27","11:00"," ","12,30","","11,50","","95,00","","13,00","","7,00","","19,30","","99,54","","","","","","Nuageux"
"1981-10-27 12:00","1981","10","27","12:00"," ","12,60","","10,80","","89,00","","13,00","","9,00","","16,10","","99,50","","","","","","Nuageux"
"1981-10-27 13:00","1981","10","27","13:00"," ","13,20","","10,90","","86,00","","14,00","","9,00","","19,30","","99,37","","","","","","Généralement nuageux"
"1981-10-27 14:00","1981","10","27","14:00"," ","13,40","","10,70","","84,00","","15,00","","26,00","","19,30","","99,30","","","","","","Pluie"
"1981-10-27 15:00","1981","10","27","15:00"," ","12,80","","11,30","","91,00","","14,00","","15,00","","19,30","","99,16","","","","","","Pluie"
"1981-10-27 16:00","1981","10","27","16:00"," ","13,10","","10,60","","85,00","","14,00","","7,00","","19,30","","99,16","","","","","","Pluie"
"1981-10-27 17:00","1981","10","27","17:00"," ","12,60","","10,40","","86,00","","16,00","","19,00","","24,10","","99,10","","","","","","Nuageux"
"1981-10-27 18:00","1981","10","27","18:00"," ","13,10","","10,60","","85,00","","15,00","","26,00","","19,30","","98,99","","","","","","Pluie"
"1981-10-27 19:00","1981","10","27","19:00"," ","12,80","","10,60","","87,00","","16,00","","17,00","","19,30","","98,93","","","","","","Pluie"
"1981-10-27 20:00","1981","10","27","20:00"," ","13,20","","10,20","","82,00","","16,00","","15,00","","16,10","","98,86","","","","","","Pluie"
"1981-10-27 21:00","1981","10","27","21:00"," ","12,70","","10,00","","84,00","","16,00","","19,00","","16,10","","98,79","","","","","","Pluie"
"1981-10-27 22:00","1981","10","27","22:00"," ","12,80","","10,60","","87,00","","16,00","","17,00","","16,10","","98,83","","","","","","Nuageux"
"1981-10-27 23:00","1981","10","27","23:00"," ","11,20","","7,60","","78,00","","25,00","","13,00","","19,30","","98,89","","","","","","Pluie"
"1981-10-28 00:00","1981","10","28","00:00"," ","10,90","","7,20","","78,00","","25,00","","11,00","","16,10","","98,99","","","","","","Pluie"
"1981-10-28 01:00","1981","10","28","01:00"," ","10,50","","6,30","","75,00","","24,00","","11,00","","16,10","","99,10","","","","","","Pluie"
"1981-10-28 02:00","1981","10","28","02:00"," ","11,00","","6,00","","71,00","","23,00","","19,00","","19,30","","99,13","","","","","","Nuageux"
"1981-10-28 03:00","1981","10","28","03:00"," ","11,10","","5,50","","68,00","","24,00","","15,00","","24,10","","99,16","","","","","","Nuageux"
"1981-10-28 04:00","1981","10","28","04:00"," ","10,00","","6,50","","79,00","","21,00","","11,00","","24,10","","99,30","","","","","","Nuageux"
"1981-10-28 05:00","1981","10","28","05:00"," ","10,20","","6,50","","78,00","","23,00","","9,00","","24,10","","99,33","","","","","","Nuageux"
"1981-10-28 06:00","1981","10","28","06:00"," ","9,50","","6,80","","83,00","","30,00","","4,00","","24,10","","99,37","","","","","","Nuageux"
"1981-10-28 07:00","1981","10","28","07:00"," ","9,60","","8,00","","90,00","","12,00","","4,00","","32,20","","99,40","","","","","","Nuageux"
"1981-10-28 08:00","1981","10","28","08:00"," ","9,40","","6,80","","84,00","","15,00","","7,00","","24,10","","99,43","","","","","","Généralement nuageux"
"1981-10-28 09:00","1981","10","28","09:00"," ","9,90","","7,40","","84,00","","15,00","","6,00","","32,20","","99,47","","","","","","Généralement nuageux"
"1981-10-28 10:00","1981","10","28","10:00"," ","9,60","","7,60","","87,00","","13,00","","7,00","","24,10","","99,50","","","","","","Pluie"
"1981-10-28 11:00","1981","10","28","11:00"," ","9,90","","8,50","","91,00","","14,00","","7,00","","19,30","","99,54","","","","","","Averses de pluie"
"1981-10-28 12:00","1981","10","28","12:00"," ","10,70","","8,70","","87,00","","11,00","","11,00","","32,20","","99,54","","","","","","Généralement nuageux"
"1981-10-28 13:00","1981","10","28","13:00"," ","10,20","","7,40","","83,00","","12,00","","13,00","","32,20","","99,54","","","","","","Généralement nuageux"
"1981-10-28 14:00","1981","10","28","14:00"," ","10,10","","7,40","","83,00","","8,00","","13,00","","40,20","","99,54","","","","","","Généralement nuageux"
"1981-10-28 15:00","1981","10","28","15:00"," ","9,50","","7,20","","86,00","","7,00","","13,00","","40,20","","99,54","","","","","","Nuageux"
"1981-10-28 16:00","1981","10","28","16:00"," ","8,90","","7,10","","89,00","","6,00","","17,00","","32,20","","99,54","","","","","","Nuageux"
"1981-10-28 17:00","1981","10","28","17:00"," ","9,20","","7,10","","87,00","","4,00","","9,00","","24,10","","99,47","","","","","","Averses de pluie"
"1981-10-28 18:00","1981","10","28","18:00"," ","9,00","","7,90","","93,00","","3,00","","9,00","","11,30","","99,40","","","","","","Averses de pluie"
"1981-10-28 19:00","1981","10","28","19:00"," ","8,90","","8,30","","96,00","","22,00","","2,00","","11,30","","99,43","","","","","","Averses de pluie"
"1981-10-28 20:00","1981","10","28","20:00"," ","8,70","","7,40","","91,00","","16,00","","4,00","","12,90","","99,43","","","","","","Nuageux"
"1981-10-28 21:00","1981","10","28","21:00"," ","8,80","","7,50","","92,00","","15,00","","9,00","","16,10","","99,50","","","","","","Généralement nuageux"
"1981-10-28 22:00","1981","10","28","22:00"," ","8,90","","7,90","","93,00","","12,00","","4,00","","16,10","","99,54","","","","","","Généralement nuageux"
"1981-10-28 23:00","1981","10","28","23:00"," ","8,60","","7,00","","90,00","","16,00","","6,00","","16,10","","99,57","","","","","","Généralement nuageux"
"1981-10-29 00:00","1981","10","29","00:00"," ","6,70","","6,10","","96,00","","15,00","","2,00","","12,90","","99,60","","","","","","Généralement nuageux"
"1981-10-29 01:00","1981","10","29","01:00"," ","6,00","","5,60","","97,00","","0,00","","0,00","","12,90","","99,67","","","","","","Généralement nuageux"
"1981-10-29 02:00","1981","10","29","02:00"," ","6,50","","6,10","","97,00","","0,00","","0,00","","11,30","","99,70","","","","","","Généralement nuageux"
"1981-10-29 03:00","1981","10","29","03:00"," ","6,10","","5,60","","97,00","","0,00","","0,00","","12,90","","99,74","","","","","","Généralement nuageux"
"1981-10-29 04:00","1981","10","29","04:00"," ","5,20","","4,60","","96,00","","0,00","","0,00","","16,10","","99,77","","","","","","Nuageux"
"1981-10-29 05:00","1981","10","29","05:00"," ","6,50","","6,10","","97,00","","22,00","","4,00","","12,90","","99,87","","","","","","Nuageux"
"1981-10-29 06:00","1981","10","29","06:00"," ","7,00","","5,40","","89,00","","20,00","","6,00","","16,10","","99,91","","","","","","Généralement nuageux"
"1981-10-29 07:00","1981","10","29","07:00"," ","7,40","","5,10","","85,00","","17,00","","6,00","","32,20","","100,01","","","","","","Nuageux"
"1981-10-29 08:00","1981","10","29","08:00"," ","7,20","","5,00","","86,00","","0,00","","0,00","","32,20","","100,11","","","","","","Généralement nuageux"
"1981-10-29 09:00","1981","10","29","09:00"," ","8,70","","4,90","","77,00","","15,00","","7,00","","40,20","","100,21","","","","","","Généralement nuageux"
"1981-10-29 10:00","1981","10","29","10:00"," ","9,40","","6,00","","79,00","","12,00","","7,00","","40,20","","100,25","","","","","","Généralement nuageux"
"1981-10-29 11:00","1981","10","29","11:00"," ","10,70","","4,90","","67,00","","24,00","","4,00","","40,20","","100,35","","","","","","Averses de pluie"
"1981-10-29 12:00","1981","10","29","12:00"," ","10,40","","7,10","","80,00","","13,00","","9,00","","40,20","","100,41","","","","","","Généralement nuageux"
"1981-10-29 13:00","1981","10","29","13:00"," ","9,70","","7,20","","84,00","","10,00","","7,00","","24,10","","100,52","","","","","","Averses de pluie modérées"
"1981-10-29 14:00","1981","10","29","14:00"," ","11,10","","6,80","","75,00","","0,00","","0,00","","32,20","","100,58","","","","","","Généralement nuageux"
"1981-10-29 15:00","1981","10","29","15:00"," ","11,40","","4,80","","64,00","","21,00","","11,00","","40,20","","100,65","","","","","","Généralement nuageux"
"1981-10-29 16:00","1981","10","29","16:00"," ","10,00","","5,70","","75,00","","30,00","","2,00","","48,30","","100,79","","","","","","Généralement nuageux"
"1981-10-29 17:00","1981","10","29","17:00"," ","7,80","","6,00","","89,00","","23,00","","4,00","","48,30","","100,89","","","","","","Généralement dégagé"
"1981-10-29 18:00","1981","10","29","18:00"," ","5,90","","4,30","","89,00","","21,00","","4,00","","40,20","","100,96","","","","","","Généralement dégagé"
"1981-10-29 19:00","1981","10","29","19:00"," ","5,70","","4,20","","90,00","","17,00","","2,00","","40,20","","101,02","","","","","","Généralement nuageux"
"1981-10-29 20:00","1981","10","29","20:00"," ","5,10","","3,30","","88,00","","21,00","","4,00","","40,20","","101,12","","","","","","Généralement dégagé"
"1981-10-29 21:00","1981","10","29","21:00"," ","5,80","","4,30","","90,00","","17,00","","6,00","","40,20","","101,19","","","","","","Généralement dégagé"
"1981-10-29 22:00","1981","10","29","22:00"," ","4,80","","3,30","","90,00","","22,00","","6,00","","40,20","","101,29","","","","","","Généralement dégagé"
"1981-10-29 23:00","1981","10","29","23:00"," ","4,30","","2,70","","90,00","","24,00","","4,00","","40,20","","101,33","","","","","","Généralement dégagé"
"1981-10-30 00:00","1981","10","30","00:00"," ","4,30","","3,20","","93,00","","0,00","","0,00","","40,20","","101,43","","","","","","Généralement nuageux"
"1981-10-30 01:00","1981","10","30","01:00"," ","7,60","","5,10","","84,00","","13,00","","6,00","","40,20","","101,50","","","","","","Généralement nuageux"
"1981-10-30 02:00","1981","10","30","02:00"," ","8,10","","6,00","","87,00","","16,00","","7,00","","40,20","","101,53","","","","","","Généralement nuageux"
"1981-10-30 03:00","1981","10","30","03:00"," ","8,20","","6,00","","86,00","","13,00","","17,00","","32,20","","101,53","","","","","","Nuageux"
"1981-10-30 04:00","1981","10","30","04:00"," ","7,60","","5,50","","86,00","","13,00","","17,00","","19,30","","101,53","","","","","","Nuageux"
"1981-10-30 05:00","1981","10","30","05:00"," ","8,10","","6,00","","87,00","","12,00","","15,00","","16,10","","101,50","","","","","","Nuageux"
"1981-10-30 06:00","1981","10","30","06:00"," ","8,20","","5,60","","84,00","","15,00","","15,00","","19,30","","101,46","","","","","","Nuageux"
"1981-10-30 07:00","1981","10","30","07:00"," ","8,30","","6,10","","86,00","","14,00","","19,00","","24,10","","101,43","","","","","","Nuageux"
"1981-10-30 08:00","1981","10","30","08:00"," ","8,60","","6,60","","87,00","","13,00","","15,00","","24,10","","101,40","","","","","","Averses de pluie"
"1981-10-30 09:00","1981","10","30","09:00"," ","8,70","","7,00","","89,00","","13,00","","22,00","","12,90","","101,33","","","","","","Pluie"
"1981-10-30 10:00","1981","10","30","10:00"," ","8,60","","6,10","","84,00","","14,00","","28,00","","12,90","","101,29","","","","","","Pluie"
"1981-10-30 11:00","1981","10","30","11:00"," ","9,10","","6,70","","85,00","","13,00","","30,00","","8,00","","101,26","","","","","","Pluie,Brouillard"
"1981-10-30 12:00","1981","10","30","12:00"," ","9,00","","7,10","","88,00","","15,00","","31,00","","8,00","","101,29","","","","","","Pluie,Brouillard"
"1981-10-30 13:00","1981","10","30","13:00"," ","9,20","","7,50","","89,00","","14,00","","28,00","","8,00","","101,29","","","","","","Pluie,Brouillard"
"1981-10-30 14:00","1981","10","30","14:00"," ","9,20","","7,50","","89,00","","14,00","","26,00","","11,30","","101,26","","","","","","Pluie"
"1981-10-30 15:00","1981","10","30","15:00"," ","9,30","","8,40","","94,00","","15,00","","20,00","","6,40","","101,29","","","","","","Pluie,Brouillard"
"1981-10-30 16:00","1981","10","30","16:00"," ","9,20","","8,30","","94,00","","16,00","","24,00","","6,40","","101,29","","","","","","Pluie,Brouillard"
"1981-10-30 17:00","1981","10","30","17:00"," ","9,80","","8,90","","94,00","","17,00","","22,00","","6,40","","101,36","","","","","","Pluie,Brouillard"
"1981-10-30 18:00","1981","10","30","18:00"," ","10,20","","8,90","","91,00","","16,00","","22,00","","6,40","","101,40","","","","","","Pluie,Brouillard"
"1981-10-30 19:00","1981","10","30","19:00"," ","10,30","","9,40","","94,00","","16,00","","22,00","","6,40","","101,46","","","","","","Pluie modérée,Brouillard"
"1981-10-30 20:00","1981","10","30","20:00"," ","10,30","","9,40","","94,00","","16,00","","24,00","","8,00","","101,46","","","","","","Pluie,Brouillard"
"1981-10-30 21:00","1981","10","30","21:00"," ","10,20","","8,90","","91,00","","15,00","","22,00","","8,00","","101,50","","","","","","Pluie,Brouillard"
"1981-10-30 22:00","1981","10","30","22:00"," ","11,20","","9,60","","90,00","","16,00","","15,00","","24,10","","101,53","","","","","","Généralement nuageux"
"1981-10-30 23:00","1981","10","30","23:00"," ","12,80","","11,30","","91,00","","16,00","","15,00","","24,10","","101,63","","","","","","Généralement nuageux"
"1981-10-31 00:00","1981","10","31","00:00"," ","11,40","","9,70","","89,00","","16,00","","17,00","","24,10","","101,63","","","","","","Pluie"
"1981-10-31 01:00","1981","10","31","01:00"," ","12,90","","9,80","","81,00","","16,00","","15,00","","24,10","","101,63","","","","","","Nuageux"
"1981-10-31 02:00","1981","10","31","02:00"," ","12,60","","9,70","","83,00","","16,00","","11,00","","24,10","","101,63","","","","","","Nuageux"
"1981-10-31 03:00","1981","10","31","03:00"," ","11,30","","10,10","","93,00","","15,00","","13,00","","24,10","","101,67","","","","","","Nuageux"
"1981-10-31 04:00","1981","10","31","04:00"," ","11,60","","9,30","","86,00","","18,00","","17,00","","24,10","","101,63","","","","","","Généralement nuageux"
"1981-10-31 05:00","1981","10","31","05:00"," ","11,80","","9,90","","88,00","","18,00","","19,00","","24,10","","101,67","","","","","","Pluie"
"1981-10-31 06:00","1981","10","31","06:00"," ","11,50","","10,40","","93,00","","17,00","","13,00","","16,10","","101,67","","","","","","Pluie"
"1981-10-31 07:00","1981","10","31","07:00"," ","11,30","","10,10","","93,00","","14,00","","11,00","","16,10","","101,63","","","","","","Pluie"
"1981-10-31 08:00","1981","10","31","08:00"," ","11,40","","10,10","","92,00","","14,00","","11,00","","24,10","","101,73","","","","","","Généralement nuageux"
"1981-10-31 09:00","1981","10","31","09:00"," ","12,20","","10,60","","90,00","","10,00","","6,00","","24,10","","101,87","","","","","","Pluie"
"1981-10-31 10:00","1981","10","31","10:00"," ","11,80","","10,20","","90,00","","14,00","","11,00","","16,10","","101,83","","","","","","Pluie"
"1981-10-31 11:00","1981","10","31","11:00"," ","11,80","","11,00","","95,00","","16,00","","6,00","","9,70","","101,87","","","","","","Pluie,Brouillard"
"1981-10-31 12:00","1981","10","31","12:00"," ","11,50","","10,40","","93,00","","13,00","","15,00","","9,70","","101,94","","","","","","Pluie,Brouillard"
"1981-10-31 13:00","1981","10","31","13:00"," ","11,50","","10,40","","93,00","","10,00","","13,00","","8,00","","101,94","","","","","","Pluie modérée,Brouillard"
"1981-10-31 14:00","1981","10","31","14:00"," ","12,00","","11,00","","94,00","","14,00","","11,00","","4,80","","101,94","","","","","","Pluie modérée,Brouillard"
"1981-10-31 15:00","1981","10","31","15:00"," ","12,20","","11,30","","94,00","","12,00","","4,00","","8,00","","101,94","","","","","","Pluie,Brouillard"
"1981-10-31 16:00","1981","10","31","16:00"," ","11,70","","10,80","","94,00","","11,00","","6,00","","8,00","","101,97","","","","","","Pluie,Brouillard"
"1981-10-31 17:00","1981","10","31","17:00"," ","11,80","","11,30","","97,00","","9,00","","6,00","","4,00","","101,97","","","","","","Pluie modérée,Brouillard"
"1981-10-31 18:00","1981","10","31","18:00"," ","11,70","","11,20","","97,00","","12,00","","7,00","","3,20","","102,07","","","","","","Pluie modérée,Brouillard"
"1981-10-31 19:00","1981","10","31","19:00"," ","12,50","","12,20","","98,00","","11,00","","6,00","","4,00","","102,07","","","","","","Pluie,Brouillard"
"1981-10-31 20:00","1981","10","31","20:00"," ","13,20","","12,00","","92,00","","32,00","","7,00","","6,40","","102,07","","","","","","Pluie,Brouillard"
"1981-10-31 21:00","1981","10","31","21:00"," ","12,70","","11,80","","94,00","","6,00","","4,00","","6,40","","102,11","","","","","","Pluie,Brouillard"
"1981-10-31 22:00","1981","10","31","22:00"," ","11,30","","10,80","","97,00","","12,00","","4,00","","6,40","","102,17","","","","","","Brouillard"
"1981-10-31 23:00","1981","10","31","23:00"," ","11,40","","11,20","","99,00","","9,00","","9,00","","2,40","","102,17","","","","","","Pluie,Brouillard"
