"Nom de la Station","DEASE LAKE"
"Province","BRITISH COLUMBIA"
"Latitude","58,43"
"Longitude","-130,01"
"Altitude","806,60"
"Identification Climat","1192340"
"Identification OMM","71958"
"Identification TC","WDL"
"Toutes les heures sont exprimées en heure normale locale (HNL). Pour convertir l'heure locale en heure avancée de l'Est (HAE), ajoutez 1 heure s'il y a lieu."

"Légende"
"M","Données Manquantes"
"E","Valeur Estimée"
"ND","Non Disponible"
"**","Données fournies par un partenaire, non assujetties à un révision par les Archives climatiques nationales du Canada"

"Date/Heure","Année","Mois","Jour","Heure","Qualité des Données","Temp (°C)","Temp Indicateur","Point de rosée (°C)","Point de rosée Indicateur","Hum. rel (%)","Hum. rel. Indicateur","Dir. du vent (10s deg)","Dir. du vent Indicateur","Vit. du vent (km/h)","Vit. du vent Indicateur","Visibilité (km)","Visibilité Indicateur","Pression à la station (kPa)","Pression à la station Indicateur","Hmdx","Hmdx Indicateur","Refroid. éolien","Refroid. éolien Indicateur","Temps"
"2008-05-01 00:00","2008","05","01","00:00"," ","","","","","","","","","","","","","","","","","","",""
"2008-05-01 01:00","2008","05","01","01:00"," ","","","","","","","","","","","","","","","","","","",""
"2008-05-01 02:00","2008","05","01","02:00"," ","","","","","","","","","","","","","","","","","","",""
"2008-05-01 03:00","2008","05","01","03:00"," ","","","","","","","","","","","","","","","","","","",""
"2008-05-01 04:00","2008","05","01","04:00"," ","","","","","","","","","","","","","","","","","","",""
"2008-05-01 05:00","2008","05","01","05:00"," ","","","","","","","","","","","","","","","","","","",""
"2008-05-01 06:00","2008","05","01","06:00"," ","-4,80","","-6,00","","91,00","","0,00","","0,00","","3,20","","91,95","","","","","","Brouillard"
"2008-05-01 07:00","2008","05","01","07:00"," ","-2,40","","-3,50","","92,00","","22,00","","6,00","","24,10","","91,96","","","","-5,00","","Généralement nuageux"
"2008-05-01 08:00","2008","05","01","08:00"," ","1,10","","-1,20","","85,00","","17,00","","6,00","","24,10","","91,97","","","","","","Généralement nuageux"
"2008-05-01 09:00","2008","05","01","09:00"," ","3,30","","0,50","","82,00","","6,00","","7,00","","24,10","","91,95","","","","","","Généralement dégagé"
"2008-05-01 10:00","2008","05","01","10:00"," ","5,60","","0,20","","68,00","","29,00","","6,00","","24,10","","91,89","","","","","","Généralement dégagé"
"2008-05-01 11:00","2008","05","01","11:00"," ","7,90","","1,10","","62,00","","3,00","","7,00","","24,10","","91,85","","","","","","Généralement nuageux"
"2008-05-01 12:00","2008","05","01","12:00"," ","7,90","","1,30","","63,00","","36,00","","7,00","","24,10","","91,86","","","","","","Généralement nuageux"
"2008-05-01 13:00","2008","05","01","13:00"," ","10,90","","1,20","","51,00","","17,00","","15,00","","24,10","","91,88","","","","","","Généralement dégagé"
"2008-05-01 14:00","2008","05","01","14:00"," ","","","","","","","","","","","","","","","","","","",""
"2008-05-01 15:00","2008","05","01","15:00"," ","","","","","","","","","","","","","","","","","","",""
"2008-05-01 16:00","2008","05","01","16:00"," ","","","","","","","","","","","","","","","","","","",""
"2008-05-01 17:00","2008","05","01","17:00"," ","","","","","","","","","","","","","","","","","","",""
"2008-05-01 18:00","2008","05","01","18:00"," ","","","","","","","","","","","","","","","","","","",""
"2008-05-01 19:00","2008","05","01","19:00"," ","","","","","","","","","","","","","","","","","","",""
"2008-05-01 20:00","2008","05","01","20:00"," ","","","","","","","","","","","","","","","","","","",""
"2008-05-01 21:00","2008","05","01","21:00"," ","","","","","","","","","","","","","","","","","","",""
"2008-05-01 22:00","2008","05","01","22:00"," ","","","","","","","","","","","","","","","","","","",""
"2008-05-01 23:00","2008","05","01","23:00"," ","","","","","","","","","","","","","","","","","","",""
"2008-05-02 00:00","2008","05","02","00:00"," ","","","","","","","","","","","","","","","","","","",""
"2008-05-02 01:00","2008","05","02","01:00"," ","","","","","","","","","","","","","","","","","","",""
"2008-05-02 02:00","2008","05","02","02:00"," ","","","","","","","","","","","","","","","","","","",""
"2008-05-02 03:00","2008","05","02","03:00"," ","","","","","","","","","","","","","","","","","","",""
"2008-05-02 04:00","2008","05","02","04:00"," ","","","","","","","","","","","","","","","","","","",""
"2008-05-02 05:00","2008","05","02","05:00"," ","","","","","","","","","","","","","","","","","","",""
"2008-05-02 06:00","2008","05","02","06:00"," ","1,00","","-1,10","","86,00","","2,00","","7,00","","24,10","","91,96","","","","","","Généralement nuageux"
"2008-05-02 07:00","2008","05","02","07:00"," ","3,00","","0,40","","83,00","","3,00","","9,00","","24,10","","91,95","","","","","","Généralement nuageux"
"2008-05-02 08:00","2008","05","02","08:00"," ","6,70","","1,00","","67,00","","3,00","","6,00","","24,10","","91,92","","","","","","Généralement dégagé"
"2008-05-02 09:00","2008","05","02","09:00"," ","9,10","","1,60","","59,00","","12,00","","7,00","","24,10","","91,91","","","","","","Généralement nuageux"
"2008-05-02 10:00","2008","05","02","10:00"," ","9,60","","0,70","","54,00","","19,00","","7,00","","24,10","","91,88","","","","","","Généralement nuageux"
"2008-05-02 11:00","2008","05","02","11:00"," ","11,40","","1,90","","52,00","","19,00","","19,00","","24,10","","91,86","","","","","","Généralement nuageux"
"2008-05-02 12:00","2008","05","02","12:00"," ","11,50","","1,50","","50,00","","17,00","","11,00","","24,10","","91,84","","","","","","Généralement nuageux"
"2008-05-02 13:00","2008","05","02","13:00"," ","11,80","","1,70","","50,00","","17,00","","15,00","","24,10","","91,81","","","","","","Généralement nuageux"
"2008-05-02 14:00","2008","05","02","14:00"," ","","","","","","","","","","","","","","","","","","",""
"2008-05-02 15:00","2008","05","02","15:00"," ","","","","","","","","","","","","","","","","","","",""
"2008-05-02 16:00","2008","05","02","16:00"," ","","","","","","","","","","","","","","","","","","",""
"2008-05-02 17:00","2008","05","02","17:00"," ","","","","","","","","","","","","","","","","","","",""
"2008-05-02 18:00","2008","05","02","18:00"," ","","","","","","","","","","","","","","","","","","",""
"2008-05-02 19:00","2008","05","02","19:00"," ","","","","","","","","","","","","","","","","","","",""
"2008-05-02 20:00","2008","05","02","20:00"," ","","","","","","","","","","","","","","","","","","",""
"2008-05-02 21:00","2008","05","02","21:00"," ","","","","","","","","","","","","","","","","","","",""
"2008-05-02 22:00","2008","05","02","22:00"," ","","","","","","","","","","","","","","","","","","",""
"2008-05-02 23:00","2008","05","02","23:00"," ","","","","","","","","","","","","","","","","","","",""
"2008-05-03 00:00","2008","05","03","00:00"," ","","","","","","","","","","","","","","","","","","",""
"2008-05-03 01:00","2008","05","03","01:00"," ","","","","","","","","","","","","","","","","","","",""
"2008-05-03 02:00","2008","05","03","02:00"," ","","","","","","","","","","","","","","","","","","",""
"2008-05-03 03:00","2008","05","03","03:00"," ","","","","","","","","","","","","","","","","","","",""
"2008-05-03 04:00","2008","05","03","04:00"," ","","","","","","","","","","","","","","","","","","",""
"2008-05-03 05:00","2008","05","03","05:00"," ","","","","","","","","","","","","","","","","","","",""
"2008-05-03 06:00","2008","05","03","06:00"," ","","","","","","","","","","","","","","","","","","",""
"2008-05-03 07:00","2008","05","03","07:00"," ","","","","","","","","","","","","","","","","","","",""
"2008-05-03 08:00","2008","05","03","08:00"," ","","","","","","","","","","","","","","","","","","",""
"2008-05-03 09:00","2008","05","03","09:00"," ","","","","","","","","","","","","","","","","","","",""
"2008-05-03 10:00","2008","05","03","10:00"," ","","","","","","","","","","","","","","","","","","",""
"2008-05-03 11:00","2008","05","03","11:00"," ","","","","","","","","","","","","","","","","","","",""
"2008-05-03 12:00","2008","05","03","12:00"," ","","","","","","","","","","","","","","","","","","",""
"2008-05-03 13:00","2008","05","03","13:00"," ","","","","","","","","","","","","","","","","","","",""
"2008-05-03 14:00","2008","05","03","14:00"," ","","","","","","","","","","","","","","","","","","",""
"2008-05-03 15:00","2008","05","03","15:00"," ","","","","","","","","","","","","","","","","","","",""
"2008-05-03 16:00","2008","05","03","16:00"," ","","","","","","","","","","","","","","","","","","",""
"2008-05-03 17:00","2008","05","03","17:00"," ","","","","","","","","","","","","","","","","","","",""
"2008-05-03 18:00","2008","05","03","18:00"," ","","","","","","","","","","","","","","","","","","",""
"2008-05-03 19:00","2008","05","03","19:00"," ","","","","","","","","","","","","","","","","","","",""
"2008-05-03 20:00","2008","05","03","20:00"," ","","","","","","","","","","","","","","","","","","",""
"2008-05-03 21:00","2008","05","03","21:00"," ","","","","","","","","","","","","","","","","","","",""
"2008-05-03 22:00","2008","05","03","22:00"," ","","","","","","","","","","","","","","","","","","",""
"2008-05-03 23:00","2008","05","03","23:00"," ","","","","","","","","","","","","","","","","","","",""
"2008-05-04 00:00","2008","05","04","00:00"," ","","","","","","","","","","","","","","","","","","",""
"2008-05-04 01:00","2008","05","04","01:00"," ","","","","","","","","","","","","","","","","","","",""
"2008-05-04 02:00","2008","05","04","02:00"," ","","","","","","","","","","","","","","","","","","",""
"2008-05-04 03:00","2008","05","04","03:00"," ","","","","","","","","","","","","","","","","","","",""
"2008-05-04 04:00","2008","05","04","04:00"," ","","","","","","","","","","","","","","","","","","",""
"2008-05-04 05:00","2008","05","04","05:00"," ","","","","","","","","","","","","","","","","","","",""
"2008-05-04 06:00","2008","05","04","06:00"," ","","","","","","","","","","","","","","","","","","",""
"2008-05-04 07:00","2008","05","04","07:00"," ","","","","","","","","","","","","","","","","","","",""
"2008-05-04 08:00","2008","05","04","08:00"," ","","","","","","","","","","","","","","","","","","",""
"2008-05-04 09:00","2008","05","04","09:00"," ","","","","","","","","","","","","","","","","","","",""
"2008-05-04 10:00","2008","05","04","10:00"," ","","","","","","","","","","","","","","","","","","",""
"2008-05-04 11:00","2008","05","04","11:00"," ","","","","","","","","","","","","","","","","","","",""
"2008-05-04 12:00","2008","05","04","12:00"," ","","","","","","","","","","","","","","","","","","",""
"2008-05-04 13:00","2008","05","04","13:00"," ","","","","","","","","","","","","","","","","","","",""
"2008-05-04 14:00","2008","05","04","14:00"," ","","","","","","","","","","","","","","","","","","",""
"2008-05-04 15:00","2008","05","04","15:00"," ","","","","","","","","","","","","","","","","","","",""
"2008-05-04 16:00","2008","05","04","16:00"," ","","","","","","","","","","","","","","","","","","",""
"2008-05-04 17:00","2008","05","04","17:00"," ","","","","","","","","","","","","","","","","","","",""
"2008-05-04 18:00","2008","05","04","18:00"," ","","","","","","","","","","","","","","","","","","",""
"2008-05-04 19:00","2008","05","04","19:00"," ","","","","","","","","","","","","","","","","","","",""
"2008-05-04 20:00","2008","05","04","20:00"," ","","","","","","","","","","","","","","","","","","",""
"2008-05-04 21:00","2008","05","04","21:00"," ","","","","","","","","","","","","","","","","","","",""
"2008-05-04 22:00","2008","05","04","22:00"," ","","","","","","","","","","","","","","","","","","",""
"2008-05-04 23:00","2008","05","04","23:00"," ","","","","","","","","","","","","","","","","","","",""
"2008-05-05 00:00","2008","05","05","00:00"," ","","","","","","","","","","","","","","","","","","",""
"2008-05-05 01:00","2008","05","05","01:00"," ","","","","","","","","","","","","","","","","","","",""
"2008-05-05 02:00","2008","05","05","02:00"," ","","","","","","","","","","","","","","","","","","",""
"2008-05-05 03:00","2008","05","05","03:00"," ","","","","","","","","","","","","","","","","","","",""
"2008-05-05 04:00","2008","05","05","04:00"," ","","","","","","","","","","","","","","","","","","",""
"2008-05-05 05:00","2008","05","05","05:00"," ","","","","","","","","","","","","","","","","","","",""
"2008-05-05 06:00","2008","05","05","06:00"," ","0,60","","-0,60","","92,00","","0,00","","0,00","","24,10","","92,14","","","","","","Généralement nuageux"
"2008-05-05 07:00","2008","05","05","07:00"," ","2,70","","-0,20","","81,00","","0,00","","0,00","","24,10","","92,13","","","","","","Généralement nuageux"
"2008-05-05 08:00","2008","05","05","08:00"," ","3,80","","0,30","","78,00","","0,00","","0,00","","24,10","","92,10","","","","","","Nuageux"
"2008-05-05 09:00","2008","05","05","09:00"," ","5,00","","0,70","","74,00","","0,00","","0,00","","24,10","","92,08","","","","","","Nuageux"
"2008-05-05 10:00","2008","05","05","10:00"," ","6,80","","1,90","","71,00","","0,00","","0,00","","24,10","","92,04","","","","","","Généralement nuageux"
"2008-05-05 11:00","2008","05","05","11:00"," ","8,80","","0,40","","56,00","","26,00","","11,00","","24,10","","92,01","","","","","","Généralement nuageux"
"2008-05-05 12:00","2008","05","05","12:00"," ","9,50","","0,10","","52,00","","27,00","","11,00","","24,10","","92,00","","","","","","Généralement nuageux"
"2008-05-05 13:00","2008","05","05","13:00"," ","9,50","","-0,20","","51,00","","27,00","","17,00","","24,10","","91,98","","","","","","Généralement nuageux"
"2008-05-05 14:00","2008","05","05","14:00"," ","","","","","","","","","","","","","","","","","","",""
"2008-05-05 15:00","2008","05","05","15:00"," ","","","","","","","","","","","","","","","","","","",""
"2008-05-05 16:00","2008","05","05","16:00"," ","","","","","","","","","","","","","","","","","","",""
"2008-05-05 17:00","2008","05","05","17:00"," ","","","","","","","","","","","","","","","","","","",""
"2008-05-05 18:00","2008","05","05","18:00"," ","","","","","","","","","","","","","","","","","","",""
"2008-05-05 19:00","2008","05","05","19:00"," ","","","","","","","","","","","","","","","","","","",""
"2008-05-05 20:00","2008","05","05","20:00"," ","","","","","","","","","","","","","","","","","","",""
"2008-05-05 21:00","2008","05","05","21:00"," ","","","","","","","","","","","","","","","","","","",""
"2008-05-05 22:00","2008","05","05","22:00"," ","","","","","","","","","","","","","","","","","","",""
"2008-05-05 23:00","2008","05","05","23:00"," ","","","","","","","","","","","","","","","","","","",""
"2008-05-06 00:00","2008","05","06","00:00"," ","","","","","","","","","","","","","","","","","","",""
"2008-05-06 01:00","2008","05","06","01:00"," ","","","","","","","","","","","","","","","","","","",""
"2008-05-06 02:00","2008","05","06","02:00"," ","","","","","","","","","","","","","","","","","","",""
"2008-05-06 03:00","2008","05","06","03:00"," ","","","","","","","","","","","","","","","","","","",""
"2008-05-06 04:00","2008","05","06","04:00"," ","","","","","","","","","","","","","","","","","","",""
"2008-05-06 05:00","2008","05","06","05:00"," ","","","","","","","","","","","","","","","","","","",""
"2008-05-06 06:00","2008","05","06","06:00"," ","1,50","","0,40","","92,00","","0,00","","0,00","","12,90","","92,22","","","","","","Généralement nuageux"
"2008-05-06 07:00","2008","05","06","07:00"," ","1,80","","1,40","","97,00","","18,00","","6,00","","4,80","","92,22","","","","","","Pluie,Brouillard"
"2008-05-06 08:00","2008","05","06","08:00"," ","2,50","","2,10","","97,00","","18,00","","6,00","","4,80","","92,22","","","","","","Brouillard"
"2008-05-06 09:00","2008","05","06","09:00"," ","4,10","","2,70","","91,00","","17,00","","9,00","","8,00","","92,21","","","","","","Brouillard"
"2008-05-06 10:00","2008","05","06","10:00"," ","5,90","","3,10","","82,00","","17,00","","6,00","","12,90","","92,18","","","","","","Généralement nuageux"
"2008-05-06 11:00","2008","05","06","11:00"," ","5,50","","2,60","","82,00","","36,00","","7,00","","16,10","","92,18","","","","","","Généralement nuageux"
"2008-05-06 12:00","2008","05","06","12:00"," ","4,50","","2,60","","87,00","","20,00","","13,00","","9,70","","92,21","","","","","","Averses de pluie,Brouillard"
"2008-05-06 13:00","2008","05","06","13:00"," ","6,20","","2,50","","77,00","","21,00","","15,00","","12,90","","92,20","","","","","","Nuageux"
"2008-05-06 14:00","2008","05","06","14:00"," ","","","","","","","","","","","","","","","","","","",""
"2008-05-06 15:00","2008","05","06","15:00"," ","","","","","","","","","","","","","","","","","","",""
"2008-05-06 16:00","2008","05","06","16:00"," ","","","","","","","","","","","","","","","","","","",""
"2008-05-06 17:00","2008","05","06","17:00"," ","","","","","","","","","","","","","","","","","","",""
"2008-05-06 18:00","2008","05","06","18:00"," ","","","","","","","","","","","","","","","","","","",""
"2008-05-06 19:00","2008","05","06","19:00"," ","","","","","","","","","","","","","","","","","","",""
"2008-05-06 20:00","2008","05","06","20:00"," ","","","","","","","","","","","","","","","","","","",""
"2008-05-06 21:00","2008","05","06","21:00"," ","","","","","","","","","","","","","","","","","","",""
"2008-05-06 22:00","2008","05","06","22:00"," ","","","","","","","","","","","","","","","","","","",""
"2008-05-06 23:00","2008","05","06","23:00"," ","","","","","","","","","","","","","","","","","","",""
"2008-05-07 00:00","2008","05","07","00:00"," ","","","","","","","","","","","","","","","","","","",""
"2008-05-07 01:00","2008","05","07","01:00"," ","","","","","","","","","","","","","","","","","","",""
"2008-05-07 02:00","2008","05","07","02:00"," ","","","","","","","","","","","","","","","","","","",""
"2008-05-07 03:00","2008","05","07","03:00"," ","","","","","","","","","","","","","","","","","","",""
"2008-05-07 04:00","2008","05","07","04:00"," ","","","","","","","","","","","","","","","","","","",""
"2008-05-07 05:00","2008","05","07","05:00"," ","","","","","","","","","","","","","","","","","","",""
"2008-05-07 06:00","2008","05","07","06:00"," ","-0,50","","-1,80","","91,00","","19,00","","7,00","","9,70","","92,51","","","","-3,00","","Neige"
"2008-05-07 07:00","2008","05","07","07:00"," ","-0,10","","-1,00","","94,00","","17,00","","7,00","","3,20","","92,61","","","","-3,00","","Neige"
"2008-05-07 08:00","2008","05","07","08:00"," ","-0,50","","-1,50","","93,00","","18,00","","9,00","","3,20","","92,62","","","","-4,00","","Neige"
"2008-05-07 09:00","2008","05","07","09:00"," ","0,50","","-0,70","","92,00","","18,00","","7,00","","16,10","","92,62","","","","","","Nuageux"
"2008-05-07 10:00","2008","05","07","10:00"," ","2,40","","1,10","","91,00","","19,00","","9,00","","16,10","","92,60","","","","","","Nuageux"
"2008-05-07 11:00","2008","05","07","11:00"," ","2,60","","0,20","","84,00","","18,00","","6,00","","24,10","","92,61","","","","","","Nuageux"
"2008-05-07 12:00","2008","05","07","12:00"," ","3,80","","-0,20","","75,00","","17,00","","7,00","","24,10","","92,60","","","","","","Nuageux"
"2008-05-07 13:00","2008","05","07","13:00"," ","4,70","","-0,60","","68,00","","12,00","","9,00","","24,10","","92,59","","","","","","Nuageux"
"2008-05-07 14:00","2008","05","07","14:00"," ","","","","","","","","","","","","","","","","","","",""
"2008-05-07 15:00","2008","05","07","15:00"," ","","","","","","","","","","","","","","","","","","",""
"2008-05-07 16:00","2008","05","07","16:00"," ","","","","","","","","","","","","","","","","","","",""
"2008-05-07 17:00","2008","05","07","17:00"," ","","","","","","","","","","","","","","","","","","",""
"2008-05-07 18:00","2008","05","07","18:00"," ","","","","","","","","","","","","","","","","","","",""
"2008-05-07 19:00","2008","05","07","19:00"," ","","","","","","","","","","","","","","","","","","",""
"2008-05-07 20:00","2008","05","07","20:00"," ","","","","","","","","","","","","","","","","","","",""
"2008-05-07 21:00","2008","05","07","21:00"," ","","","","","","","","","","","","","","","","","","",""
"2008-05-07 22:00","2008","05","07","22:00"," ","","","","","","","","","","","","","","","","","","",""
"2008-05-07 23:00","2008","05","07","23:00"," ","","","","","","","","","","","","","","","","","","",""
"2008-05-08 00:00","2008","05","08","00:00"," ","","","","","","","","","","","","","","","","","","",""
"2008-05-08 01:00","2008","05","08","01:00"," ","","","","","","","","","","","","","","","","","","",""
"2008-05-08 02:00","2008","05","08","02:00"," ","","","","","","","","","","","","","","","","","","",""
"2008-05-08 03:00","2008","05","08","03:00"," ","","","","","","","","","","","","","","","","","","",""
"2008-05-08 04:00","2008","05","08","04:00"," ","","","","","","","","","","","","","","","","","","",""
"2008-05-08 05:00","2008","05","08","05:00"," ","","","","","","","","","","","","","","","","","","",""
"2008-05-08 06:00","2008","05","08","06:00"," ","0,40","","-0,50","","94,00","","19,00","","6,00","","24,10","","92,63","","","","","","Généralement nuageux"
"2008-05-08 07:00","2008","05","08","07:00"," ","2,50","","-0,70","","79,00","","25,00","","7,00","","24,10","","92,59","","","","","","Généralement dégagé"
"2008-05-08 08:00","2008","05","08","08:00"," ","5,10","","0,30","","71,00","","28,00","","7,00","","24,10","","92,54","","","","","","Généralement dégagé"
"2008-05-08 09:00","2008","05","08","09:00"," ","6,80","","1,20","","67,00","","20,00","","9,00","","24,10","","92,49","","","","","","Généralement dégagé"
"2008-05-08 10:00","2008","05","08","10:00"," ","7,60","","0,20","","59,00","","20,00","","7,00","","24,10","","92,45","","","","","","Généralement dégagé"
"2008-05-08 11:00","2008","05","08","11:00"," ","9,00","","0,50","","55,00","","20,00","","11,00","","24,10","","92,41","","","","","","Généralement nuageux"
"2008-05-08 12:00","2008","05","08","12:00"," ","9,60","","0,50","","53,00","","21,00","","11,00","","24,10","","92,37","","","","","","Généralement nuageux"
"2008-05-08 13:00","2008","05","08","13:00"," ","10,20","","0,80","","52,00","","21,00","","6,00","","24,10","","92,35","","","","","","Généralement nuageux"
"2008-05-08 14:00","2008","05","08","14:00"," ","","","","","","","","","","","","","","","","","","",""
"2008-05-08 15:00","2008","05","08","15:00"," ","","","","","","","","","","","","","","","","","","",""
"2008-05-08 16:00","2008","05","08","16:00"," ","","","","","","","","","","","","","","","","","","",""
"2008-05-08 17:00","2008","05","08","17:00"," ","","","","","","","","","","","","","","","","","","",""
"2008-05-08 18:00","2008","05","08","18:00"," ","","","","","","","","","","","","","","","","","","",""
"2008-05-08 19:00","2008","05","08","19:00"," ","","","","","","","","","","","","","","","","","","",""
"2008-05-08 20:00","2008","05","08","20:00"," ","","","","","","","","","","","","","","","","","","",""
"2008-05-08 21:00","2008","05","08","21:00"," ","","","","","","","","","","","","","","","","","","",""
"2008-05-08 22:00","2008","05","08","22:00"," ","","","","","","","","","","","","","","","","","","",""
"2008-05-08 23:00","2008","05","08","23:00"," ","","","","","","","","","","","","","","","","","","",""
"2008-05-09 00:00","2008","05","09","00:00"," ","","","","","","","","","","","","","","","","","","",""
"2008-05-09 01:00","2008","05","09","01:00"," ","","","","","","","","","","","","","","","","","","",""
"2008-05-09 02:00","2008","05","09","02:00"," ","","","","","","","","","","","","","","","","","","",""
"2008-05-09 03:00","2008","05","09","03:00"," ","","","","","","","","","","","","","","","","","","",""
"2008-05-09 04:00","2008","05","09","04:00"," ","","","","","","","","","","","","","","","","","","",""
"2008-05-09 05:00","2008","05","09","05:00"," ","","","","","","","","","","","","","","","","","","",""
"2008-05-09 06:00","2008","05","09","06:00"," ","-1,80","","-3,30","","89,00","","0,00","","0,00","","24,10","","92,19","","","","","","Dégagé"
"2008-05-09 07:00","2008","05","09","07:00"," ","0,70","","-2,80","","77,00","","0,00","","0,00","","24,10","","92,16","","","","","","Dégagé"
"2008-05-09 08:00","2008","05","09","08:00"," ","4,00","","-1,70","","66,00","","3,00","","6,00","","24,10","","92,10","","","","","","Dégagé"
"2008-05-09 09:00","2008","05","09","09:00"," ","6,50","","-0,70","","60,00","","6,00","","7,00","","24,10","","92,02","","","","","","Dégagé"
"2008-05-09 10:00","2008","05","09","10:00"," ","10,60","","-1,70","","42,00","","18,00","","9,00","","24,10","","91,95","","","","","","Généralement dégagé"
"2008-05-09 11:00","2008","05","09","11:00"," ","11,40","","-0,80","","43,00","","20,00","","19,00","","24,10","","91,93","","","","","","Généralement dégagé"
"2008-05-09 12:00","2008","05","09","12:00"," ","13,90","","0,20","","39,00","","18,00","","15,00","","24,10","","91,87","","","","","","Généralement dégagé"
"2008-05-09 13:00","2008","05","09","13:00"," ","14,50","","-0,30","","36,00","","21,00","","17,00","","24,10","","91,80","","","","","","Généralement nuageux"
"2008-05-09 14:00","2008","05","09","14:00"," ","","","","","","","","","","","","","","","","","","",""
"2008-05-09 15:00","2008","05","09","15:00"," ","","","","","","","","","","","","","","","","","","",""
"2008-05-09 16:00","2008","05","09","16:00"," ","","","","","","","","","","","","","","","","","","",""
"2008-05-09 17:00","2008","05","09","17:00"," ","","","","","","","","","","","","","","","","","","",""
"2008-05-09 18:00","2008","05","09","18:00"," ","","","","","","","","","","","","","","","","","","",""
"2008-05-09 19:00","2008","05","09","19:00"," ","","","","","","","","","","","","","","","","","","",""
"2008-05-09 20:00","2008","05","09","20:00"," ","","","","","","","","","","","","","","","","","","",""
"2008-05-09 21:00","2008","05","09","21:00"," ","","","","","","","","","","","","","","","","","","",""
"2008-05-09 22:00","2008","05","09","22:00"," ","","","","","","","","","","","","","","","","","","",""
"2008-05-09 23:00","2008","05","09","23:00"," ","","","","","","","","","","","","","","","","","","",""
"2008-05-10 00:00","2008","05","10","00:00"," ","","","","","","","","","","","","","","","","","","",""
"2008-05-10 01:00","2008","05","10","01:00"," ","","","","","","","","","","","","","","","","","","",""
"2008-05-10 02:00","2008","05","10","02:00"," ","","","","","","","","","","","","","","","","","","",""
"2008-05-10 03:00","2008","05","10","03:00"," ","","","","","","","","","","","","","","","","","","",""
"2008-05-10 04:00","2008","05","10","04:00"," ","","","","","","","","","","","","","","","","","","",""
"2008-05-10 05:00","2008","05","10","05:00"," ","","","","","","","","","","","","","","","","","","",""
"2008-05-10 06:00","2008","05","10","06:00"," ","","","","","","","","","","","","","","","","","","",""
"2008-05-10 07:00","2008","05","10","07:00"," ","","","","","","","","","","","","","","","","","","",""
"2008-05-10 08:00","2008","05","10","08:00"," ","","","","","","","","","","","","","","","","","","",""
"2008-05-10 09:00","2008","05","10","09:00"," ","","","","","","","","","","","","","","","","","","",""
"2008-05-10 10:00","2008","05","10","10:00"," ","","","","","","","","","","","","","","","","","","",""
"2008-05-10 11:00","2008","05","10","11:00"," ","","","","","","","","","","","","","","","","","","",""
"2008-05-10 12:00","2008","05","10","12:00"," ","","","","","","","","","","","","","","","","","","",""
"2008-05-10 13:00","2008","05","10","13:00"," ","","","","","","","","","","","","","","","","","","",""
"2008-05-10 14:00","2008","05","10","14:00"," ","","","","","","","","","","","","","","","","","","",""
"2008-05-10 15:00","2008","05","10","15:00"," ","","","","","","","","","","","","","","","","","","",""
"2008-05-10 16:00","2008","05","10","16:00"," ","","","","","","","","","","","","","","","","","","",""
"2008-05-10 17:00","2008","05","10","17:00"," ","","","","","","","","","","","","","","","","","","",""
"2008-05-10 18:00","2008","05","10","18:00"," ","","","","","","","","","","","","","","","","","","",""
"2008-05-10 19:00","2008","05","10","19:00"," ","","","","","","","","","","","","","","","","","","",""
"2008-05-10 20:00","2008","05","10","20:00"," ","","","","","","","","","","","","","","","","","","",""
"2008-05-10 21:00","2008","05","10","21:00"," ","","","","","","","","","","","","","","","","","","",""
"2008-05-10 22:00","2008","05","10","22:00"," ","","","","","","","","","","","","","","","","","","",""
"2008-05-10 23:00","2008","05","10","23:00"," ","","","","","","","","","","","","","","","","","","",""
"2008-05-11 00:00","2008","05","11","00:00"," ","","","","","","","","","","","","","","","","","","",""
"2008-05-11 01:00","2008","05","11","01:00"," ","","","","","","","","","","","","","","","","","","",""
"2008-05-11 02:00","2008","05","11","02:00"," ","","","","","","","","","","","","","","","","","","",""
"2008-05-11 03:00","2008","05","11","03:00"," ","","","","","","","","","","","","","","","","","","",""
"2008-05-11 04:00","2008","05","11","04:00"," ","","","","","","","","","","","","","","","","","","",""
"2008-05-11 05:00","2008","05","11","05:00"," ","","","","","","","","","","","","","","","","","","",""
"2008-05-11 06:00","2008","05","11","06:00"," ","","","","","","","","","","","","","","","","","","",""
"2008-05-11 07:00","2008","05","11","07:00"," ","","","","","","","","","","","","","","","","","","",""
"2008-05-11 08:00","2008","05","11","08:00"," ","","","","","","","","","","","","","","","","","","",""
"2008-05-11 09:00","2008","05","11","09:00"," ","","","","","","","","","","","","","","","","","","",""
"2008-05-11 10:00","2008","05","11","10:00"," ","","","","","","","","","","","","","","","","","","",""
"2008-05-11 11:00","2008","05","11","11:00"," ","","","","","","","","","","","","","","","","","","",""
"2008-05-11 12:00","2008","05","11","12:00"," ","","","","","","","","","","","","","","","","","","",""
"2008-05-11 13:00","2008","05","11","13:00"," ","","","","","","","","","","","","","","","","","","",""
"2008-05-11 14:00","2008","05","11","14:00"," ","","","","","","","","","","","","","","","","","","",""
"2008-05-11 15:00","2008","05","11","15:00"," ","","","","","","","","","","","","","","","","","","",""
"2008-05-11 16:00","2008","05","11","16:00"," ","","","","","","","","","","","","","","","","","","",""
"2008-05-11 17:00","2008","05","11","17:00"," ","","","","","","","","","","","","","","","","","","",""
"2008-05-11 18:00","2008","05","11","18:00"," ","","","","","","","","","","","","","","","","","","",""
"2008-05-11 19:00","2008","05","11","19:00"," ","","","","","","","","","","","","","","","","","","",""
"2008-05-11 20:00","2008","05","11","20:00"," ","","","","","","","","","","","","","","","","","","",""
"2008-05-11 21:00","2008","05","11","21:00"," ","","","","","","","","","","","","","","","","","","",""
"2008-05-11 22:00","2008","05","11","22:00"," ","","","","","","","","","","","","","","","","","","",""
"2008-05-11 23:00","2008","05","11","23:00"," ","","","","","","","","","","","","","","","","","","",""
"2008-05-12 00:00","2008","05","12","00:00"," ","","","","","","","","","","","","","","","","","","",""
"2008-05-12 01:00","2008","05","12","01:00"," ","","","","","","","","","","","","","","","","","","",""
"2008-05-12 02:00","2008","05","12","02:00"," ","","","","","","","","","","","","","","","","","","",""
"2008-05-12 03:00","2008","05","12","03:00"," ","","","","","","","","","","","","","","","","","","",""
"2008-05-12 04:00","2008","05","12","04:00"," ","","","","","","","","","","","","","","","","","","",""
"2008-05-12 05:00","2008","05","12","05:00"," ","","","","","","","","","","","","","","","","","","",""
"2008-05-12 06:00","2008","05","12","06:00"," ","-1,30","","-3,20","","87,00","","4,00","","7,00","","24,10","","91,91","","","","-4,00","","Généralement dégagé"
"2008-05-12 07:00","2008","05","12","07:00"," ","1,40","","-0,90","","85,00","","2,00","","7,00","","24,10","","91,82","","","","","","Généralement nuageux"
"2008-05-12 08:00","2008","05","12","08:00"," ","6,00","","-1,10","","60,00","","18,00","","19,00","","24,10","","91,73","","","","","","Nuageux"
"2008-05-12 09:00","2008","05","12","09:00"," ","7,60","","-0,90","","55,00","","17,00","","17,00","","24,10","","91,66","","","","","","Nuageux"
"2008-05-12 10:00","2008","05","12","10:00"," ","7,30","","-0,20","","59,00","","21,00","","19,00","","24,10","","91,60","","","","","","Nuageux"
"2008-05-12 11:00","2008","05","12","11:00"," ","8,20","","-0,90","","53,00","","18,00","","17,00","","24,10","","91,60","","","","","","Nuageux"
"2008-05-12 12:00","2008","05","12","12:00"," ","9,00","","-0,90","","50,00","","18,00","","19,00","","24,10","","91,52","","","","","","Nuageux"
"2008-05-12 13:00","2008","05","12","13:00"," ","9,00","","-0,60","","51,00","","18,00","","19,00","","24,10","","91,48","","","","","","Nuageux"
"2008-05-12 14:00","2008","05","12","14:00"," ","","","","","","","","","","","","","","","","","","",""
"2008-05-12 15:00","2008","05","12","15:00"," ","","","","","","","","","","","","","","","","","","",""
"2008-05-12 16:00","2008","05","12","16:00"," ","","","","","","","","","","","","","","","","","","",""
"2008-05-12 17:00","2008","05","12","17:00"," ","","","","","","","","","","","","","","","","","","",""
"2008-05-12 18:00","2008","05","12","18:00"," ","","","","","","","","","","","","","","","","","","",""
"2008-05-12 19:00","2008","05","12","19:00"," ","","","","","","","","","","","","","","","","","","",""
"2008-05-12 20:00","2008","05","12","20:00"," ","","","","","","","","","","","","","","","","","","",""
"2008-05-12 21:00","2008","05","12","21:00"," ","","","","","","","","","","","","","","","","","","",""
"2008-05-12 22:00","2008","05","12","22:00"," ","","","","","","","","","","","","","","","","","","",""
"2008-05-12 23:00","2008","05","12","23:00"," ","","","","","","","","","","","","","","","","","","",""
"2008-05-13 00:00","2008","05","13","00:00"," ","","","","","","","","","","","","","","","","","","",""
"2008-05-13 01:00","2008","05","13","01:00"," ","","","","","","","","","","","","","","","","","","",""
"2008-05-13 02:00","2008","05","13","02:00"," ","","","","","","","","","","","","","","","","","","",""
"2008-05-13 03:00","2008","05","13","03:00"," ","","","","","","","","","","","","","","","","","","",""
"2008-05-13 04:00","2008","05","13","04:00"," ","","","","","","","","","","","","","","","","","","",""
"2008-05-13 05:00","2008","05","13","05:00"," ","","","","","","","","","","","","","","","","","","",""
"2008-05-13 06:00","2008","05","13","06:00"," ","1,00","","0,30","","95,00","","17,00","","6,00","","24,10","","91,40","","","","","","Généralement dégagé"
"2008-05-13 07:00","2008","05","13","07:00"," ","2,60","","1,30","","91,00","","18,00","","7,00","","24,10","","91,38","","","","","","Généralement dégagé"
"2008-05-13 08:00","2008","05","13","08:00"," ","4,00","","0,80","","80,00","","23,00","","7,00","","24,10","","91,39","","","","","","Généralement dégagé"
"2008-05-13 09:00","2008","05","13","09:00"," ","6,00","","2,10","","76,00","","9,00","","9,00","","24,10","","91,38","","","","","","Généralement nuageux"
"2008-05-13 10:00","2008","05","13","10:00"," ","8,60","","3,30","","69,00","","18,00","","7,00","","24,10","","91,35","","","","","","Généralement nuageux"
"2008-05-13 11:00","2008","05","13","11:00"," ","8,00","","0,90","","61,00","","22,00","","19,00","","24,10","","91,34","","","","","","Généralement nuageux"
"2008-05-13 12:00","2008","05","13","12:00"," ","7,60","","-0,30","","57,00","","24,00","","20,00","","24,10","","91,31","","","","","","Généralement dégagé"
"2008-05-13 13:00","2008","05","13","13:00"," ","8,30","","0,10","","56,00","","24,00","","22,00","","24,10","","91,31","","","","","","Généralement nuageux"
"2008-05-13 14:00","2008","05","13","14:00"," ","","","","","","","","","","","","","","","","","","",""
"2008-05-13 15:00","2008","05","13","15:00"," ","","","","","","","","","","","","","","","","","","",""
"2008-05-13 16:00","2008","05","13","16:00"," ","","","","","","","","","","","","","","","","","","",""
"2008-05-13 17:00","2008","05","13","17:00"," ","","","","","","","","","","","","","","","","","","",""
"2008-05-13 18:00","2008","05","13","18:00"," ","","","","","","","","","","","","","","","","","","",""
"2008-05-13 19:00","2008","05","13","19:00"," ","","","","","","","","","","","","","","","","","","",""
"2008-05-13 20:00","2008","05","13","20:00"," ","","","","","","","","","","","","","","","","","","",""
"2008-05-13 21:00","2008","05","13","21:00"," ","","","","","","","","","","","","","","","","","","",""
"2008-05-13 22:00","2008","05","13","22:00"," ","","","","","","","","","","","","","","","","","","",""
"2008-05-13 23:00","2008","05","13","23:00"," ","","","","","","","","","","","","","","","","","","",""
"2008-05-14 00:00","2008","05","14","00:00"," ","","","","","","","","","","","","","","","","","","",""
"2008-05-14 01:00","2008","05","14","01:00"," ","","","","","","","","","","","","","","","","","","",""
"2008-05-14 02:00","2008","05","14","02:00"," ","","","","","","","","","","","","","","","","","","",""
"2008-05-14 03:00","2008","05","14","03:00"," ","","","","","","","","","","","","","","","","","","",""
"2008-05-14 04:00","2008","05","14","04:00"," ","","","","","","","","","","","","","","","","","","",""
"2008-05-14 05:00","2008","05","14","05:00"," ","","","","","","","","","","","","","","","","","","",""
"2008-05-14 06:00","2008","05","14","06:00"," ","-1,20","","-3,10","","87,00","","2,00","","9,00","","24,10","","91,77","","","","-4,00","","Nuageux"
"2008-05-14 07:00","2008","05","14","07:00"," ","0,30","","-1,80","","86,00","","3,00","","9,00","","24,10","","91,71","","","","","","Nuageux"
"2008-05-14 08:00","2008","05","14","08:00"," ","1,70","","-1,80","","78,00","","3,00","","7,00","","24,10","","91,72","","","","","","Nuageux"
"2008-05-14 09:00","2008","05","14","09:00"," ","4,60","","0,20","","73,00","","18,00","","17,00","","16,10","","91,72","","","","","","Pluie"
"2008-05-14 10:00","2008","05","14","10:00"," ","4,30","","0,60","","77,00","","17,00","","7,00","","16,10","","91,62","","","","","","Nuageux"
"2008-05-14 11:00","2008","05","14","11:00"," ","3,50","","1,40","","86,00","","3,00","","9,00","","16,10","","91,56","","","","","","Nuageux"
"2008-05-14 12:00","2008","05","14","12:00"," ","4,70","","2,20","","84,00","","33,00","","6,00","","24,10","","91,54","","","","","","Nuageux"
"2008-05-14 13:00","2008","05","14","13:00"," ","8,20","","2,60","","68,00","","18,00","","9,00","","24,10","","91,53","","","","","","Nuageux"
"2008-05-14 14:00","2008","05","14","14:00"," ","","","","","","","","","","","","","","","","","","",""
"2008-05-14 15:00","2008","05","14","15:00"," ","","","","","","","","","","","","","","","","","","",""
"2008-05-14 16:00","2008","05","14","16:00"," ","","","","","","","","","","","","","","","","","","",""
"2008-05-14 17:00","2008","05","14","17:00"," ","","","","","","","","","","","","","","","","","","",""
"2008-05-14 18:00","2008","05","14","18:00"," ","","","","","","","","","","","","","","","","","","",""
"2008-05-14 19:00","2008","05","14","19:00"," ","","","","","","","","","","","","","","","","","","",""
"2008-05-14 20:00","2008","05","14","20:00"," ","","","","","","","","","","","","","","","","","","",""
"2008-05-14 21:00","2008","05","14","21:00"," ","","","","","","","","","","","","","","","","","","",""
"2008-05-14 22:00","2008","05","14","22:00"," ","","","","","","","","","","","","","","","","","","",""
"2008-05-14 23:00","2008","05","14","23:00"," ","","","","","","","","","","","","","","","","","","",""
"2008-05-15 00:00","2008","05","15","00:00"," ","","","","","","","","","","","","","","","","","","",""
"2008-05-15 01:00","2008","05","15","01:00"," ","","","","","","","","","","","","","","","","","","",""
"2008-05-15 02:00","2008","05","15","02:00"," ","","","","","","","","","","","","","","","","","","",""
"2008-05-15 03:00","2008","05","15","03:00"," ","","","","","","","","","","","","","","","","","","",""
"2008-05-15 04:00","2008","05","15","04:00"," ","","","","","","","","","","","","","","","","","","",""
"2008-05-15 05:00","2008","05","15","05:00"," ","","","","","","","","","","","","","","","","","","",""
"2008-05-15 06:00","2008","05","15","06:00"," ","1,90","","-0,10","","87,00","","20,00","","9,00","","24,10","","92,64","","","","","","Généralement dégagé"
"2008-05-15 07:00","2008","05","15","07:00"," ","3,70","","2,20","","90,00","","22,00","","7,00","","24,10","","92,73","","","","","","Généralement dégagé"
"2008-05-15 08:00","2008","05","15","08:00"," ","5,50","","3,10","","85,00","","26,00","","11,00","","24,10","","92,75","","","","","","Généralement dégagé"
"2008-05-15 09:00","2008","05","15","09:00"," ","7,30","","3,10","","75,00","","19,00","","9,00","","24,10","","92,77","","","","","","Généralement dégagé"
"2008-05-15 10:00","2008","05","15","10:00"," ","8,60","","1,40","","61,00","","25,00","","15,00","","24,10","","92,80","","","","","","Généralement dégagé"
"2008-05-15 11:00","2008","05","15","11:00"," ","10,10","","0,90","","53,00","","24,00","","24,00","","24,10","","92,87","","","","","","Généralement nuageux"
"2008-05-15 12:00","2008","05","15","12:00"," ","10,20","","0,20","","50,00","","24,00","","24,00","","24,10","","92,90","","","","","","Généralement nuageux"
"2008-05-15 13:00","2008","05","15","13:00"," ","11,50","","0,50","","47,00","","23,00","","28,00","","24,10","","92,94","","","","","","Généralement dégagé"
"2008-05-15 14:00","2008","05","15","14:00"," ","","","","","","","","","","","","","","","","","","",""
"2008-05-15 15:00","2008","05","15","15:00"," ","","","","","","","","","","","","","","","","","","",""
"2008-05-15 16:00","2008","05","15","16:00"," ","","","","","","","","","","","","","","","","","","",""
"2008-05-15 17:00","2008","05","15","17:00"," ","","","","","","","","","","","","","","","","","","",""
"2008-05-15 18:00","2008","05","15","18:00"," ","","","","","","","","","","","","","","","","","","",""
"2008-05-15 19:00","2008","05","15","19:00"," ","","","","","","","","","","","","","","","","","","",""
"2008-05-15 20:00","2008","05","15","20:00"," ","","","","","","","","","","","","","","","","","","",""
"2008-05-15 21:00","2008","05","15","21:00"," ","","","","","","","","","","","","","","","","","","",""
"2008-05-15 22:00","2008","05","15","22:00"," ","","","","","","","","","","","","","","","","","","",""
"2008-05-15 23:00","2008","05","15","23:00"," ","","","","","","","","","","","","","","","","","","",""
"2008-05-16 00:00","2008","05","16","00:00"," ","","","","","","","","","","","","","","","","","","",""
"2008-05-16 01:00","2008","05","16","01:00"," ","","","","","","","","","","","","","","","","","","",""
"2008-05-16 02:00","2008","05","16","02:00"," ","","","","","","","","","","","","","","","","","","",""
"2008-05-16 03:00","2008","05","16","03:00"," ","","","","","","","","","","","","","","","","","","",""
"2008-05-16 04:00","2008","05","16","04:00"," ","","","","","","","","","","","","","","","","","","",""
"2008-05-16 05:00","2008","05","16","05:00"," ","","","","","","","","","","","","","","","","","","",""
"2008-05-16 06:00","2008","05","16","06:00"," ","3,90","","2,40","","90,00","","0,00","","0,00","","24,10","","92,93","","","","","","Nuageux"
"2008-05-16 07:00","2008","05","16","07:00"," ","4,40","","1,40","","81,00","","4,00","","6,00","","24,10","","92,92","","","","","","Nuageux"
"2008-05-16 08:00","2008","05","16","08:00"," ","4,50","","1,50","","81,00","","1,00","","6,00","","24,10","","92,90","","","","","","Nuageux"
"2008-05-16 09:00","2008","05","16","09:00"," ","6,00","","2,10","","76,00","","35,00","","9,00","","24,10","","92,85","","","","","","Nuageux"
"2008-05-16 10:00","2008","05","16","10:00"," ","7,60","","2,30","","69,00","","2,00","","9,00","","24,10","","92,82","","","","","","Nuageux"
"2008-05-16 11:00","2008","05","16","11:00"," ","7,60","","2,60","","71,00","","3,00","","9,00","","24,10","","92,82","","","","","","Généralement nuageux"
"2008-05-16 12:00","2008","05","16","12:00"," ","9,60","","3,80","","67,00","","36,00","","11,00","","24,10","","92,74","","","","","","Généralement nuageux"
"2008-05-16 13:00","2008","05","16","13:00"," ","11,70","","2,80","","54,00","","36,00","","7,00","","24,10","","92,69","","","","","","Généralement nuageux"
"2008-05-16 14:00","2008","05","16","14:00"," ","","","","","","","","","","","","","","","","","","",""
"2008-05-16 15:00","2008","05","16","15:00"," ","","","","","","","","","","","","","","","","","","",""
"2008-05-16 16:00","2008","05","16","16:00"," ","","","","","","","","","","","","","","","","","","",""
"2008-05-16 17:00","2008","05","16","17:00"," ","","","","","","","","","","","","","","","","","","",""
"2008-05-16 18:00","2008","05","16","18:00"," ","","","","","","","","","","","","","","","","","","",""
"2008-05-16 19:00","2008","05","16","19:00"," ","","","","","","","","","","","","","","","","","","",""
"2008-05-16 20:00","2008","05","16","20:00"," ","","","","","","","","","","","","","","","","","","",""
"2008-05-16 21:00","2008","05","16","21:00"," ","","","","","","","","","","","","","","","","","","",""
"2008-05-16 22:00","2008","05","16","22:00"," ","","","","","","","","","","","","","","","","","","",""
"2008-05-16 23:00","2008","05","16","23:00"," ","","","","","","","","","","","","","","","","","","",""
"2008-05-17 00:00","2008","05","17","00:00"," ","","","","","","","","","","","","","","","","","","",""
"2008-05-17 01:00","2008","05","17","01:00"," ","","","","","","","","","","","","","","","","","","",""
"2008-05-17 02:00","2008","05","17","02:00"," ","","","","","","","","","","","","","","","","","","",""
"2008-05-17 03:00","2008","05","17","03:00"," ","","","","","","","","","","","","","","","","","","",""
"2008-05-17 04:00","2008","05","17","04:00"," ","","","","","","","","","","","","","","","","","","",""
"2008-05-17 05:00","2008","05","17","05:00"," ","","","","","","","","","","","","","","","","","","",""
"2008-05-17 06:00","2008","05","17","06:00"," ","","","","","","","","","","","","","","","","","","",""
"2008-05-17 07:00","2008","05","17","07:00"," ","","","","","","","","","","","","","","","","","","",""
"2008-05-17 08:00","2008","05","17","08:00"," ","","","","","","","","","","","","","","","","","","",""
"2008-05-17 09:00","2008","05","17","09:00"," ","","","","","","","","","","","","","","","","","","",""
"2008-05-17 10:00","2008","05","17","10:00"," ","","","","","","","","","","","","","","","","","","",""
"2008-05-17 11:00","2008","05","17","11:00"," ","","","","","","","","","","","","","","","","","","",""
"2008-05-17 12:00","2008","05","17","12:00"," ","","","","","","","","","","","","","","","","","","",""
"2008-05-17 13:00","2008","05","17","13:00"," ","","","","","","","","","","","","","","","","","","",""
"2008-05-17 14:00","2008","05","17","14:00"," ","","","","","","","","","","","","","","","","","","",""
"2008-05-17 15:00","2008","05","17","15:00"," ","","","","","","","","","","","","","","","","","","",""
"2008-05-17 16:00","2008","05","17","16:00"," ","","","","","","","","","","","","","","","","","","",""
"2008-05-17 17:00","2008","05","17","17:00"," ","","","","","","","","","","","","","","","","","","",""
"2008-05-17 18:00","2008","05","17","18:00"," ","","","","","","","","","","","","","","","","","","",""
"2008-05-17 19:00","2008","05","17","19:00"," ","","","","","","","","","","","","","","","","","","",""
"2008-05-17 20:00","2008","05","17","20:00"," ","","","","","","","","","","","","","","","","","","",""
"2008-05-17 21:00","2008","05","17","21:00"," ","","","","","","","","","","","","","","","","","","",""
"2008-05-17 22:00","2008","05","17","22:00"," ","","","","","","","","","","","","","","","","","","",""
"2008-05-17 23:00","2008","05","17","23:00"," ","","","","","","","","","","","","","","","","","","",""
"2008-05-18 00:00","2008","05","18","00:00"," ","","","","","","","","","","","","","","","","","","",""
"2008-05-18 01:00","2008","05","18","01:00"," ","","","","","","","","","","","","","","","","","","",""
"2008-05-18 02:00","2008","05","18","02:00"," ","","","","","","","","","","","","","","","","","","",""
"2008-05-18 03:00","2008","05","18","03:00"," ","","","","","","","","","","","","","","","","","","",""
"2008-05-18 04:00","2008","05","18","04:00"," ","","","","","","","","","","","","","","","","","","",""
"2008-05-18 05:00","2008","05","18","05:00"," ","","","","","","","","","","","","","","","","","","",""
"2008-05-18 06:00","2008","05","18","06:00"," ","","","","","","","","","","","","","","","","","","",""
"2008-05-18 07:00","2008","05","18","07:00"," ","","","","","","","","","","","","","","","","","","",""
"2008-05-18 08:00","2008","05","18","08:00"," ","","","","","","","","","","","","","","","","","","",""
"2008-05-18 09:00","2008","05","18","09:00"," ","","","","","","","","","","","","","","","","","","",""
"2008-05-18 10:00","2008","05","18","10:00"," ","","","","","","","","","","","","","","","","","","",""
"2008-05-18 11:00","2008","05","18","11:00"," ","","","","","","","","","","","","","","","","","","",""
"2008-05-18 12:00","2008","05","18","12:00"," ","","","","","","","","","","","","","","","","","","",""
"2008-05-18 13:00","2008","05","18","13:00"," ","","","","","","","","","","","","","","","","","","",""
"2008-05-18 14:00","2008","05","18","14:00"," ","","","","","","","","","","","","","","","","","","",""
"2008-05-18 15:00","2008","05","18","15:00"," ","","","","","","","","","","","","","","","","","","",""
"2008-05-18 16:00","2008","05","18","16:00"," ","","","","","","","","","","","","","","","","","","",""
"2008-05-18 17:00","2008","05","18","17:00"," ","","","","","","","","","","","","","","","","","","",""
"2008-05-18 18:00","2008","05","18","18:00"," ","","","","","","","","","","","","","","","","","","",""
"2008-05-18 19:00","2008","05","18","19:00"," ","","","","","","","","","","","","","","","","","","",""
"2008-05-18 20:00","2008","05","18","20:00"," ","","","","","","","","","","","","","","","","","","",""
"2008-05-18 21:00","2008","05","18","21:00"," ","","","","","","","","","","","","","","","","","","",""
"2008-05-18 22:00","2008","05","18","22:00"," ","","","","","","","","","","","","","","","","","","",""
"2008-05-18 23:00","2008","05","18","23:00"," ","","","","","","","","","","","","","","","","","","",""
"2008-05-19 00:00","2008","05","19","00:00"," ","","","","","","","","","","","","","","","","","","",""
"2008-05-19 01:00","2008","05","19","01:00"," ","","","","","","","","","","","","","","","","","","",""
"2008-05-19 02:00","2008","05","19","02:00"," ","","","","","","","","","","","","","","","","","","",""
"2008-05-19 03:00","2008","05","19","03:00"," ","","","","","","","","","","","","","","","","","","",""
"2008-05-19 04:00","2008","05","19","04:00"," ","","","","","","","","","","","","","","","","","","",""
"2008-05-19 05:00","2008","05","19","05:00"," ","","","","","","","","","","","","","","","","","","",""
"2008-05-19 06:00","2008","05","19","06:00"," ","-1,00","","-2,30","","91,00","","4,00","","9,00","","24,10","","91,97","","","","-4,00","","Généralement dégagé"
"2008-05-19 07:00","2008","05","19","07:00"," ","1,30","","-1,80","","80,00","","4,00","","9,00","","24,10","","91,91","","","","","","Généralement dégagé"
"2008-05-19 08:00","2008","05","19","08:00"," ","3,00","","-1,10","","74,00","","5,00","","6,00","","24,10","","91,84","","","","","","Généralement dégagé"
"2008-05-19 09:00","2008","05","19","09:00"," ","6,00","","0,20","","66,00","","1,00","","9,00","","24,10","","91,76","","","","","","Généralement dégagé"
"2008-05-19 10:00","2008","05","19","10:00"," ","9,80","","-0,30","","49,00","","3,00","","11,00","","24,10","","91,64","","","","","","Généralement nuageux"
"2008-05-19 11:00","2008","05","19","11:00"," ","14,50","","0,80","","39,00","","0,00","","0,00","","24,10","","91,55","","","","","","Généralement nuageux"
"2008-05-19 12:00","2008","05","19","12:00"," ","15,70","","0,20","","35,00","","16,00","","15,00","","24,10","","91,49","","","","","","Généralement nuageux"
"2008-05-19 13:00","2008","05","19","13:00"," ","14,80","","-1,60","","32,00","","0,00","","0,00","","24,10","","91,41","","","","","","Nuageux"
"2008-05-19 14:00","2008","05","19","14:00"," ","","","","","","","","","","","","","","","","","","",""
"2008-05-19 15:00","2008","05","19","15:00"," ","","","","","","","","","","","","","","","","","","",""
"2008-05-19 16:00","2008","05","19","16:00"," ","","","","","","","","","","","","","","","","","","",""
"2008-05-19 17:00","2008","05","19","17:00"," ","","","","","","","","","","","","","","","","","","",""
"2008-05-19 18:00","2008","05","19","18:00"," ","","","","","","","","","","","","","","","","","","",""
"2008-05-19 19:00","2008","05","19","19:00"," ","","","","","","","","","","","","","","","","","","",""
"2008-05-19 20:00","2008","05","19","20:00"," ","","","","","","","","","","","","","","","","","","",""
"2008-05-19 21:00","2008","05","19","21:00"," ","","","","","","","","","","","","","","","","","","",""
"2008-05-19 22:00","2008","05","19","22:00"," ","","","","","","","","","","","","","","","","","","",""
"2008-05-19 23:00","2008","05","19","23:00"," ","","","","","","","","","","","","","","","","","","",""
"2008-05-20 00:00","2008","05","20","00:00"," ","","","","","","","","","","","","","","","","","","",""
"2008-05-20 01:00","2008","05","20","01:00"," ","","","","","","","","","","","","","","","","","","",""
"2008-05-20 02:00","2008","05","20","02:00"," ","","","","","","","","","","","","","","","","","","",""
"2008-05-20 03:00","2008","05","20","03:00"," ","","","","","","","","","","","","","","","","","","",""
"2008-05-20 04:00","2008","05","20","04:00"," ","","","","","","","","","","","","","","","","","","",""
"2008-05-20 05:00","2008","05","20","05:00"," ","","","","","","","","","","","","","","","","","","",""
"2008-05-20 06:00","2008","05","20","06:00"," ","5,30","","4,50","","95,00","","0,00","","0,00","","16,10","","91,29","","","","","","Pluie"
"2008-05-20 07:00","2008","05","20","07:00"," ","5,60","","4,00","","89,00","","36,00","","7,00","","9,70","","91,32","","","","","","Pluie,Brouillard"
"2008-05-20 08:00","2008","05","20","08:00"," ","5,50","","4,10","","91,00","","35,00","","7,00","","9,70","","91,35","","","","","","Pluie,Brouillard"
"2008-05-20 09:00","2008","05","20","09:00"," ","6,30","","5,00","","91,00","","35,00","","15,00","","9,70","","91,36","","","","","","Pluie,Brouillard"
"2008-05-20 10:00","2008","05","20","10:00"," ","6,40","","3,80","","83,00","","36,00","","9,00","","12,90","","91,37","","","","","","Pluie"
"2008-05-20 11:00","2008","05","20","11:00"," ","7,00","","4,30","","83,00","","35,00","","13,00","","16,10","","91,40","","","","","","Pluie"
"2008-05-20 12:00","2008","05","20","12:00"," ","7,30","","4,80","","84,00","","36,00","","11,00","","16,10","","91,43","","","","","","Pluie"
"2008-05-20 13:00","2008","05","20","13:00"," ","9,10","","4,90","","75,00","","36,00","","11,00","","24,10","","91,44","","","","","","Généralement nuageux"
"2008-05-20 14:00","2008","05","20","14:00"," ","","","","","","","","","","","","","","","","","","",""
"2008-05-20 15:00","2008","05","20","15:00"," ","","","","","","","","","","","","","","","","","","",""
"2008-05-20 16:00","2008","05","20","16:00"," ","","","","","","","","","","","","","","","","","","",""
"2008-05-20 17:00","2008","05","20","17:00"," ","","","","","","","","","","","","","","","","","","",""
"2008-05-20 18:00","2008","05","20","18:00"," ","","","","","","","","","","","","","","","","","","",""
"2008-05-20 19:00","2008","05","20","19:00"," ","","","","","","","","","","","","","","","","","","",""
"2008-05-20 20:00","2008","05","20","20:00"," ","","","","","","","","","","","","","","","","","","",""
"2008-05-20 21:00","2008","05","20","21:00"," ","","","","","","","","","","","","","","","","","","",""
"2008-05-20 22:00","2008","05","20","22:00"," ","","","","","","","","","","","","","","","","","","",""
"2008-05-20 23:00","2008","05","20","23:00"," ","","","","","","","","","","","","","","","","","","",""
"2008-05-21 00:00","2008","05","21","00:00"," ","","","","","","","","","","","","","","","","","","",""
"2008-05-21 01:00","2008","05","21","01:00"," ","","","","","","","","","","","","","","","","","","",""
"2008-05-21 02:00","2008","05","21","02:00"," ","","","","","","","","","","","","","","","","","","",""
"2008-05-21 03:00","2008","05","21","03:00"," ","","","","","","","","","","","","","","","","","","",""
"2008-05-21 04:00","2008","05","21","04:00"," ","","","","","","","","","","","","","","","","","","",""
"2008-05-21 05:00","2008","05","21","05:00"," ","","","","","","","","","","","","","","","","","","",""
"2008-05-21 06:00","2008","05","21","06:00"," ","4,60","","3,40","","92,00","","0,00","","0,00","","24,10","","92,00","","","","","","Généralement nuageux"
"2008-05-21 07:00","2008","05","21","07:00"," ","5,40","","3,80","","89,00","","0,00","","0,00","","24,10","","92,04","","","","","","Nuageux"
"2008-05-21 08:00","2008","05","21","08:00"," ","6,50","","4,20","","85,00","","0,00","","0,00","","24,10","","92,08","","","","","","Nuageux"
"2008-05-21 09:00","2008","05","21","09:00"," ","6,90","","3,70","","80,00","","0,00","","0,00","","16,10","","92,09","","","","","","Pluie"
"2008-05-21 10:00","2008","05","21","10:00"," ","8,90","","5,70","","80,00","","0,00","","0,00","","16,10","","92,10","","","","","","Pluie"
"2008-05-21 11:00","2008","05","21","11:00"," ","10,40","","5,20","","70,00","","33,00","","9,00","","24,10","","92,08","","","","","","Généralement nuageux"
"2008-05-21 12:00","2008","05","21","12:00"," ","11,80","","4,00","","59,00","","23,00","","7,00","","24,10","","92,04","","","","","","Généralement nuageux"
"2008-05-21 13:00","2008","05","21","13:00"," ","12,20","","4,80","","61,00","","19,00","","6,00","","24,10","","92,03","","","","","","Généralement nuageux"
"2008-05-21 14:00","2008","05","21","14:00"," ","","","","","","","","","","","","","","","","","","",""
"2008-05-21 15:00","2008","05","21","15:00"," ","","","","","","","","","","","","","","","","","","",""
"2008-05-21 16:00","2008","05","21","16:00"," ","","","","","","","","","","","","","","","","","","",""
"2008-05-21 17:00","2008","05","21","17:00"," ","","","","","","","","","","","","","","","","","","",""
"2008-05-21 18:00","2008","05","21","18:00"," ","","","","","","","","","","","","","","","","","","",""
"2008-05-21 19:00","2008","05","21","19:00"," ","","","","","","","","","","","","","","","","","","",""
"2008-05-21 20:00","2008","05","21","20:00"," ","","","","","","","","","","","","","","","","","","",""
"2008-05-21 21:00","2008","05","21","21:00"," ","","","","","","","","","","","","","","","","","","",""
"2008-05-21 22:00","2008","05","21","22:00"," ","","","","","","","","","","","","","","","","","","",""
"2008-05-21 23:00","2008","05","21","23:00"," ","","","","","","","","","","","","","","","","","","",""
"2008-05-22 00:00","2008","05","22","00:00"," ","","","","","","","","","","","","","","","","","","",""
"2008-05-22 01:00","2008","05","22","01:00"," ","","","","","","","","","","","","","","","","","","",""
"2008-05-22 02:00","2008","05","22","02:00"," ","","","","","","","","","","","","","","","","","","",""
"2008-05-22 03:00","2008","05","22","03:00"," ","","","","","","","","","","","","","","","","","","",""
"2008-05-22 04:00","2008","05","22","04:00"," ","","","","","","","","","","","","","","","","","","",""
"2008-05-22 05:00","2008","05","22","05:00"," ","","","","","","","","","","","","","","","","","","",""
"2008-05-22 06:00","2008","05","22","06:00"," ","5,50","","5,10","","97,00","","0,00","","0,00","","6,40","","92,37","","","","","","Pluie,Brouillard"
"2008-05-22 07:00","2008","05","22","07:00"," ","5,70","","5,30","","97,00","","0,00","","0,00","","4,80","","92,40","","","","","","Pluie,Brouillard"
"2008-05-22 08:00","2008","05","22","08:00"," ","6,40","","6,00","","97,00","","0,00","","0,00","","6,40","","92,42","","","","","","Pluie,Brouillard"
"2008-05-22 09:00","2008","05","22","09:00"," ","9,00","","8,30","","95,00","","17,00","","6,00","","8,00","","92,43","","","","","","Pluie,Brouillard"
"2008-05-22 10:00","2008","05","22","10:00"," ","9,40","","8,00","","91,00","","0,00","","0,00","","16,10","","92,44","","","","","","Généralement nuageux"
"2008-05-22 11:00","2008","05","22","11:00"," ","10,50","","8,80","","89,00","","5,00","","6,00","","16,10","","92,45","","","","","","Généralement nuageux"
"2008-05-22 12:00","2008","05","22","12:00"," ","11,50","","6,00","","69,00","","35,00","","9,00","","24,10","","92,46","","","","","","Généralement nuageux"
"2008-05-22 13:00","2008","05","22","13:00"," ","12,00","","5,60","","65,00","","28,00","","11,00","","24,10","","92,46","","","","","","Généralement nuageux"
"2008-05-22 14:00","2008","05","22","14:00"," ","","","","","","","","","","","","","","","","","","",""
"2008-05-22 15:00","2008","05","22","15:00"," ","","","","","","","","","","","","","","","","","","",""
"2008-05-22 16:00","2008","05","22","16:00"," ","","","","","","","","","","","","","","","","","","",""
"2008-05-22 17:00","2008","05","22","17:00"," ","","","","","","","","","","","","","","","","","","",""
"2008-05-22 18:00","2008","05","22","18:00"," ","","","","","","","","","","","","","","","","","","",""
"2008-05-22 19:00","2008","05","22","19:00"," ","","","","","","","","","","","","","","","","","","",""
"2008-05-22 20:00","2008","05","22","20:00"," ","","","","","","","","","","","","","","","","","","",""
"2008-05-22 21:00","2008","05","22","21:00"," ","","","","","","","","","","","","","","","","","","",""
"2008-05-22 22:00","2008","05","22","22:00"," ","","","","","","","","","","","","","","","","","","",""
"2008-05-22 23:00","2008","05","22","23:00"," ","","","","","","","","","","","","","","","","","","",""
"2008-05-23 00:00","2008","05","23","00:00"," ","","","","","","","","","","","","","","","","","","",""
"2008-05-23 01:00","2008","05","23","01:00"," ","","","","","","","","","","","","","","","","","","",""
"2008-05-23 02:00","2008","05","23","02:00"," ","","","","","","","","","","","","","","","","","","",""
"2008-05-23 03:00","2008","05","23","03:00"," ","","","","","","","","","","","","","","","","","","",""
"2008-05-23 04:00","2008","05","23","04:00"," ","","","","","","","","","","","","","","","","","","",""
"2008-05-23 05:00","2008","05","23","05:00"," ","","","","","","","","","","","","","","","","","","",""
"2008-05-23 06:00","2008","05","23","06:00"," ","1,80","","0,20","","89,00","","4,00","","6,00","","24,10","","93,34","","","","","","Dégagé"
"2008-05-23 07:00","2008","05","23","07:00"," ","3,50","","1,60","","87,00","","2,00","","6,00","","24,10","","93,36","","","","","","Dégagé"
"2008-05-23 08:00","2008","05","23","08:00"," ","5,90","","3,10","","82,00","","3,00","","7,00","","24,10","","93,37","","","","","","Dégagé"
"2008-05-23 09:00","2008","05","23","09:00"," ","9,60","","3,80","","67,00","","6,00","","7,00","","24,10","","93,30","","","","","","Dégagé"
"2008-05-23 10:00","2008","05","23","10:00"," ","12,00","","2,90","","54,00","","36,00","","9,00","","24,10","","93,21","","","","","","Généralement dégagé"
"2008-05-23 11:00","2008","05","23","11:00"," ","14,30","","3,10","","47,00","","33,00","","7,00","","24,10","","93,21","","","","","","Généralement dégagé"
"2008-05-23 12:00","2008","05","23","12:00"," ","15,50","","3,10","","43,00","","33,00","","6,00","","24,10","","93,18","","","","","","Généralement dégagé"
"2008-05-23 13:00","2008","05","23","13:00"," ","18,10","","1,80","","34,00","","18,00","","9,00","","24,10","","93,14","","","","","","Généralement dégagé"
"2008-05-23 14:00","2008","05","23","14:00"," ","","","","","","","","","","","","","","","","","","",""
"2008-05-23 15:00","2008","05","23","15:00"," ","","","","","","","","","","","","","","","","","","",""
"2008-05-23 16:00","2008","05","23","16:00"," ","","","","","","","","","","","","","","","","","","",""
"2008-05-23 17:00","2008","05","23","17:00"," ","","","","","","","","","","","","","","","","","","",""
"2008-05-23 18:00","2008","05","23","18:00"," ","","","","","","","","","","","","","","","","","","",""
"2008-05-23 19:00","2008","05","23","19:00"," ","","","","","","","","","","","","","","","","","","",""
"2008-05-23 20:00","2008","05","23","20:00"," ","","","","","","","","","","","","","","","","","","",""
"2008-05-23 21:00","2008","05","23","21:00"," ","","","","","","","","","","","","","","","","","","",""
"2008-05-23 22:00","2008","05","23","22:00"," ","","","","","","","","","","","","","","","","","","",""
"2008-05-23 23:00","2008","05","23","23:00"," ","","","","","","","","","","","","","","","","","","",""
"2008-05-24 00:00","2008","05","24","00:00"," ","","","","","","","","","","","","","","","","","","",""
"2008-05-24 01:00","2008","05","24","01:00"," ","","","","","","","","","","","","","","","","","","",""
"2008-05-24 02:00","2008","05","24","02:00"," ","","","","","","","","","","","","","","","","","","",""
"2008-05-24 03:00","2008","05","24","03:00"," ","","","","","","","","","","","","","","","","","","",""
"2008-05-24 04:00","2008","05","24","04:00"," ","","","","","","","","","","","","","","","","","","",""
"2008-05-24 05:00","2008","05","24","05:00"," ","","","","","","","","","","","","","","","","","","",""
"2008-05-24 06:00","2008","05","24","06:00"," ","","","","","","","","","","","","","","","","","","",""
"2008-05-24 07:00","2008","05","24","07:00"," ","","","","","","","","","","","","","","","","","","",""
"2008-05-24 08:00","2008","05","24","08:00"," ","","","","","","","","","","","","","","","","","","",""
"2008-05-24 09:00","2008","05","24","09:00"," ","","","","","","","","","","","","","","","","","","",""
"2008-05-24 10:00","2008","05","24","10:00"," ","","","","","","","","","","","","","","","","","","",""
"2008-05-24 11:00","2008","05","24","11:00"," ","","","","","","","","","","","","","","","","","","",""
"2008-05-24 12:00","2008","05","24","12:00"," ","","","","","","","","","","","","","","","","","","",""
"2008-05-24 13:00","2008","05","24","13:00"," ","","","","","","","","","","","","","","","","","","",""
"2008-05-24 14:00","2008","05","24","14:00"," ","","","","","","","","","","","","","","","","","","",""
"2008-05-24 15:00","2008","05","24","15:00"," ","","","","","","","","","","","","","","","","","","",""
"2008-05-24 16:00","2008","05","24","16:00"," ","","","","","","","","","","","","","","","","","","",""
"2008-05-24 17:00","2008","05","24","17:00"," ","","","","","","","","","","","","","","","","","","",""
"2008-05-24 18:00","2008","05","24","18:00"," ","","","","","","","","","","","","","","","","","","",""
"2008-05-24 19:00","2008","05","24","19:00"," ","","","","","","","","","","","","","","","","","","",""
"2008-05-24 20:00","2008","05","24","20:00"," ","","","","","","","","","","","","","","","","","","",""
"2008-05-24 21:00","2008","05","24","21:00"," ","","","","","","","","","","","","","","","","","","",""
"2008-05-24 22:00","2008","05","24","22:00"," ","","","","","","","","","","","","","","","","","","",""
"2008-05-24 23:00","2008","05","24","23:00"," ","","","","","","","","","","","","","","","","","","",""
"2008-05-25 00:00","2008","05","25","00:00"," ","","","","","","","","","","","","","","","","","","",""
"2008-05-25 01:00","2008","05","25","01:00"," ","","","","","","","","","","","","","","","","","","",""
"2008-05-25 02:00","2008","05","25","02:00"," ","","","","","","","","","","","","","","","","","","",""
"2008-05-25 03:00","2008","05","25","03:00"," ","","","","","","","","","","","","","","","","","","",""
"2008-05-25 04:00","2008","05","25","04:00"," ","","","","","","","","","","","","","","","","","","",""
"2008-05-25 05:00","2008","05","25","05:00"," ","","","","","","","","","","","","","","","","","","",""
"2008-05-25 06:00","2008","05","25","06:00"," ","","","","","","","","","","","","","","","","","","",""
"2008-05-25 07:00","2008","05","25","07:00"," ","","","","","","","","","","","","","","","","","","",""
"2008-05-25 08:00","2008","05","25","08:00"," ","","","","","","","","","","","","","","","","","","",""
"2008-05-25 09:00","2008","05","25","09:00"," ","","","","","","","","","","","","","","","","","","",""
"2008-05-25 10:00","2008","05","25","10:00"," ","","","","","","","","","","","","","","","","","","",""
"2008-05-25 11:00","2008","05","25","11:00"," ","","","","","","","","","","","","","","","","","","",""
"2008-05-25 12:00","2008","05","25","12:00"," ","","","","","","","","","","","","","","","","","","",""
"2008-05-25 13:00","2008","05","25","13:00"," ","","","","","","","","","","","","","","","","","","",""
"2008-05-25 14:00","2008","05","25","14:00"," ","","","","","","","","","","","","","","","","","","",""
"2008-05-25 15:00","2008","05","25","15:00"," ","","","","","","","","","","","","","","","","","","",""
"2008-05-25 16:00","2008","05","25","16:00"," ","","","","","","","","","","","","","","","","","","",""
"2008-05-25 17:00","2008","05","25","17:00"," ","","","","","","","","","","","","","","","","","","",""
"2008-05-25 18:00","2008","05","25","18:00"," ","","","","","","","","","","","","","","","","","","",""
"2008-05-25 19:00","2008","05","25","19:00"," ","","","","","","","","","","","","","","","","","","",""
"2008-05-25 20:00","2008","05","25","20:00"," ","","","","","","","","","","","","","","","","","","",""
"2008-05-25 21:00","2008","05","25","21:00"," ","","","","","","","","","","","","","","","","","","",""
"2008-05-25 22:00","2008","05","25","22:00"," ","","","","","","","","","","","","","","","","","","",""
"2008-05-25 23:00","2008","05","25","23:00"," ","","","","","","","","","","","","","","","","","","",""
"2008-05-26 00:00","2008","05","26","00:00"," ","","","","","","","","","","","","","","","","","","",""
"2008-05-26 01:00","2008","05","26","01:00"," ","","","","","","","","","","","","","","","","","","",""
"2008-05-26 02:00","2008","05","26","02:00"," ","","","","","","","","","","","","","","","","","","",""
"2008-05-26 03:00","2008","05","26","03:00"," ","","","","","","","","","","","","","","","","","","",""
"2008-05-26 04:00","2008","05","26","04:00"," ","","","","","","","","","","","","","","","","","","",""
"2008-05-26 05:00","2008","05","26","05:00"," ","","","","","","","","","","","","","","","","","","",""
"2008-05-26 06:00","2008","05","26","06:00"," ","6,40","","2,50","","76,00","","3,00","","9,00","","24,10","","92,33","","","","","","Dégagé"
"2008-05-26 07:00","2008","05","26","07:00"," ","9,00","","3,10","","66,00","","2,00","","13,00","","24,10","","92,27","","","","","","Dégagé"
"2008-05-26 08:00","2008","05","26","08:00"," ","12,00","","1,90","","50,00","","5,00","","7,00","","24,10","","92,22","","","","","","Dégagé"
"2008-05-26 09:00","2008","05","26","09:00"," ","15,20","","5,00","","51,00","","2,00","","9,00","","24,10","","92,17","","","","","","Dégagé"
"2008-05-26 10:00","2008","05","26","10:00"," ","19,20","","5,70","","41,00","","4,00","","9,00","","24,10","","92,10","","","","","","Dégagé"
"2008-05-26 11:00","2008","05","26","11:00"," ","23,00","","6,10","","34,00","","15,00","","7,00","","24,10","","92,05","","","","","","Dégagé"
"2008-05-26 12:00","2008","05","26","12:00"," ","23,00","","3,80","","29,00","","24,00","","15,00","","24,10","","92,01","","","","","","Dégagé"
"2008-05-26 13:00","2008","05","26","13:00"," ","26,10","","2,20","","21,00","","19,00","","13,00","","24,10","","91,97","","25,00","","","","Dégagé"
"2008-05-26 14:00","2008","05","26","14:00"," ","","","","","","","","","","","","","","","","","","",""
"2008-05-26 15:00","2008","05","26","15:00"," ","","","","","","","","","","","","","","","","","","",""
"2008-05-26 16:00","2008","05","26","16:00"," ","","","","","","","","","","","","","","","","","","",""
"2008-05-26 17:00","2008","05","26","17:00"," ","","","","","","","","","","","","","","","","","","",""
"2008-05-26 18:00","2008","05","26","18:00"," ","","","","","","","","","","","","","","","","","","",""
"2008-05-26 19:00","2008","05","26","19:00"," ","","","","","","","","","","","","","","","","","","",""
"2008-05-26 20:00","2008","05","26","20:00"," ","","","","","","","","","","","","","","","","","","",""
"2008-05-26 21:00","2008","05","26","21:00"," ","","","","","","","","","","","","","","","","","","",""
"2008-05-26 22:00","2008","05","26","22:00"," ","","","","","","","","","","","","","","","","","","",""
"2008-05-26 23:00","2008","05","26","23:00"," ","","","","","","","","","","","","","","","","","","",""
"2008-05-27 00:00","2008","05","27","00:00"," ","","","","","","","","","","","","","","","","","","",""
"2008-05-27 01:00","2008","05","27","01:00"," ","","","","","","","","","","","","","","","","","","",""
"2008-05-27 02:00","2008","05","27","02:00"," ","","","","","","","","","","","","","","","","","","",""
"2008-05-27 03:00","2008","05","27","03:00"," ","","","","","","","","","","","","","","","","","","",""
"2008-05-27 04:00","2008","05","27","04:00"," ","","","","","","","","","","","","","","","","","","",""
"2008-05-27 05:00","2008","05","27","05:00"," ","","","","","","","","","","","","","","","","","","",""
"2008-05-27 06:00","2008","05","27","06:00"," ","6,40","","1,20","","69,00","","5,00","","7,00","","24,10","","92,08","","","","","","Dégagé"
"2008-05-27 07:00","2008","05","27","07:00"," ","9,00","","2,40","","63,00","","6,00","","9,00","","24,10","","92,05","","","","","","Dégagé"
"2008-05-27 08:00","2008","05","27","08:00"," ","11,80","","2,40","","52,00","","5,00","","9,00","","24,10","","92,00","","","","","","Dégagé"
"2008-05-27 09:00","2008","05","27","09:00"," ","14,80","","3,30","","46,00","","3,00","","7,00","","24,10","","91,97","","","","","","Dégagé"
"2008-05-27 10:00","2008","05","27","10:00"," ","20,10","","4,60","","36,00","","12,00","","6,00","","24,10","","91,91","","","","","","Dégagé"
"2008-05-27 11:00","2008","05","27","11:00"," ","21,90","","1,10","","25,00","","17,00","","6,00","","24,10","","91,85","","","","","","Dégagé"
"2008-05-27 12:00","2008","05","27","12:00"," ","25,00","","2,80","","24,00","","15,00","","9,00","","24,10","","91,85","","","","","","Dégagé"
"2008-05-27 13:00","2008","05","27","13:00"," ","23,10","","0,20","","22,00","","21,00","","15,00","","24,10","","91,80","","","","","","Dégagé"
"2008-05-27 14:00","2008","05","27","14:00"," ","","","","","","","","","","","","","","","","","","",""
"2008-05-27 15:00","2008","05","27","15:00"," ","","","","","","","","","","","","","","","","","","",""
"2008-05-27 16:00","2008","05","27","16:00"," ","","","","","","","","","","","","","","","","","","",""
"2008-05-27 17:00","2008","05","27","17:00"," ","","","","","","","","","","","","","","","","","","",""
"2008-05-27 18:00","2008","05","27","18:00"," ","","","","","","","","","","","","","","","","","","",""
"2008-05-27 19:00","2008","05","27","19:00"," ","","","","","","","","","","","","","","","","","","",""
"2008-05-27 20:00","2008","05","27","20:00"," ","","","","","","","","","","","","","","","","","","",""
"2008-05-27 21:00","2008","05","27","21:00"," ","","","","","","","","","","","","","","","","","","",""
"2008-05-27 22:00","2008","05","27","22:00"," ","","","","","","","","","","","","","","","","","","",""
"2008-05-27 23:00","2008","05","27","23:00"," ","","","","","","","","","","","","","","","","","","",""
"2008-05-28 00:00","2008","05","28","00:00"," ","","","","","","","","","","","","","","","","","","",""
"2008-05-28 01:00","2008","05","28","01:00"," ","","","","","","","","","","","","","","","","","","",""
"2008-05-28 02:00","2008","05","28","02:00"," ","","","","","","","","","","","","","","","","","","",""
"2008-05-28 03:00","2008","05","28","03:00"," ","","","","","","","","","","","","","","","","","","",""
"2008-05-28 04:00","2008","05","28","04:00"," ","","","","","","","","","","","","","","","","","","",""
"2008-05-28 05:00","2008","05","28","05:00"," ","","","","","","","","","","","","","","","","","","",""
"2008-05-28 06:00","2008","05","28","06:00"," ","9,60","","2,70","","62,00","","0,00","","0,00","","24,10","","92,01","","","","","","Généralement nuageux"
"2008-05-28 07:00","2008","05","28","07:00"," ","12,50","","4,70","","59,00","","0,00","","0,00","","24,10","","91,99","","","","","","Généralement dégagé"
"2008-05-28 08:00","2008","05","28","08:00"," ","14,80","","5,60","","54,00","","0,00","","0,00","","24,10","","91,95","","","","","","Généralement dégagé"
"2008-05-28 09:00","2008","05","28","09:00"," ","15,40","","5,70","","52,00","","0,00","","0,00","","24,10","","91,91","","","","","","Généralement nuageux"
"2008-05-28 10:00","2008","05","28","10:00"," ","17,00","","5,20","","46,00","","27,00","","6,00","","24,10","","91,87","","","","","","Généralement nuageux"
"2008-05-28 11:00","2008","05","28","11:00"," ","17,40","","5,00","","44,00","","28,00","","11,00","","24,10","","91,83","","","","","","Généralement nuageux"
"2008-05-28 12:00","2008","05","28","12:00"," ","18,60","","3,10","","36,00","","4,00","","6,00","","24,10","","91,80","","","","","","Généralement nuageux"
"2008-05-28 13:00","2008","05","28","13:00"," ","19,80","","3,90","","35,00","","0,00","","0,00","","24,10","","91,74","","","","","","Généralement nuageux"
"2008-05-28 14:00","2008","05","28","14:00"," ","","","","","","","","","","","","","","","","","","",""
"2008-05-28 15:00","2008","05","28","15:00"," ","","","","","","","","","","","","","","","","","","",""
"2008-05-28 16:00","2008","05","28","16:00"," ","","","","","","","","","","","","","","","","","","",""
"2008-05-28 17:00","2008","05","28","17:00"," ","","","","","","","","","","","","","","","","","","",""
"2008-05-28 18:00","2008","05","28","18:00"," ","","","","","","","","","","","","","","","","","","",""
"2008-05-28 19:00","2008","05","28","19:00"," ","","","","","","","","","","","","","","","","","","",""
"2008-05-28 20:00","2008","05","28","20:00"," ","","","","","","","","","","","","","","","","","","",""
"2008-05-28 21:00","2008","05","28","21:00"," ","","","","","","","","","","","","","","","","","","",""
"2008-05-28 22:00","2008","05","28","22:00"," ","","","","","","","","","","","","","","","","","","",""
"2008-05-28 23:00","2008","05","28","23:00"," ","","","","","","","","","","","","","","","","","","",""
"2008-05-29 00:00","2008","05","29","00:00"," ","","","","","","","","","","","","","","","","","","",""
"2008-05-29 01:00","2008","05","29","01:00"," ","","","","","","","","","","","","","","","","","","",""
"2008-05-29 02:00","2008","05","29","02:00"," ","","","","","","","","","","","","","","","","","","",""
"2008-05-29 03:00","2008","05","29","03:00"," ","","","","","","","","","","","","","","","","","","",""
"2008-05-29 04:00","2008","05","29","04:00"," ","","","","","","","","","","","","","","","","","","",""
"2008-05-29 05:00","2008","05","29","05:00"," ","","","","","","","","","","","","","","","","","","",""
"2008-05-29 06:00","2008","05","29","06:00"," ","4,00","","0,80","","80,00","","0,00","","0,00","","24,10","","91,98","","","","","","Généralement nuageux"
"2008-05-29 07:00","2008","05","29","07:00"," ","6,50","","1,70","","71,00","","0,00","","0,00","","24,10","","92,00","","","","","","Généralement nuageux"
"2008-05-29 08:00","2008","05","29","08:00"," ","8,90","","3,20","","67,00","","0,00","","0,00","","24,10","","91,99","","","","","","Généralement dégagé"
"2008-05-29 09:00","2008","05","29","09:00"," ","13,00","","3,80","","54,00","","0,00","","0,00","","24,10","","91,95","","","","","","Généralement nuageux"
"2008-05-29 10:00","2008","05","29","10:00"," ","15,50","","3,30","","44,00","","22,00","","7,00","","24,10","","91,92","","","","","","Généralement nuageux"
"2008-05-29 11:00","2008","05","29","11:00"," ","16,50","","0,00","","33,00","","3,00","","9,00","","24,10","","91,90","","","","","","Généralement nuageux"
"2008-05-29 12:00","2008","05","29","12:00"," ","17,50","","0,80","","32,00","","34,00","","9,00","","24,10","","91,89","","","","","","Généralement nuageux"
"2008-05-29 13:00","2008","05","29","13:00"," ","16,00","","-1,40","","30,00","","36,00","","7,00","","24,10","","91,87","","","","","","Généralement nuageux"
"2008-05-29 14:00","2008","05","29","14:00"," ","","","","","","","","","","","","","","","","","","",""
"2008-05-29 15:00","2008","05","29","15:00"," ","","","","","","","","","","","","","","","","","","",""
"2008-05-29 16:00","2008","05","29","16:00"," ","","","","","","","","","","","","","","","","","","",""
"2008-05-29 17:00","2008","05","29","17:00"," ","","","","","","","","","","","","","","","","","","",""
"2008-05-29 18:00","2008","05","29","18:00"," ","","","","","","","","","","","","","","","","","","",""
"2008-05-29 19:00","2008","05","29","19:00"," ","","","","","","","","","","","","","","","","","","",""
"2008-05-29 20:00","2008","05","29","20:00"," ","","","","","","","","","","","","","","","","","","",""
"2008-05-29 21:00","2008","05","29","21:00"," ","","","","","","","","","","","","","","","","","","",""
"2008-05-29 22:00","2008","05","29","22:00"," ","","","","","","","","","","","","","","","","","","",""
"2008-05-29 23:00","2008","05","29","23:00"," ","","","","","","","","","","","","","","","","","","",""
"2008-05-30 00:00","2008","05","30","00:00"," ","","","","","","","","","","","","","","","","","","",""
"2008-05-30 01:00","2008","05","30","01:00"," ","","","","","","","","","","","","","","","","","","",""
"2008-05-30 02:00","2008","05","30","02:00"," ","","","","","","","","","","","","","","","","","","",""
"2008-05-30 03:00","2008","05","30","03:00"," ","","","","","","","","","","","","","","","","","","",""
"2008-05-30 04:00","2008","05","30","04:00"," ","","","","","","","","","","","","","","","","","","",""
"2008-05-30 05:00","2008","05","30","05:00"," ","","","","","","","","","","","","","","","","","","",""
"2008-05-30 06:00","2008","05","30","06:00"," ","3,60","","2,30","","91,00","","0,00","","0,00","","24,10","","92,24","","","","","","Généralement dégagé"
"2008-05-30 07:00","2008","05","30","07:00"," ","8,40","","4,80","","78,00","","0,00","","0,00","","24,10","","92,23","","","","","","Généralement nuageux"
"2008-05-30 08:00","2008","05","30","08:00"," ","11,00","","5,50","","69,00","","0,00","","0,00","","24,10","","92,20","","","","","","Généralement dégagé"
"2008-05-30 09:00","2008","05","30","09:00"," ","13,10","","3,40","","52,00","","24,00","","15,00","","24,10","","92,16","","","","","","Généralement nuageux"
"2008-05-30 10:00","2008","05","30","10:00"," ","13,30","","2,00","","46,00","","24,00","","19,00","","24,10","","92,15","","","","","","Nuageux"
"2008-05-30 11:00","2008","05","30","11:00"," ","14,10","","3,30","","48,00","","27,00","","11,00","","24,10","","92,17","","","","","","Généralement nuageux"
"2008-05-30 12:00","2008","05","30","12:00"," ","16,00","","2,80","","41,00","","27,00","","13,00","","24,10","","92,15","","","","","","Généralement nuageux"
"2008-05-30 13:00","2008","05","30","13:00"," ","15,10","","2,50","","43,00","","26,00","","15,00","","24,10","","92,16","","","","","","Généralement nuageux"
"2008-05-30 14:00","2008","05","30","14:00"," ","","","","","","","","","","","","","","","","","","",""
"2008-05-30 15:00","2008","05","30","15:00"," ","","","","","","","","","","","","","","","","","","",""
"2008-05-30 16:00","2008","05","30","16:00"," ","","","","","","","","","","","","","","","","","","",""
"2008-05-30 17:00","2008","05","30","17:00"," ","","","","","","","","","","","","","","","","","","",""
"2008-05-30 18:00","2008","05","30","18:00"," ","","","","","","","","","","","","","","","","","","",""
"2008-05-30 19:00","2008","05","30","19:00"," ","","","","","","","","","","","","","","","","","","",""
"2008-05-30 20:00","2008","05","30","20:00"," ","","","","","","","","","","","","","","","","","","",""
"2008-05-30 21:00","2008","05","30","21:00"," ","","","","","","","","","","","","","","","","","","",""
"2008-05-30 22:00","2008","05","30","22:00"," ","","","","","","","","","","","","","","","","","","",""
"2008-05-30 23:00","2008","05","30","23:00"," ","","","","","","","","","","","","","","","","","","",""
"2008-05-31 00:00","2008","05","31","00:00"," ","","","","","","","","","","","","","","","","","","",""
"2008-05-31 01:00","2008","05","31","01:00"," ","","","","","","","","","","","","","","","","","","",""
"2008-05-31 02:00","2008","05","31","02:00"," ","","","","","","","","","","","","","","","","","","",""
"2008-05-31 03:00","2008","05","31","03:00"," ","","","","","","","","","","","","","","","","","","",""
"2008-05-31 04:00","2008","05","31","04:00"," ","","","","","","","","","","","","","","","","","","",""
"2008-05-31 05:00","2008","05","31","05:00"," ","","","","","","","","","","","","","","","","","","",""
"2008-05-31 06:00","2008","05","31","06:00"," ","","","","","","","","","","","","","","","","","","",""
"2008-05-31 07:00","2008","05","31","07:00"," ","","","","","","","","","","","","","","","","","","",""
"2008-05-31 08:00","2008","05","31","08:00"," ","","","","","","","","","","","","","","","","","","",""
"2008-05-31 09:00","2008","05","31","09:00"," ","","","","","","","","","","","","","","","","","","",""
"2008-05-31 10:00","2008","05","31","10:00"," ","","","","","","","","","","","","","","","","","","",""
"2008-05-31 11:00","2008","05","31","11:00"," ","","","","","","","","","","","","","","","","","","",""
"2008-05-31 12:00","2008","05","31","12:00"," ","","","","","","","","","","","","","","","","","","",""
"2008-05-31 13:00","2008","05","31","13:00"," ","","","","","","","","","","","","","","","","","","",""
"2008-05-31 14:00","2008","05","31","14:00"," ","","","","","","","","","","","","","","","","","","",""
"2008-05-31 15:00","2008","05","31","15:00"," ","","","","","","","","","","","","","","","","","","",""
"2008-05-31 16:00","2008","05","31","16:00"," ","","","","","","","","","","","","","","","","","","",""
"2008-05-31 17:00","2008","05","31","17:00"," ","","","","","","","","","","","","","","","","","","",""
"2008-05-31 18:00","2008","05","31","18:00"," ","","","","","","","","","","","","","","","","","","",""
"2008-05-31 19:00","2008","05","31","19:00"," ","","","","","","","","","","","","","","","","","","",""
"2008-05-31 20:00","2008","05","31","20:00"," ","","","","","","","","","","","","","","","","","","",""
"2008-05-31 21:00","2008","05","31","21:00"," ","","","","","","","","","","","","","","","","","","",""
"2008-05-31 22:00","2008","05","31","22:00"," ","","","","","","","","","","","","","","","","","","",""
"2008-05-31 23:00","2008","05","31","23:00"," ","","","","","","","","","","","","","","","","","","",""
