"Nom de la Station","MAYO A"
"Province","YUKON TERRITORY"
"Latitude","63,62"
"Longitude","-135,87"
"Altitude","503,80"
"Identification Climat","2100700"
"Identification OMM","71965"
"Identification TC","YMA"
"Toutes les heures sont exprimées en heure normale locale (HNL). Pour convertir l'heure locale en heure avancée de l'Est (HAE), ajoutez 1 heure s'il y a lieu."

"Légende"
"M","Données Manquantes"
"E","Valeur Estimée"
"ND","Non Disponible"
"**","Données fournies par un partenaire, non assujetties à un révision par les Archives climatiques nationales du Canada"

"Date/Heure","Année","Mois","Jour","Heure","Qualité des Données","Temp (°C)","Temp Indicateur","Point de rosée (°C)","Point de rosée Indicateur","Hum. rel (%)","Hum. rel. Indicateur","Dir. du vent (10s deg)","Dir. du vent Indicateur","Vit. du vent (km/h)","Vit. du vent Indicateur","Visibilité (km)","Visibilité Indicateur","Pression à la station (kPa)","Pression à la station Indicateur","Hmdx","Hmdx Indicateur","Refroid. éolien","Refroid. éolien Indicateur","Temps"
"1981-12-01 00:00","1981","12","01","00:00"," ","-6,70","","-9,60","","80,00","","5,00","","15,00","","32,20","","91,77","","","","-13,00","","Nuageux"
"1981-12-01 01:00","1981","12","01","01:00"," ","-6,60","","-9,30","","81,00","","4,00","","15,00","","32,20","","91,71","","","","-13,00","","Généralement nuageux"
"1981-12-01 02:00","1981","12","01","02:00"," ","-7,00","","-9,60","","82,00","","4,00","","15,00","","32,20","","91,67","","","","-13,00","","Généralement nuageux"
"1981-12-01 03:00","1981","12","01","03:00"," ","-6,00","","-9,40","","77,00","","4,00","","15,00","","32,20","","91,67","","","","-12,00","","Généralement nuageux"
"1981-12-01 04:00","1981","12","01","04:00"," ","-5,30","","-9,40","","73,00","","4,00","","15,00","","32,20","","91,67","","","","-11,00","","Généralement nuageux"
"1981-12-01 05:00","1981","12","01","05:00"," ","-5,50","","-9,10","","76,00","","5,00","","9,00","","32,20","","91,61","","","","-10,00","","Nuageux"
"1981-12-01 06:00","1981","12","01","06:00"," ","-4,50","","-8,20","","75,00","","8,00","","15,00","","32,20","","91,61","","","","-10,00","","Nuageux"
"1981-12-01 07:00","1981","12","01","07:00"," ","-4,30","","-8,20","","74,00","","8,00","","11,00","","32,20","","91,58","","","","-9,00","","Généralement nuageux"
"1981-12-01 08:00","1981","12","01","08:00"," ","-3,80","","-8,20","","71,00","","7,00","","13,00","","32,20","","91,58","","","","-9,00","","Généralement nuageux"
"1981-12-01 09:00","1981","12","01","09:00"," ","-3,30","","-7,50","","72,00","","8,00","","13,00","","32,20","","91,58","","","","-8,00","","Généralement nuageux"
"1981-12-01 10:00","1981","12","01","10:00"," ","-3,50","","-7,90","","71,00","","6,00","","9,00","","32,20","","91,61","","","","-7,00","","Généralement nuageux"
"1981-12-01 11:00","1981","12","01","11:00"," ","-3,00","","-7,90","","69,00","","0,00","","0,00","","32,20","","91,61","","","","","","Généralement nuageux"
"1981-12-01 12:00","1981","12","01","12:00"," ","-3,40","","-7,20","","75,00","","2,00","","6,00","","32,20","","91,61","","","","-6,00","","Nuageux"
"1981-12-01 13:00","1981","12","01","13:00"," ","-3,50","","-6,90","","77,00","","4,00","","11,00","","16,10","","91,67","","","","-8,00","","Neige"
"1981-12-01 14:00","1981","12","01","14:00"," ","-3,70","","-5,40","","88,00","","3,00","","11,00","","8,00","","91,71","","","","-8,00","","Neige"
"1981-12-01 15:00","1981","12","01","15:00"," ","-3,80","","-5,10","","90,00","","2,00","","9,00","","0,80","","91,71","","","","-8,00","","Neige modérée"
"1981-12-01 16:00","1981","12","01","16:00"," ","-3,60","","-4,50","","94,00","","2,00","","7,00","","1,20","","91,71","","","","-7,00","","Neige"
"1981-12-01 17:00","1981","12","01","17:00"," ","-3,60","","-4,20","","96,00","","0,00","","0,00","","0,80","","91,77","","","","","","Neige modérée"
"1981-12-01 18:00","1981","12","01","18:00"," ","-3,70","","-4,00","","98,00","","2,00","","4,00","","2,40","","91,77","","","","-5,00","","Neige"
"1981-12-01 19:00","1981","12","01","19:00"," ","-3,70","","-4,20","","96,00","","2,00","","6,00","","16,10","","91,74","","","","-6,00","","Neige"
"1981-12-01 20:00","1981","12","01","20:00"," ","-4,90","","-5,60","","95,00","","1,00","","6,00","","32,20","","91,77","","","","-8,00","","Généralement nuageux"
"1981-12-01 21:00","1981","12","01","21:00"," ","-4,70","","-5,40","","95,00","","0,00","","0,00","","32,20","","91,77","","","","","","Généralement nuageux"
"1981-12-01 22:00","1981","12","01","22:00"," ","-7,20","","-7,60","","97,00","","26,00","","6,00","","32,20","","91,80","","","","-10,00","","Nuageux"
"1981-12-01 23:00","1981","12","01","23:00"," ","-7,80","","-8,70","","93,00","","0,00","","0,00","","4,80","","91,87","","","","","","Brouillard"
"1981-12-02 00:00","1981","12","02","00:00"," ","-7,90","","-8,30","","97,00","","0,00","","0,00","","0,80","","91,90","","","","","","Brouillard"
"1981-12-02 01:00","1981","12","02","01:00"," ","-8,30","","-9,60","","90,00","","0,00","","0,00","","16,10","","91,96","","","","","","Généralement dégagé"
"1981-12-02 02:00","1981","12","02","02:00"," ","-11,10","","-12,30","","91,00","","0,00","","0,00","","16,10","","92,03","","","","","","Généralement dégagé"
"1981-12-02 03:00","1981","12","02","03:00"," ","-12,30","","-14,40","","84,00","","0,00","","0,00","","24,10","","92,09","","","","","","Généralement dégagé"
"1981-12-02 04:00","1981","12","02","04:00"," ","-13,90","","-15,70","","86,00","","0,00","","0,00","","32,20","","92,19","","","","","","Dégagé"
"1981-12-02 05:00","1981","12","02","05:00"," ","-14,70","","-16,20","","88,00","","0,00","","0,00","","32,20","","92,25","","","","","","Généralement dégagé"
"1981-12-02 06:00","1981","12","02","06:00"," ","-14,20","","-15,70","","88,00","","0,00","","0,00","","32,20","","92,35","","","","","","Généralement nuageux"
"1981-12-02 07:00","1981","12","02","07:00"," ","-15,20","","-16,80","","88,00","","0,00","","0,00","","16,10","","92,42","","","","","","Généralement nuageux"
"1981-12-02 08:00","1981","12","02","08:00"," ","-14,10","","-15,70","","88,00","","0,00","","0,00","","16,10","","92,54","","","","","","Généralement nuageux"
"1981-12-02 09:00","1981","12","02","09:00"," ","-13,30","","-15,10","","86,00","","0,00","","0,00","","32,20","","92,61","","","","","","Généralement nuageux"
"1981-12-02 10:00","1981","12","02","10:00"," ","-13,80","","-15,70","","85,00","","0,00","","0,00","","32,20","","92,83","","","","","","Nuageux"
"1981-12-02 11:00","1981","12","02","11:00"," ","-12,50","","-14,00","","88,00","","0,00","","0,00","","32,20","","92,93","","","","","","Généralement nuageux"
"1981-12-02 12:00","1981","12","02","12:00"," ","-13,70","","-15,10","","89,00","","0,00","","0,00","","32,20","","93,00","","","","","","Généralement nuageux"
"1981-12-02 13:00","1981","12","02","13:00"," ","-14,80","","-16,80","","85,00","","0,00","","0,00","","32,20","","93,25","","","","","","Généralement dégagé"
"1981-12-02 14:00","1981","12","02","14:00"," ","-15,10","","-16,80","","87,00","","0,00","","0,00","","32,20","","93,42","","","","","","Généralement dégagé"
"1981-12-02 15:00","1981","12","02","15:00"," ","-17,30","","-19,50","","83,00","","0,00","","0,00","","32,20","","93,54","","","","","","Généralement dégagé"
"1981-12-02 16:00","1981","12","02","16:00"," ","-18,70","","-20,60","","85,00","","0,00","","0,00","","32,20","","93,71","","","","","","Généralement dégagé"
"1981-12-02 17:00","1981","12","02","17:00"," ","-20,10","","-22,20","","83,00","","0,00","","0,00","","32,20","","93,83","","","","","","Généralement dégagé"
"1981-12-02 18:00","1981","12","02","18:00"," ","-22,20","","-22,90","","94,00","","0,00","","0,00","","32,20","","93,93","","","","","","Généralement dégagé"
"1981-12-02 19:00","1981","12","02","19:00"," ","-22,30","","-24,10","","85,00","","0,00","","0,00","","32,20","","94,06","","","","","","Généralement dégagé"
"1981-12-02 20:00","1981","12","02","20:00"," ","-23,30","","-24,30","","92,00","","0,00","","0,00","","32,20","","94,16","","","","","","Généralement dégagé"
"1981-12-02 21:00","1981","12","02","21:00"," ","-23,70","","-25,20","","88,00","","0,00","","0,00","","32,20","","94,25","","","","","","Généralement dégagé"
"1981-12-02 22:00","1981","12","02","22:00"," ","-23,30","","-25,20","","84,00","","0,00","","0,00","","32,20","","94,32","","","","","","Généralement dégagé"
"1981-12-02 23:00","1981","12","02","23:00"," ","-21,10","","-23,30","","83,00","","2,00","","7,00","","32,20","","94,32","","","","-27,00","","Généralement dégagé"
"1981-12-03 00:00","1981","12","03","00:00"," ","-16,70","","-17,90","","91,00","","35,00","","6,00","","32,20","","94,38","","","","-21,00","","Généralement dégagé"
"1981-12-03 01:00","1981","12","03","01:00"," ","-18,10","","-20,70","","80,00","","6,00","","9,00","","32,20","","94,35","","","","-24,00","","Généralement dégagé"
"1981-12-03 02:00","1981","12","03","02:00"," ","-17,50","","-19,50","","84,00","","6,00","","7,00","","32,20","","94,29","","","","-23,00","","Généralement dégagé"
"1981-12-03 03:00","1981","12","03","03:00"," ","-16,80","","-18,40","","87,00","","6,00","","6,00","","32,20","","94,25","","","","-21,00","","Généralement dégagé"
"1981-12-03 04:00","1981","12","03","04:00"," ","-11,50","","-12,90","","89,00","","4,00","","11,00","","32,20","","94,19","","","","-17,00","","Généralement nuageux"
"1981-12-03 05:00","1981","12","03","05:00"," ","-5,30","","-12,20","","58,00","","9,00","","15,00","","32,20","","94,16","","","","-11,00","","Nuageux"
"1981-12-03 06:00","1981","12","03","06:00"," ","-7,40","","-12,10","","69,00","","6,00","","9,00","","32,20","","94,16","","","","-12,00","","Nuageux"
"1981-12-03 07:00","1981","12","03","07:00"," ","-7,90","","-12,30","","71,00","","4,00","","9,00","","32,20","","94,09","","","","-12,00","","Généralement nuageux"
"1981-12-03 08:00","1981","12","03","08:00"," ","-5,50","","-11,40","","63,00","","9,00","","9,00","","32,20","","94,09","","","","-10,00","","Généralement nuageux"
"1981-12-03 09:00","1981","12","03","09:00"," ","-5,30","","-12,20","","58,00","","8,00","","15,00","","32,20","","94,13","","","","-11,00","","Nuageux"
"1981-12-03 10:00","1981","12","03","10:00"," ","-6,20","","-11,70","","65,00","","4,00","","11,00","","32,20","","94,09","","","","-11,00","","Nuageux"
"1981-12-03 11:00","1981","12","03","11:00"," ","-6,10","","-10,90","","69,00","","5,00","","15,00","","32,20","","94,09","","","","-12,00","","Nuageux"
"1981-12-03 12:00","1981","12","03","12:00"," ","-5,80","","-10,10","","71,00","","7,00","","15,00","","32,20","","94,09","","","","-12,00","","Nuageux"
"1981-12-03 13:00","1981","12","03","13:00"," ","-5,60","","-8,70","","79,00","","4,00","","11,00","","32,20","","94,06","","","","-10,00","","Nuageux"
"1981-12-03 14:00","1981","12","03","14:00"," ","-5,20","","-10,30","","67,00","","7,00","","7,00","","32,20","","94,03","","","","-8,00","","Nuageux"
"1981-12-03 15:00","1981","12","03","15:00"," ","-5,80","","-11,70","","63,00","","10,00","","7,00","","32,20","","93,96","","","","-9,00","","Nuageux"
"1981-12-03 16:00","1981","12","03","16:00"," ","-5,60","","-10,60","","68,00","","3,00","","13,00","","32,20","","93,93","","","","-11,00","","Nuageux"
"1981-12-03 17:00","1981","12","03","17:00"," ","-5,10","","-10,60","","65,00","","5,00","","15,00","","32,20","","93,90","","","","-11,00","","Nuageux"
"1981-12-03 18:00","1981","12","03","18:00"," ","-3,20","","-10,10","","59,00","","8,00","","22,00","","32,20","","93,87","","","","-10,00","","Généralement nuageux"
"1981-12-03 19:00","1981","12","03","19:00"," ","-3,70","","-10,40","","60,00","","8,00","","13,00","","32,20","","93,87","","","","-9,00","","Généralement dégagé"
"1981-12-03 20:00","1981","12","03","20:00"," ","-3,30","","-8,20","","68,00","","7,00","","22,00","","32,20","","93,83","","","","-10,00","","Généralement dégagé"
"1981-12-03 21:00","1981","12","03","21:00"," ","-2,90","","-5,60","","81,00","","7,00","","28,00","","32,20","","93,83","","","","-10,00","","Généralement dégagé"
"1981-12-03 22:00","1981","12","03","22:00"," ","-3,20","","-5,10","","87,00","","7,00","","30,00","","32,20","","93,77","","","","-11,00","","Généralement dégagé"
"1981-12-03 23:00","1981","12","03","23:00"," ","-3,10","","-4,20","","92,00","","8,00","","22,00","","32,20","","93,77","","","","-9,00","","Généralement nuageux"
"1981-12-04 00:00","1981","12","04","00:00"," ","-3,30","","-9,30","","63,00","","8,00","","13,00","","32,20","","93,80","","","","-8,00","","Généralement nuageux"
"1981-12-04 01:00","1981","12","04","01:00"," ","-3,30","","-7,90","","70,00","","8,00","","17,00","","32,20","","93,83","","","","-9,00","","Nuageux"
"1981-12-04 02:00","1981","12","04","02:00"," ","-3,90","","-10,00","","62,00","","10,00","","9,00","","32,20","","93,83","","","","-8,00","","Généralement nuageux"
"1981-12-04 03:00","1981","12","04","03:00"," ","-3,50","","-10,40","","59,00","","9,00","","19,00","","32,20","","93,77","","","","-9,00","","Généralement nuageux"
"1981-12-04 04:00","1981","12","04","04:00"," ","-2,60","","-9,70","","58,00","","9,00","","15,00","","32,20","","93,80","","","","-8,00","","Nuageux"
"1981-12-04 05:00","1981","12","04","05:00"," ","-2,20","","-9,30","","58,00","","8,00","","17,00","","32,20","","93,77","","","","-8,00","","Nuageux"
"1981-12-04 06:00","1981","12","04","06:00"," ","-2,20","","-9,30","","58,00","","7,00","","15,00","","32,20","","93,80","","","","-7,00","","Nuageux"
"1981-12-04 07:00","1981","12","04","07:00"," ","-2,60","","-9,70","","58,00","","0,00","","0,00","","32,20","","93,87","","","","","","Nuageux"
"1981-12-04 08:00","1981","12","04","08:00"," ","-2,10","","-8,60","","61,00","","6,00","","19,00","","32,20","","93,80","","","","-8,00","","Généralement nuageux"
"1981-12-04 09:00","1981","12","04","09:00"," ","-2,60","","-9,70","","58,00","","7,00","","7,00","","32,20","","93,87","","","","-5,00","","Généralement dégagé"
"1981-12-04 10:00","1981","12","04","10:00"," ","-4,20","","-10,40","","62,00","","1,00","","7,00","","32,20","","93,90","","","","-7,00","","Généralement dégagé"
"1981-12-04 11:00","1981","12","04","11:00"," ","-8,20","","-11,50","","77,00","","26,00","","7,00","","32,20","","93,96","","","","-12,00","","Généralement nuageux"
"1981-12-04 12:00","1981","12","04","12:00"," ","-6,50","","-11,90","","65,00","","28,00","","7,00","","32,20","","93,96","","","","-10,00","","Nuageux"
"1981-12-04 13:00","1981","12","04","13:00"," ","-8,20","","-11,90","","75,00","","4,00","","6,00","","32,20","","93,96","","","","-11,00","","Nuageux"
"1981-12-04 14:00","1981","12","04","14:00"," ","-5,60","","-11,80","","62,00","","36,00","","9,00","","32,20","","93,93","","","","-10,00","","Nuageux"
"1981-12-04 15:00","1981","12","04","15:00"," ","-6,50","","-11,90","","65,00","","4,00","","7,00","","32,20","","93,90","","","","-10,00","","Généralement dégagé"
"1981-12-04 16:00","1981","12","04","16:00"," ","-7,10","","-11,40","","71,00","","4,00","","9,00","","32,20","","93,87","","","","-11,00","","Généralement dégagé"
"1981-12-04 17:00","1981","12","04","17:00"," ","-8,10","","-11,50","","76,00","","3,00","","13,00","","32,20","","93,74","","","","-14,00","","Généralement dégagé"
"1981-12-04 18:00","1981","12","04","18:00"," ","-7,70","","-12,10","","71,00","","1,00","","11,00","","32,20","","93,64","","","","-13,00","","Généralement dégagé"
"1981-12-04 19:00","1981","12","04","19:00"," ","-8,30","","-12,60","","71,00","","35,00","","11,00","","32,20","","93,54","","","","-14,00","","Généralement dégagé"
"1981-12-04 20:00","1981","12","04","20:00"," ","-8,50","","-12,60","","72,00","","2,00","","13,00","","32,20","","93,48","","","","-14,00","","Généralement dégagé"
"1981-12-04 21:00","1981","12","04","21:00"," ","-7,70","","-12,10","","71,00","","3,00","","13,00","","32,20","","93,32","","","","-13,00","","Généralement nuageux"
"1981-12-04 22:00","1981","12","04","22:00"," ","-7,70","","-12,10","","71,00","","5,00","","13,00","","32,20","","93,19","","","","-13,00","","Généralement nuageux"
"1981-12-04 23:00","1981","12","04","23:00"," ","-7,70","","-10,20","","82,00","","1,00","","15,00","","32,20","","93,06","","","","-14,00","","Généralement nuageux"
"1981-12-05 00:00","1981","12","05","00:00"," ","-6,60","","-11,50","","68,00","","5,00","","11,00","","32,20","","92,96","","","","-12,00","","Nuageux"
"1981-12-05 01:00","1981","12","05","01:00"," ","-7,90","","-13,20","","65,00","","9,00","","7,00","","32,20","","92,83","","","","-12,00","","Neige"
"1981-12-05 02:00","1981","12","05","02:00"," ","-7,00","","-11,40","","71,00","","5,00","","7,00","","24,10","","92,80","","","","-11,00","","Neige"
"1981-12-05 03:00","1981","12","05","03:00"," ","-5,10","","-8,80","","75,00","","36,00","","11,00","","24,10","","92,67","","","","-10,00","","Nuageux"
"1981-12-05 04:00","1981","12","05","04:00"," ","-6,40","","-10,80","","71,00","","5,00","","7,00","","32,20","","92,61","","","","-10,00","","Nuageux"
"1981-12-05 05:00","1981","12","05","05:00"," ","-5,60","","-9,80","","72,00","","1,00","","11,00","","32,20","","92,54","","","","-10,00","","Généralement nuageux"
"1981-12-05 06:00","1981","12","05","06:00"," ","-5,00","","-9,50","","71,00","","5,00","","6,00","","32,20","","92,54","","","","-8,00","","Nuageux"
"1981-12-05 07:00","1981","12","05","07:00"," ","-5,00","","-9,50","","71,00","","4,00","","4,00","","32,20","","92,54","","","","-7,00","","Nuageux"
"1981-12-05 08:00","1981","12","05","08:00"," ","-3,80","","-8,20","","71,00","","3,00","","13,00","","32,20","","92,51","","","","-9,00","","Généralement nuageux"
"1981-12-05 09:00","1981","12","05","09:00"," ","-3,30","","-7,50","","72,00","","1,00","","9,00","","32,20","","92,51","","","","-7,00","","Nuageux"
"1981-12-05 10:00","1981","12","05","10:00"," ","-2,00","","-7,90","","64,00","","36,00","","7,00","","32,20","","92,51","","","","-5,00","","Nuageux"
"1981-12-05 11:00","1981","12","05","11:00"," ","-1,00","","-8,50","","57,00","","3,00","","15,00","","32,20","","92,51","","","","-6,00","","Nuageux"
"1981-12-05 12:00","1981","12","05","12:00"," ","-1,20","","-7,80","","61,00","","4,00","","9,00","","32,20","","92,54","","","","-4,00","","Nuageux"
"1981-12-05 13:00","1981","12","05","13:00"," ","-0,80","","-8,50","","56,00","","3,00","","9,00","","32,20","","92,54","","","","-4,00","","Nuageux"
"1981-12-05 14:00","1981","12","05","14:00"," ","-0,70","","-7,40","","60,00","","4,00","","6,00","","32,20","","92,54","","","","-3,00","","Nuageux"
"1981-12-05 15:00","1981","12","05","15:00"," ","-0,20","","-7,30","","59,00","","6,00","","15,00","","32,20","","92,54","","","","-5,00","","Nuageux"
"1981-12-05 16:00","1981","12","05","16:00"," ","0,10","","-6,90","","59,00","","7,00","","11,00","","32,20","","92,54","","","","","","Nuageux"
"1981-12-05 17:00","1981","12","05","17:00"," ","0,30","","-6,90","","58,00","","7,00","","17,00","","32,20","","92,54","","","","","","Nuageux"
"1981-12-05 18:00","1981","12","05","18:00"," ","0,30","","-6,90","","58,00","","7,00","","9,00","","32,20","","92,58","","","","","","Nuageux"
"1981-12-05 19:00","1981","12","05","19:00"," ","0,30","","-6,90","","58,00","","7,00","","15,00","","32,20","","92,61","","","","","","Nuageux"
"1981-12-05 20:00","1981","12","05","20:00"," ","0,30","","-6,20","","62,00","","7,00","","17,00","","32,20","","92,67","","","","","","Nuageux"
"1981-12-05 21:00","1981","12","05","21:00"," ","0,20","","-6,10","","62,00","","7,00","","9,00","","32,20","","92,71","","","","","","Nuageux"
"1981-12-05 22:00","1981","12","05","22:00"," ","0,30","","-6,90","","58,00","","7,00","","13,00","","32,20","","92,77","","","","","","Nuageux"
"1981-12-05 23:00","1981","12","05","23:00"," ","0,10","","-6,90","","59,00","","7,00","","11,00","","32,20","","92,87","","","","","","Nuageux"
"1981-12-06 00:00","1981","12","06","00:00"," ","-0,10","","-7,20","","59,00","","7,00","","11,00","","32,20","","92,93","","","","-4,00","","Nuageux"
"1981-12-06 01:00","1981","12","06","01:00"," ","-0,10","","-6,80","","61,00","","7,00","","15,00","","32,20","","92,96","","","","-5,00","","Nuageux"
"1981-12-06 02:00","1981","12","06","02:00"," ","0,10","","-6,50","","61,00","","7,00","","15,00","","32,20","","93,06","","","","","","Nuageux"
"1981-12-06 03:00","1981","12","06","03:00"," ","0,00","","-7,00","","59,00","","7,00","","13,00","","32,20","","93,09","","","","-4,00","","Nuageux"
"1981-12-06 04:00","1981","12","06","04:00"," ","-0,20","","-7,30","","59,00","","7,00","","7,00","","32,20","","93,16","","","","-3,00","","Nuageux"
"1981-12-06 05:00","1981","12","06","05:00"," ","-0,40","","-6,60","","63,00","","7,00","","6,00","","32,20","","93,22","","","","-2,00","","Nuageux"
"1981-12-06 06:00","1981","12","06","06:00"," ","-0,70","","-6,70","","64,00","","0,00","","0,00","","32,20","","93,29","","","","","","Nuageux"
"1981-12-06 07:00","1981","12","06","07:00"," ","-1,10","","-6,50","","67,00","","7,00","","4,00","","32,20","","93,35","","","","-2,00","","Nuageux"
"1981-12-06 08:00","1981","12","06","08:00"," ","-1,80","","-6,20","","72,00","","6,00","","7,00","","32,20","","93,45","","","","-4,00","","Nuageux"
"1981-12-06 09:00","1981","12","06","09:00"," ","-2,20","","-6,20","","74,00","","7,00","","4,00","","32,20","","93,54","","","","-4,00","","Nuageux"
"1981-12-06 10:00","1981","12","06","10:00"," ","-2,40","","-6,20","","75,00","","0,00","","0,00","","32,20","","93,67","","","","","","Nuageux"
"1981-12-06 11:00","1981","12","06","11:00"," ","-4,00","","-7,20","","78,00","","0,00","","0,00","","32,20","","93,77","","","","","","Généralement nuageux"
"1981-12-06 12:00","1981","12","06","12:00"," ","-3,70","","-6,90","","79,00","","0,00","","0,00","","32,20","","93,90","","","","","","Généralement nuageux"
"1981-12-06 13:00","1981","12","06","13:00"," ","-4,30","","-9,60","","66,00","","18,00","","4,00","","32,20","","94,03","","","","-6,00","","Généralement nuageux"
"1981-12-06 14:00","1981","12","06","14:00"," ","-7,40","","-11,30","","74,00","","0,00","","0,00","","32,20","","94,13","","","","","","Généralement nuageux"
"1981-12-06 15:00","1981","12","06","15:00"," ","-5,60","","-9,80","","72,00","","0,00","","0,00","","32,20","","94,25","","","","","","Généralement nuageux"
"1981-12-06 16:00","1981","12","06","16:00"," ","-7,50","","-10,90","","77,00","","0,00","","0,00","","32,20","","94,35","","","","","","Nuageux"
"1981-12-06 17:00","1981","12","06","17:00"," ","-7,00","","-10,30","","77,00","","0,00","","0,00","","32,20","","94,45","","","","","","Généralement nuageux"
"1981-12-06 18:00","1981","12","06","18:00"," ","-6,80","","-10,60","","74,00","","0,00","","0,00","","32,20","","94,58","","","","","","Généralement nuageux"
"1981-12-06 19:00","1981","12","06","19:00"," ","-7,00","","-9,90","","80,00","","0,00","","0,00","","32,20","","94,61","","","","","","Généralement nuageux"
"1981-12-06 20:00","1981","12","06","20:00"," ","-8,70","","-10,60","","86,00","","0,00","","0,00","","32,20","","94,71","","","","","","Nuageux"
"1981-12-06 21:00","1981","12","06","21:00"," ","-9,60","","-11,40","","87,00","","0,00","","0,00","","32,20","","94,84","","","","","","Généralement dégagé"
"1981-12-06 22:00","1981","12","06","22:00"," ","-12,20","","-13,40","","91,00","","0,00","","0,00","","32,20","","94,93","","","","","","Généralement dégagé"
"1981-12-06 23:00","1981","12","06","23:00"," ","-14,50","","-15,70","","90,00","","0,00","","0,00","","32,20","","95,03","","","","","","Dégagé"
"1981-12-07 00:00","1981","12","07","00:00"," ","-16,40","","-18,40","","84,00","","0,00","","0,00","","32,20","","95,13","","","","","","Dégagé"
"1981-12-07 01:00","1981","12","07","01:00"," ","-17,50","","-19,50","","84,00","","0,00","","0,00","","32,20","","95,25","","","","","","Dégagé"
"1981-12-07 02:00","1981","12","07","02:00"," ","-17,10","","-18,40","","90,00","","0,00","","0,00","","32,20","","95,32","","","","","","Dégagé"
"1981-12-07 03:00","1981","12","07","03:00"," ","-19,60","","-21,00","","89,00","","0,00","","0,00","","32,20","","95,42","","","","","","Dégagé"
"1981-12-07 04:00","1981","12","07","04:00"," ","-21,60","","-23,10","","88,00","","0,00","","0,00","","32,20","","95,45","","","","","","Dégagé"
"1981-12-07 05:00","1981","12","07","05:00"," ","-21,60","","-23,10","","88,00","","0,00","","0,00","","32,20","","95,55","","","","","","Dégagé"
"1981-12-07 06:00","1981","12","07","06:00"," ","-22,70","","-24,10","","89,00","","0,00","","0,00","","32,20","","95,64","","","","","","Dégagé"
"1981-12-07 07:00","1981","12","07","07:00"," ","-23,60","","-25,20","","87,00","","0,00","","0,00","","32,20","","95,71","","","","","","Dégagé"
"1981-12-07 08:00","1981","12","07","08:00"," ","-24,70","","-25,30","","95,00","","0,00","","0,00","","32,20","","95,80","","","","","","Dégagé"
"1981-12-07 09:00","1981","12","07","09:00"," ","-24,70","","-25,30","","95,00","","0,00","","0,00","","32,20","","95,87","","","","","","Généralement dégagé"
"1981-12-07 10:00","1981","12","07","10:00"," ","-25,30","","-26,20","","92,00","","0,00","","0,00","","32,20","","95,96","","","","","","Généralement dégagé"
"1981-12-07 11:00","1981","12","07","11:00"," ","-25,60","","-26,20","","95,00","","0,00","","0,00","","32,20","","96,03","","","","","","Généralement nuageux"
"1981-12-07 12:00","1981","12","07","12:00"," ","-22,80","","-24,70","","84,00","","0,00","","0,00","","0,80","","96,13","","","","","","Brouillard"
"1981-12-07 13:00","1981","12","07","13:00"," ","-20,70","","-22,10","","89,00","","0,00","","0,00","","0,80","","96,19","","","","","","Brouillard"
"1981-12-07 14:00","1981","12","07","14:00"," ","-19,30","","-20,40","","91,00","","0,00","","0,00","","1,20","","96,22","","","","","","Brouillard"
"1981-12-07 15:00","1981","12","07","15:00"," ","-19,30","","-21,70","","81,00","","0,00","","0,00","","1,20","","96,35","","","","","","Brouillard"
"1981-12-07 16:00","1981","12","07","16:00"," ","-19,60","","-20,40","","94,00","","0,00","","0,00","","0,80","","96,31","","","","","","Brouillard"
"1981-12-07 17:00","1981","12","07","17:00"," ","-19,50","","-21,70","","83,00","","0,00","","0,00","","0,80","","96,38","","","","","","Brouillard"
"1981-12-07 18:00","1981","12","07","18:00"," ","-19,60","","-20,40","","94,00","","0,00","","0,00","","0,80","","96,42","","","","","","Brouillard"
"1981-12-07 19:00","1981","12","07","19:00"," ","-19,40","","-21,00","","87,00","","0,00","","0,00","","0,80","","96,48","","","","","","Brouillard"
"1981-12-07 20:00","1981","12","07","20:00"," ","-19,20","","-20,50","","90,00","","0,00","","0,00","","1,20","","96,51","","","","","","Brouillard"
"1981-12-07 21:00","1981","12","07","21:00"," ","-19,20","","-20,50","","90,00","","0,00","","0,00","","1,20","","96,61","","","","","","Brouillard"
"1981-12-07 22:00","1981","12","07","22:00"," ","-19,60","","-21,70","","83,00","","0,00","","0,00","","1,20","","96,67","","","","","","Brouillard"
"1981-12-07 23:00","1981","12","07","23:00"," ","-19,70","","-21,70","","84,00","","0,00","","0,00","","1,20","","96,67","","","","","","Brouillard"
"1981-12-08 00:00","1981","12","08","00:00"," ","-19,70","","-21,70","","84,00","","0,00","","0,00","","1,20","","96,74","","","","","","Brouillard"
"1981-12-08 01:00","1981","12","08","01:00"," ","-19,40","","-20,40","","92,00","","0,00","","0,00","","0,80","","96,80","","","","","","Brouillard"
"1981-12-08 02:00","1981","12","08","02:00"," ","-19,50","","-19,80","","98,00","","0,00","","0,00","","0,80","","96,84","","","","","","Cristaux de glace,Brouillard"
"1981-12-08 03:00","1981","12","08","03:00"," ","-20,00","","-20,90","","93,00","","3,00","","4,00","","1,20","","96,87","","","","-23,00","","Cristaux de glace,Brouillard"
"1981-12-08 04:00","1981","12","08","04:00"," ","-20,50","","-21,40","","93,00","","2,00","","6,00","","4,80","","96,87","","","","-26,00","","Cristaux de glace,Brouillard"
"1981-12-08 05:00","1981","12","08","05:00"," ","-20,80","","-21,90","","91,00","","0,00","","0,00","","4,80","","96,87","","","","","","Cristaux de glace,Brouillard"
"1981-12-08 06:00","1981","12","08","06:00"," ","-21,00","","-21,90","","93,00","","1,00","","6,00","","4,80","","96,93","","","","-26,00","","Cristaux de glace,Brouillard"
"1981-12-08 07:00","1981","12","08","07:00"," ","-21,20","","-21,90","","94,00","","2,00","","4,00","","4,80","","96,93","","","","-25,00","","Cristaux de glace,Brouillard"
"1981-12-08 08:00","1981","12","08","08:00"," ","-20,80","","-21,90","","91,00","","0,00","","0,00","","4,80","","96,93","","","","","","Cristaux de glace,Brouillard"
"1981-12-08 09:00","1981","12","08","09:00"," ","-20,70","","-22,10","","89,00","","0,00","","0,00","","4,80","","96,93","","","","","","Cristaux de glace,Brouillard"
"1981-12-08 10:00","1981","12","08","10:00"," ","-21,20","","-22,60","","89,00","","0,00","","0,00","","4,00","","96,97","","","","","","Brouillard"
"1981-12-08 11:00","1981","12","08","11:00"," ","-20,90","","-21,90","","92,00","","0,00","","0,00","","8,00","","97,00","","","","","","Nuageux"
"1981-12-08 12:00","1981","12","08","12:00"," ","-20,50","","-22,10","","87,00","","0,00","","0,00","","6,40","","96,97","","","","","","Neige en grains,Brouillard"
"1981-12-08 13:00","1981","12","08","13:00"," ","-20,30","","-22,10","","85,00","","0,00","","0,00","","11,30","","96,97","","","","","","Neige en grains"
"1981-12-08 14:00","1981","12","08","14:00"," ","-20,30","","-22,10","","85,00","","0,00","","0,00","","11,30","","96,93","","","","","","Neige en grains"
"1981-12-08 15:00","1981","12","08","15:00"," ","-20,50","","-22,10","","87,00","","2,00","","4,00","","16,10","","96,93","","","","-24,00","","Neige en grains"
"1981-12-08 16:00","1981","12","08","16:00"," ","-20,60","","-22,10","","88,00","","0,00","","0,00","","12,90","","96,93","","","","","","Neige en grains"
"1981-12-08 17:00","1981","12","08","17:00"," ","-20,70","","-22,10","","89,00","","36,00","","4,00","","12,90","","96,93","","","","-24,00","","Neige en grains"
"1981-12-08 18:00","1981","12","08","18:00"," ","-21,00","","-22,60","","87,00","","35,00","","6,00","","9,70","","96,87","","","","-26,00","","Neige en grains"
"1981-12-08 19:00","1981","12","08","19:00"," ","-21,00","","-23,30","","82,00","","0,00","","0,00","","11,30","","96,87","","","","","","Neige en grains"
"1981-12-08 20:00","1981","12","08","20:00"," ","-21,20","","-22,60","","89,00","","1,00","","6,00","","9,70","","96,84","","","","-26,00","","Neige en grains"
"1981-12-08 21:00","1981","12","08","21:00"," ","-21,60","","-23,10","","88,00","","0,00","","0,00","","9,70","","96,77","","","","","","Neige en grains"
"1981-12-08 22:00","1981","12","08","22:00"," ","-21,70","","-23,10","","89,00","","36,00","","7,00","","9,70","","96,74","","","","-28,00","","Neige en grains"
"1981-12-08 23:00","1981","12","08","23:00"," ","-21,70","","-23,90","","83,00","","1,00","","6,00","","9,70","","96,71","","","","-27,00","","Neige en grains"
"1981-12-09 00:00","1981","12","09","00:00"," ","-22,00","","-24,40","","81,00","","1,00","","6,00","","9,70","","96,67","","","","-27,00","","Neige en grains"
"1981-12-09 01:00","1981","12","09","01:00"," ","-20,10","","-22,20","","83,00","","1,00","","4,00","","9,70","","96,64","","","","-24,00","","Neige en grains"
"1981-12-09 02:00","1981","12","09","02:00"," ","-20,10","","-22,20","","83,00","","2,00","","7,00","","9,70","","96,58","","","","-26,00","","Neige en grains"
"1981-12-09 03:00","1981","12","09","03:00"," ","-22,20","","-23,60","","89,00","","0,00","","0,00","","9,70","","96,55","","","","","","Neige en grains"
"1981-12-09 04:00","1981","12","09","04:00"," ","-22,30","","-24,10","","85,00","","36,00","","6,00","","12,90","","96,48","","","","-28,00","","Neige en grains"
"1981-12-09 05:00","1981","12","09","05:00"," ","-22,30","","-24,10","","85,00","","1,00","","4,00","","9,70","","96,45","","","","-26,00","","Neige en grains"
"1981-12-09 06:00","1981","12","09","06:00"," ","-22,20","","-23,60","","89,00","","0,00","","0,00","","12,90","","96,35","","","","","","Neige en grains"
"1981-12-09 07:00","1981","12","09","07:00"," ","-22,20","","-23,60","","89,00","","0,00","","0,00","","12,90","","96,29","","","","","","Neige en grains"
"1981-12-09 08:00","1981","12","09","08:00"," ","-22,20","","-23,60","","89,00","","0,00","","0,00","","12,90","","96,26","","","","","","Neige en grains"
"1981-12-09 09:00","1981","12","09","09:00"," ","-22,20","","-23,60","","89,00","","0,00","","0,00","","12,90","","96,19","","","","","","Neige en grains"
"1981-12-09 10:00","1981","12","09","10:00"," ","-22,40","","-25,00","","79,00","","0,00","","0,00","","9,70","","96,16","","","","","","Neige en grains"
"1981-12-09 11:00","1981","12","09","11:00"," ","-22,50","","-25,00","","80,00","","0,00","","0,00","","9,70","","96,13","","","","","","Neige en grains"
"1981-12-09 12:00","1981","12","09","12:00"," ","-22,50","","-25,00","","80,00","","0,00","","0,00","","6,40","","96,09","","","","","","Neige"
"1981-12-09 13:00","1981","12","09","13:00"," ","-22,40","","-25,00","","79,00","","0,00","","0,00","","8,00","","96,03","","","","","","Neige"
"1981-12-09 14:00","1981","12","09","14:00"," ","-22,60","","-25,00","","81,00","","0,00","","0,00","","12,90","","95,96","","","","","","Neige"
"1981-12-09 15:00","1981","12","09","15:00"," ","-23,00","","-25,50","","80,00","","0,00","","0,00","","12,90","","95,93","","","","","","Neige"
"1981-12-09 16:00","1981","12","09","16:00"," ","-23,20","","-25,50","","82,00","","0,00","","0,00","","12,90","","95,90","","","","","","Neige"
"1981-12-09 17:00","1981","12","09","17:00"," ","-23,20","","-24,70","","88,00","","0,00","","0,00","","8,00","","95,87","","","","","","Neige"
"1981-12-09 18:00","1981","12","09","18:00"," ","-23,50","","-25,20","","86,00","","0,00","","0,00","","8,00","","95,77","","","","","","Neige"
"1981-12-09 19:00","1981","12","09","19:00"," ","-23,50","","-25,20","","86,00","","0,00","","0,00","","12,90","","95,74","","","","","","Neige"
"1981-12-09 20:00","1981","12","09","20:00"," ","-23,30","","-25,20","","84,00","","0,00","","0,00","","12,90","","95,71","","","","","","Neige en grains"
"1981-12-09 21:00","1981","12","09","21:00"," ","-23,40","","-25,20","","85,00","","0,00","","0,00","","12,90","","95,71","","","","","","Neige en grains"
"1981-12-09 22:00","1981","12","09","22:00"," ","-23,50","","-25,20","","86,00","","0,00","","0,00","","12,90","","95,67","","","","","","Neige en grains"
"1981-12-09 23:00","1981","12","09","23:00"," ","-23,50","","-25,20","","86,00","","0,00","","0,00","","12,90","","95,61","","","","","","Neige en grains"
"1981-12-10 00:00","1981","12","10","00:00"," ","-23,50","","-25,20","","86,00","","0,00","","0,00","","8,00","","95,61","","","","","","Neige en grains"
"1981-12-10 01:00","1981","12","10","01:00"," ","-23,40","","-25,20","","85,00","","0,00","","0,00","","9,70","","95,61","","","","","","Neige en grains"
"1981-12-10 02:00","1981","12","10","02:00"," ","-23,40","","-25,20","","85,00","","0,00","","0,00","","9,70","","95,55","","","","","","Neige en grains"
"1981-12-10 03:00","1981","12","10","03:00"," ","-23,40","","-25,20","","85,00","","0,00","","0,00","","12,90","","95,55","","","","","","Neige en grains"
"1981-12-10 04:00","1981","12","10","04:00"," ","-23,70","","-25,20","","88,00","","0,00","","0,00","","9,70","","95,55","","","","","","Neige en grains"
"1981-12-10 05:00","1981","12","10","05:00"," ","-23,70","","-25,20","","88,00","","0,00","","0,00","","9,70","","95,51","","","","","","Neige en grains"
"1981-12-10 06:00","1981","12","10","06:00"," ","-23,30","","-25,20","","84,00","","0,00","","0,00","","12,90","","95,51","","","","","","Neige en grains"
"1981-12-10 07:00","1981","12","10","07:00"," ","-23,70","","-25,20","","88,00","","0,00","","0,00","","12,90","","95,51","","","","","","Neige en grains"
"1981-12-10 08:00","1981","12","10","08:00"," ","-23,60","","-25,20","","87,00","","0,00","","0,00","","12,90","","95,48","","","","","","Neige en grains"
"1981-12-10 09:00","1981","12","10","09:00"," ","-23,90","","-25,70","","85,00","","0,00","","0,00","","12,90","","95,48","","","","","","Neige en grains"
"1981-12-10 10:00","1981","12","10","10:00"," ","-23,90","","-25,70","","85,00","","0,00","","0,00","","24,10","","95,51","","","","","","Neige en grains"
"1981-12-10 11:00","1981","12","10","11:00"," ","-24,20","","-25,70","","88,00","","0,00","","0,00","","24,10","","95,51","","","","","","Neige en grains"
"1981-12-10 12:00","1981","12","10","12:00"," ","-24,90","","-26,70","","85,00","","0,00","","0,00","","24,10","","95,51","","","","","","Neige en grains"
"1981-12-10 13:00","1981","12","10","13:00"," ","-24,10","","-25,70","","87,00","","0,00","","0,00","","24,10","","95,51","","","","","","Neige en grains"
"1981-12-10 14:00","1981","12","10","14:00"," ","-24,60","","-26,20","","87,00","","0,00","","0,00","","24,10","","95,51","","","","","","Généralement nuageux"
"1981-12-10 15:00","1981","12","10","15:00"," ","-26,00","","-27,70","","86,00","","0,00","","0,00","","32,20","","95,51","","","","","","Généralement nuageux"
"1981-12-10 16:00","1981","12","10","16:00"," ","-26,90","","-28,70","","84,00","","0,00","","0,00","","32,20","","95,55","","","","","","Généralement nuageux"
"1981-12-10 17:00","1981","12","10","17:00"," ","-28,50","","-30,10","","86,00","","0,00","","0,00","","32,20","","95,55","","","","","","Généralement nuageux"
"1981-12-10 18:00","1981","12","10","18:00"," ","-27,80","","-29,70","","83,00","","0,00","","0,00","","32,20","","95,58","","","","","","Généralement nuageux"
"1981-12-10 19:00","1981","12","10","19:00"," ","-27,80","","-29,70","","83,00","","0,00","","0,00","","32,20","","95,61","","","","","","Généralement nuageux"
"1981-12-10 20:00","1981","12","10","20:00"," ","-28,40","","-30,10","","85,00","","0,00","","0,00","","32,20","","95,61","","","","","","Généralement dégagé"
"1981-12-10 21:00","1981","12","10","21:00"," ","-28,10","","-30,90","","77,00","","0,00","","0,00","","32,20","","95,64","","","","","","Généralement dégagé"
"1981-12-10 22:00","1981","12","10","22:00"," ","-30,00","","-33,10","","74,00","","0,00","","0,00","","32,20","","95,67","","","","","","Généralement dégagé"
"1981-12-10 23:00","1981","12","10","23:00"," ","-31,10","","-32,50","","87,00","","0,00","","0,00","","32,20","","95,74","","","","","","Dégagé"
"1981-12-11 00:00","1981","12","11","00:00"," ","-32,50","","-33,90","","87,00","","0,00","","0,00","","32,20","","95,77","","","","","","Dégagé"
"1981-12-11 01:00","1981","12","11","01:00"," ","-33,30","","-34,80","","86,00","","0,00","","0,00","","32,20","","95,84","","","","","","Dégagé"
"1981-12-11 02:00","1981","12","11","02:00"," ","-33,80","","-35,30","","86,00","","0,00","","0,00","","32,20","","95,96","","","","","","Dégagé"
"1981-12-11 03:00","1981","12","11","03:00"," ","-34,70","","-35,70","","91,00","","0,00","","0,00","","32,20","","95,90","","","","","","Dégagé"
"1981-12-11 04:00","1981","12","11","04:00"," ","-34,70","","-35,70","","91,00","","0,00","","0,00","","32,20","","95,90","","","","","","Dégagé"
"1981-12-11 05:00","1981","12","11","05:00"," ","-35,10","","-36,20","","90,00","","0,00","","0,00","","32,20","","95,93","","","","","","Généralement dégagé"
"1981-12-11 06:00","1981","12","11","06:00"," ","-35,50","","-36,60","","89,00","","0,00","","0,00","","32,20","","95,96","","","","","","Généralement dégagé"
"1981-12-11 07:00","1981","12","11","07:00"," ","-35,80","","-37,00","","88,00","","0,00","","0,00","","32,20","","96,03","","","","","","Généralement dégagé"
"1981-12-11 08:00","1981","12","11","08:00"," ","-35,90","","-37,00","","89,00","","0,00","","0,00","","32,20","","96,06","","","","","","Nuageux"
"1981-12-11 09:00","1981","12","11","09:00"," ","-36,20","","-37,00","","92,00","","0,00","","0,00","","32,20","","96,13","","","","","","Généralement dégagé"
"1981-12-11 10:00","1981","12","11","10:00"," ","-35,60","","-36,60","","91,00","","0,00","","0,00","","32,20","","96,16","","","","","","Généralement dégagé"
"1981-12-11 11:00","1981","12","11","11:00"," ","-35,40","","-36,60","","89,00","","0,00","","0,00","","32,20","","96,19","","","","","","Généralement dégagé"
"1981-12-11 12:00","1981","12","11","12:00"," ","-35,60","","-36,60","","91,00","","0,00","","0,00","","32,20","","96,19","","","","","","Généralement dégagé"
"1981-12-11 13:00","1981","12","11","13:00"," ","-34,90","","-36,20","","88,00","","0,00","","0,00","","32,20","","96,26","","","","","","Généralement dégagé"
"1981-12-11 14:00","1981","12","11","14:00"," ","-34,10","","-35,30","","89,00","","0,00","","0,00","","32,20","","96,29","","","","","","Généralement dégagé"
"1981-12-11 15:00","1981","12","11","15:00"," ","-34,10","","-35,30","","89,00","","0,00","","0,00","","32,20","","96,32","","","","","","Généralement dégagé"
"1981-12-11 16:00","1981","12","11","16:00"," ","-34,80","","-36,20","","87,00","","0,00","","0,00","","32,20","","96,32","","","","","","Généralement dégagé"
"1981-12-11 17:00","1981","12","11","17:00"," ","-35,00","","-36,20","","89,00","","0,00","","0,00","","32,20","","96,35","","","","","","Généralement dégagé"
"1981-12-11 18:00","1981","12","11","18:00"," ","-35,10","","-36,20","","90,00","","0,00","","0,00","","32,20","","96,42","","","","","","Généralement dégagé"
"1981-12-11 19:00","1981","12","11","19:00"," ","-35,20","","-36,20","","91,00","","0,00","","0,00","","32,20","","96,45","","","","","","Généralement dégagé"
"1981-12-11 20:00","1981","12","11","20:00"," ","-35,60","","-36,60","","91,00","","0,00","","0,00","","32,20","","96,45","","","","","","Généralement dégagé"
"1981-12-11 21:00","1981","12","11","21:00"," ","-35,50","","-36,60","","89,00","","2,00","","4,00","","32,20","","96,48","","","","-41,00","","Généralement dégagé"
"1981-12-11 22:00","1981","12","11","22:00"," ","-34,80","","-36,20","","87,00","","0,00","","0,00","","32,20","","96,51","","","","","","Généralement nuageux"
"1981-12-11 23:00","1981","12","11","23:00"," ","-34,00","","-37,30","","72,00","","0,00","","0,00","","32,20","","96,51","","","","","","Nuageux"
"1981-12-12 00:00","1981","12","12","00:00"," ","-33,50","","-34,80","","88,00","","0,00","","0,00","","32,20","","96,55","","","","","","Nuageux"
"1981-12-12 01:00","1981","12","12","01:00"," ","-32,30","","-33,90","","85,00","","0,00","","0,00","","32,20","","96,58","","","","","","Nuageux"
"1981-12-12 02:00","1981","12","12","02:00"," ","-31,20","","-32,50","","88,00","","0,00","","0,00","","32,20","","96,61","","","","","","Nuageux"
"1981-12-12 03:00","1981","12","12","03:00"," ","-30,60","","-32,10","","87,00","","0,00","","0,00","","32,20","","96,58","","","","","","Nuageux"
"1981-12-12 04:00","1981","12","12","04:00"," ","-29,50","","-31,10","","86,00","","0,00","","0,00","","32,20","","96,58","","","","","","Nuageux"
"1981-12-12 05:00","1981","12","12","05:00"," ","-28,80","","-30,60","","84,00","","0,00","","0,00","","32,20","","96,51","","","","","","Nuageux"
"1981-12-12 06:00","1981","12","12","06:00"," ","-28,20","","-30,90","","78,00","","0,00","","0,00","","32,20","","96,51","","","","","","Nuageux"
"1981-12-12 07:00","1981","12","12","07:00"," ","-26,70","","-30,40","","71,00","","0,00","","0,00","","32,20","","96,51","","","","","","Nuageux"
"1981-12-12 08:00","1981","12","12","08:00"," ","-27,20","","-29,80","","79,00","","0,00","","0,00","","32,20","","96,51","","","","","","Nuageux"
"1981-12-12 09:00","1981","12","12","09:00"," ","-27,00","","-29,80","","77,00","","0,00","","0,00","","32,20","","96,48","","","","","","Nuageux"
"1981-12-12 10:00","1981","12","12","10:00"," ","-27,20","","-29,80","","79,00","","0,00","","0,00","","32,20","","96,45","","","","","","Nuageux"
"1981-12-12 11:00","1981","12","12","11:00"," ","-26,90","","-29,80","","76,00","","0,00","","0,00","","32,20","","96,45","","","","","","Généralement nuageux"
"1981-12-12 12:00","1981","12","12","12:00"," ","-27,70","","-30,40","","78,00","","0,00","","0,00","","32,20","","96,45","","","","","","Généralement nuageux"
"1981-12-12 13:00","1981","12","12","13:00"," ","-28,20","","-30,90","","78,00","","0,00","","0,00","","32,20","","96,45","","","","","","Généralement nuageux"
"1981-12-12 14:00","1981","12","12","14:00"," ","-28,20","","-29,70","","87,00","","0,00","","0,00","","32,20","","96,45","","","","","","Généralement nuageux"
"1981-12-12 15:00","1981","12","12","15:00"," ","-28,70","","-29,00","","97,00","","0,00","","0,00","","32,20","","96,42","","","","","","Généralement nuageux"
"1981-12-12 16:00","1981","12","12","16:00"," ","-29,20","","-29,40","","98,00","","0,00","","0,00","","32,20","","96,38","","","","","","Généralement nuageux"
"1981-12-12 17:00","1981","12","12","17:00"," ","-29,70","","-29,80","","100,00","","0,00","","0,00","","32,20","","96,35","","","","","","Généralement nuageux"
"1981-12-12 18:00","1981","12","12","18:00"," ","-28,70","","-29,00","","97,00","","0,00","","0,00","","32,20","","96,35","","","","","","Généralement nuageux"
"1981-12-12 19:00","1981","12","12","19:00"," ","-29,20","","-29,40","","98,00","","0,00","","0,00","","32,20","","96,32","","","","","","Généralement nuageux"
"1981-12-12 20:00","1981","12","12","20:00"," ","-28,50","","-30,10","","86,00","","0,00","","0,00","","32,20","","96,29","","","","","","Généralement nuageux"
"1981-12-12 21:00","1981","12","12","21:00"," ","-27,20","","-29,80","","79,00","","0,00","","0,00","","32,20","","96,26","","","","","","Nuageux"
"1981-12-12 22:00","1981","12","12","22:00"," ","-27,00","","-29,80","","77,00","","0,00","","0,00","","32,20","","96,26","","","","","","Nuageux"
"1981-12-12 23:00","1981","12","12","23:00"," ","-27,10","","-28,70","","86,00","","0,00","","0,00","","32,20","","96,26","","","","","","Généralement nuageux"
"1981-12-13 00:00","1981","12","13","00:00"," ","-25,90","","-28,80","","77,00","","0,00","","0,00","","32,20","","96,26","","","","","","Nuageux"
"1981-12-13 01:00","1981","12","13","01:00"," ","-24,70","","-27,10","","81,00","","0,00","","0,00","","32,20","","96,19","","","","","","Nuageux"
"1981-12-13 02:00","1981","12","13","02:00"," ","-25,00","","-27,70","","78,00","","0,00","","0,00","","32,20","","96,16","","","","","","Généralement nuageux"
"1981-12-13 03:00","1981","12","13","03:00"," ","-27,50","","-29,20","","85,00","","0,00","","0,00","","32,20","","96,09","","","","","","Généralement nuageux"
"1981-12-13 04:00","1981","12","13","04:00"," ","-26,70","","-28,20","","87,00","","0,00","","0,00","","32,20","","96,09","","","","","","Généralement nuageux"
"1981-12-13 05:00","1981","12","13","05:00"," ","-26,50","","-29,30","","77,00","","0,00","","0,00","","32,20","","96,06","","","","","","Généralement nuageux"
"1981-12-13 06:00","1981","12","13","06:00"," ","-27,30","","-29,20","","83,00","","0,00","","0,00","","32,20","","96,00","","","","","","Généralement nuageux"
"1981-12-13 07:00","1981","12","13","07:00"," ","-27,10","","-28,70","","86,00","","0,00","","0,00","","32,20","","96,00","","","","","","Généralement nuageux"
"1981-12-13 08:00","1981","12","13","08:00"," ","-26,00","","-28,80","","77,00","","0,00","","0,00","","32,20","","95,93","","","","","","Généralement nuageux"
"1981-12-13 09:00","1981","12","13","09:00"," ","-26,80","","-29,80","","76,00","","0,00","","0,00","","32,20","","95,87","","","","","","Généralement nuageux"
"1981-12-13 10:00","1981","12","13","10:00"," ","-26,50","","-29,30","","77,00","","0,00","","0,00","","32,20","","95,87","","","","","","Nuageux"
"1981-12-13 11:00","1981","12","13","11:00"," ","-25,00","","-27,70","","78,00","","0,00","","0,00","","32,20","","95,87","","","","","","Nuageux"
"1981-12-13 12:00","1981","12","13","12:00"," ","-23,70","","-26,00","","82,00","","0,00","","0,00","","32,20","","95,77","","","","","","Généralement nuageux"
"1981-12-13 13:00","1981","12","13","13:00"," ","-23,00","","-25,50","","80,00","","0,00","","0,00","","32,20","","95,74","","","","","","Généralement nuageux"
"1981-12-13 14:00","1981","12","13","14:00"," ","-23,90","","-26,60","","79,00","","0,00","","0,00","","32,20","","95,67","","","","","","Généralement dégagé"
"1981-12-13 15:00","1981","12","13","15:00"," ","-24,80","","-27,70","","77,00","","0,00","","0,00","","32,20","","95,61","","","","","","Généralement dégagé"
"1981-12-13 16:00","1981","12","13","16:00"," ","-26,00","","-28,80","","77,00","","0,00","","0,00","","32,20","","95,55","","","","","","Généralement dégagé"
"1981-12-13 17:00","1981","12","13","17:00"," ","-27,00","","-28,70","","85,00","","0,00","","0,00","","32,20","","95,48","","","","","","Généralement dégagé"
"1981-12-13 18:00","1981","12","13","18:00"," ","-28,00","","-29,70","","85,00","","0,00","","0,00","","32,20","","95,42","","","","","","Dégagé"
"1981-12-13 19:00","1981","12","13","19:00"," ","-28,60","","-30,10","","87,00","","0,00","","0,00","","32,20","","95,35","","","","","","Dégagé"
"1981-12-13 20:00","1981","12","13","20:00"," ","-28,80","","-29,40","","94,00","","0,00","","0,00","","32,20","","95,25","","","","","","Dégagé"
"1981-12-13 21:00","1981","12","13","21:00"," ","-29,00","","-30,60","","86,00","","0,00","","0,00","","32,20","","95,25","","","","","","Dégagé"
"1981-12-13 22:00","1981","12","13","22:00"," ","-29,60","","-29,80","","98,00","","0,00","","0,00","","32,20","","95,19","","","","","","Généralement dégagé"
"1981-12-13 23:00","1981","12","13","23:00"," ","-30,00","","-31,60","","86,00","","0,00","","0,00","","32,20","","95,13","","","","","","Généralement dégagé"
"1981-12-14 00:00","1981","12","14","00:00"," ","-30,30","","-32,10","","84,00","","0,00","","0,00","","32,20","","95,03","","","","","","Généralement dégagé"
"1981-12-14 01:00","1981","12","14","01:00"," ","-30,60","","-32,10","","87,00","","0,00","","0,00","","32,20","","95,03","","","","","","Généralement dégagé"
"1981-12-14 02:00","1981","12","14","02:00"," ","-31,00","","-32,50","","86,00","","0,00","","0,00","","32,20","","95,00","","","","","","Généralement dégagé"
"1981-12-14 03:00","1981","12","14","03:00"," ","-31,50","","-33,00","","86,00","","0,00","","0,00","","32,20","","94,93","","","","","","Généralement dégagé"
"1981-12-14 04:00","1981","12","14","04:00"," ","-31,50","","-33,00","","86,00","","0,00","","0,00","","32,20","","94,87","","","","","","Généralement dégagé"
"1981-12-14 05:00","1981","12","14","05:00"," ","-31,60","","-33,00","","87,00","","0,00","","0,00","","32,20","","94,80","","","","","","Généralement dégagé"
"1981-12-14 06:00","1981","12","14","06:00"," ","-31,10","","-32,50","","87,00","","0,00","","0,00","","32,20","","94,77","","","","","","Généralement dégagé"
"1981-12-14 07:00","1981","12","14","07:00"," ","-31,40","","-33,00","","86,00","","0,00","","0,00","","32,20","","94,71","","","","","","Généralement nuageux"
"1981-12-14 08:00","1981","12","14","08:00"," ","-31,60","","-33,00","","87,00","","0,00","","0,00","","32,20","","94,71","","","","","","Généralement dégagé"
"1981-12-14 09:00","1981","12","14","09:00"," ","-31,10","","-34,10","","75,00","","0,00","","0,00","","32,20","","94,67","","","","","","Nuageux"
"1981-12-14 10:00","1981","12","14","10:00"," ","-30,50","","-33,60","","74,00","","0,00","","0,00","","32,20","","94,61","","","","","","Nuageux"
"1981-12-14 11:00","1981","12","14","11:00"," ","-30,10","","-33,10","","75,00","","0,00","","0,00","","32,20","","94,61","","","","","","Généralement nuageux"
"1981-12-14 12:00","1981","12","14","12:00"," ","-29,90","","-33,10","","73,00","","0,00","","0,00","","32,20","","94,61","","","","","","Nuageux"
"1981-12-14 13:00","1981","12","14","13:00"," ","-30,00","","-32,00","","83,00","","0,00","","0,00","","32,20","","94,61","","","","","","Nuageux"
"1981-12-14 14:00","1981","12","14","14:00"," ","-27,30","","-31,90","","65,00","","0,00","","0,00","","32,20","","94,61","","","","","","Généralement nuageux"
"1981-12-14 15:00","1981","12","14","15:00"," ","-25,20","","-28,80","","72,00","","0,00","","0,00","","32,20","","94,61","","","","","","Généralement nuageux"
"1981-12-14 16:00","1981","12","14","16:00"," ","-25,00","","-27,70","","78,00","","0,00","","0,00","","32,20","","94,61","","","","","","Généralement nuageux"
"1981-12-14 17:00","1981","12","14","17:00"," ","-27,60","","-30,40","","77,00","","0,00","","0,00","","32,20","","94,61","","","","","","Généralement dégagé"
"1981-12-14 18:00","1981","12","14","18:00"," ","-29,30","","-29,80","","95,00","","0,00","","0,00","","32,20","","94,64","","","","","","Dégagé"
"1981-12-14 19:00","1981","12","14","19:00"," ","-30,30","","-30,70","","96,00","","0,00","","0,00","","32,20","","94,67","","","","","","Dégagé"
"1981-12-14 20:00","1981","12","14","20:00"," ","-31,00","","-31,10","","99,00","","0,00","","0,00","","32,20","","94,67","","","","","","Dégagé"
"1981-12-14 21:00","1981","12","14","21:00"," ","-31,60","","-33,00","","87,00","","0,00","","0,00","","32,20","","94,71","","","","","","Généralement dégagé"
"1981-12-14 22:00","1981","12","14","22:00"," ","-32,00","","-33,50","","86,00","","0,00","","0,00","","32,20","","94,77","","","","","","Dégagé"
"1981-12-14 23:00","1981","12","14","23:00"," ","-32,60","","-33,90","","88,00","","0,00","","0,00","","32,20","","94,80","","","","","","Généralement dégagé"
"1981-12-15 00:00","1981","12","15","00:00"," ","-32,70","","-33,90","","89,00","","0,00","","0,00","","32,20","","94,84","","","","","","Généralement dégagé"
"1981-12-15 01:00","1981","12","15","01:00"," ","-33,00","","-34,40","","87,00","","0,00","","0,00","","32,20","","94,87","","","","","","Généralement dégagé"
"1981-12-15 02:00","1981","12","15","02:00"," ","-33,00","","-34,40","","87,00","","0,00","","0,00","","32,20","","94,90","","","","","","Dégagé"
"1981-12-15 03:00","1981","12","15","03:00"," ","-33,50","","-34,80","","88,00","","0,00","","0,00","","32,20","","94,96","","","","","","Dégagé"
"1981-12-15 04:00","1981","12","15","04:00"," ","-33,60","","-34,80","","89,00","","0,00","","0,00","","32,20","","94,96","","","","","","Dégagé"
"1981-12-15 05:00","1981","12","15","05:00"," ","-34,20","","-35,30","","90,00","","0,00","","0,00","","32,20","","94,96","","","","","","Dégagé"
"1981-12-15 06:00","1981","12","15","06:00"," ","-34,00","","-35,30","","88,00","","0,00","","0,00","","32,20","","95,00","","","","","","Dégagé"
"1981-12-15 07:00","1981","12","15","07:00"," ","-34,10","","-35,30","","89,00","","0,00","","0,00","","32,20","","95,03","","","","","","Dégagé"
"1981-12-15 08:00","1981","12","15","08:00"," ","-34,10","","-35,30","","89,00","","0,00","","0,00","","32,20","","95,03","","","","","","Dégagé"
"1981-12-15 09:00","1981","12","15","09:00"," ","-34,20","","-35,30","","90,00","","0,00","","0,00","","32,20","","95,09","","","","","","Dégagé"
"1981-12-15 10:00","1981","12","15","10:00"," ","-34,10","","-35,30","","89,00","","0,00","","0,00","","32,20","","95,09","","","","","","Généralement dégagé"
"1981-12-15 11:00","1981","12","15","11:00"," ","-34,00","","-35,30","","88,00","","0,00","","0,00","","32,20","","95,16","","","","","","Généralement dégagé"
"1981-12-15 12:00","1981","12","15","12:00"," ","-33,10","","-34,40","","88,00","","0,00","","0,00","","32,20","","95,16","","","","","","Généralement nuageux"
"1981-12-15 13:00","1981","12","15","13:00"," ","-32,30","","-33,90","","85,00","","0,00","","0,00","","32,20","","95,16","","","","","","Nuageux"
"1981-12-15 14:00","1981","12","15","14:00"," ","-31,00","","-34,10","","74,00","","0,00","","0,00","","32,20","","95,19","","","","","","Nuageux"
"1981-12-15 15:00","1981","12","15","15:00"," ","-30,30","","-35,40","","61,00","","0,00","","0,00","","32,20","","95,19","","","","","","Nuageux"
"1981-12-15 16:00","1981","12","15","16:00"," ","-30,40","","-33,60","","73,00","","0,00","","0,00","","32,20","","95,19","","","","","","Généralement nuageux"
"1981-12-15 17:00","1981","12","15","17:00"," ","-31,20","","-34,10","","75,00","","0,00","","0,00","","32,20","","95,19","","","","","","Généralement dégagé"
"1981-12-15 18:00","1981","12","15","18:00"," ","-31,80","","-35,20","","71,00","","0,00","","0,00","","32,20","","95,22","","","","","","Dégagé"
"1981-12-15 19:00","1981","12","15","19:00"," ","-32,00","","-35,20","","73,00","","0,00","","0,00","","32,20","","95,22","","","","","","Dégagé"
"1981-12-15 20:00","1981","12","15","20:00"," ","-31,60","","-33,00","","87,00","","0,00","","0,00","","32,20","","95,22","","","","","","Généralement dégagé"
"1981-12-15 21:00","1981","12","15","21:00"," ","-28,80","","-30,60","","84,00","","0,00","","0,00","","32,20","","95,25","","","","","","Généralement nuageux"
"1981-12-15 22:00","1981","12","15","22:00"," ","-26,70","","-29,30","","79,00","","0,00","","0,00","","32,20","","95,25","","","","","","Généralement nuageux"
"1981-12-15 23:00","1981","12","15","23:00"," ","-26,80","","-29,80","","76,00","","0,00","","0,00","","32,20","","95,29","","","","","","Généralement nuageux"
"1981-12-16 00:00","1981","12","16","00:00"," ","-25,30","","-28,20","","77,00","","0,00","","0,00","","32,20","","95,35","","","","","","Généralement nuageux"
"1981-12-16 01:00","1981","12","16","01:00"," ","-24,10","","-25,70","","87,00","","0,00","","0,00","","32,20","","95,38","","","","","","Nuageux"
"1981-12-16 02:00","1981","12","16","02:00"," ","-22,90","","-24,70","","85,00","","0,00","","0,00","","32,20","","95,45","","","","","","Nuageux"
"1981-12-16 03:00","1981","12","16","03:00"," ","-22,60","","-24,10","","88,00","","0,00","","0,00","","32,20","","95,45","","","","","","Généralement nuageux"
"1981-12-16 04:00","1981","12","16","04:00"," ","-23,40","","-25,20","","85,00","","0,00","","0,00","","32,20","","95,45","","","","","","Généralement nuageux"
"1981-12-16 05:00","1981","12","16","05:00"," ","-24,60","","-26,20","","87,00","","0,00","","0,00","","32,20","","95,51","","","","","","Généralement dégagé"
"1981-12-16 06:00","1981","12","16","06:00"," ","-24,70","","-26,20","","88,00","","0,00","","0,00","","32,20","","95,51","","","","","","Généralement nuageux"
"1981-12-16 07:00","1981","12","16","07:00"," ","-23,60","","-25,20","","87,00","","0,00","","0,00","","32,20","","95,51","","","","","","Généralement dégagé"
"1981-12-16 08:00","1981","12","16","08:00"," ","-25,60","","-27,20","","86,00","","0,00","","0,00","","32,20","","95,55","","","","","","Généralement dégagé"
"1981-12-16 09:00","1981","12","16","09:00"," ","-26,70","","-28,20","","87,00","","0,00","","0,00","","32,20","","95,51","","","","","","Généralement nuageux"
"1981-12-16 10:00","1981","12","16","10:00"," ","-27,20","","-28,70","","87,00","","0,00","","0,00","","32,20","","95,48","","","","","","Nuageux"
"1981-12-16 11:00","1981","12","16","11:00"," ","-25,80","","-27,70","","84,00","","0,00","","0,00","","32,20","","95,51","","","","","","Nuageux"
"1981-12-16 12:00","1981","12","16","12:00"," ","-25,20","","-26,70","","88,00","","0,00","","0,00","","32,20","","95,51","","","","","","Nuageux"
"1981-12-16 13:00","1981","12","16","13:00"," ","-23,70","","-25,20","","88,00","","0,00","","0,00","","32,20","","95,38","","","","","","Nuageux"
"1981-12-16 14:00","1981","12","16","14:00"," ","-23,00","","-25,50","","80,00","","0,00","","0,00","","32,20","","95,25","","","","","","Nuageux"
"1981-12-16 15:00","1981","12","16","15:00"," ","-17,40","","-20,10","","79,00","","9,00","","9,00","","32,20","","95,16","","","","-24,00","","Nuageux"
"1981-12-16 16:00","1981","12","16","16:00"," ","-15,30","","-17,80","","81,00","","9,00","","9,00","","32,20","","95,03","","","","-21,00","","Nuageux"
"1981-12-16 17:00","1981","12","16","17:00"," ","-11,20","","-12,70","","89,00","","9,00","","13,00","","16,10","","94,84","","","","-18,00","","Neige"
"1981-12-16 18:00","1981","12","16","18:00"," ","-9,80","","-11,60","","86,00","","2,00","","11,00","","32,20","","94,71","","","","-15,00","","Généralement nuageux"
"1981-12-16 19:00","1981","12","16","19:00"," ","-8,40","","-9,90","","89,00","","6,00","","15,00","","32,20","","94,61","","","","-15,00","","Généralement nuageux"
"1981-12-16 20:00","1981","12","16","20:00"," ","-7,20","","-8,90","","88,00","","4,00","","20,00","","32,20","","94,48","","","","-14,00","","Nuageux"
"1981-12-16 21:00","1981","12","16","21:00"," ","-6,00","","-8,30","","84,00","","3,00","","15,00","","32,20","","94,38","","","","-12,00","","Nuageux"
"1981-12-16 22:00","1981","12","16","22:00"," ","-5,40","","-8,10","","81,00","","3,00","","20,00","","32,20","","94,35","","","","-12,00","","Nuageux"
"1981-12-16 23:00","1981","12","16","23:00"," ","-2,80","","-6,90","","73,00","","7,00","","13,00","","32,20","","94,25","","","","-7,00","","Nuageux"
"1981-12-17 00:00","1981","12","17","00:00"," ","-1,90","","-7,20","","67,00","","2,00","","13,00","","32,20","","94,19","","","","-6,00","","Généralement nuageux"
"1981-12-17 01:00","1981","12","17","01:00"," ","-1,50","","-6,50","","69,00","","7,00","","19,00","","32,20","","94,13","","","","-7,00","","Nuageux"
"1981-12-17 02:00","1981","12","17","02:00"," ","-0,50","","-5,40","","69,00","","8,00","","20,00","","32,20","","94,09","","","","-6,00","","Nuageux"
"1981-12-17 03:00","1981","12","17","03:00"," ","-0,30","","-5,50","","68,00","","9,00","","20,00","","32,20","","94,00","","","","-6,00","","Nuageux"
"1981-12-17 04:00","1981","12","17","04:00"," ","0,20","","-4,80","","69,00","","10,00","","26,00","","32,20","","93,87","","","","","","Nuageux"
"1981-12-17 05:00","1981","12","17","05:00"," ","0,50","","-3,50","","74,00","","11,00","","15,00","","32,20","","93,87","","","","","","Nuageux"
"1981-12-17 06:00","1981","12","17","06:00"," ","1,00","","-3,40","","72,00","","9,00","","17,00","","32,20","","93,83","","","","","","Nuageux"
"1981-12-17 07:00","1981","12","17","07:00"," ","1,50","","-4,50","","64,00","","9,00","","15,00","","32,20","","93,83","","","","","","Généralement nuageux"
"1981-12-17 08:00","1981","12","17","08:00"," ","1,80","","-4,40","","64,00","","10,00","","13,00","","32,20","","93,87","","","","","","Généralement nuageux"
"1981-12-17 09:00","1981","12","17","09:00"," ","1,90","","-4,40","","63,00","","9,00","","7,00","","32,20","","93,83","","","","","","Généralement nuageux"
"1981-12-17 10:00","1981","12","17","10:00"," ","0,50","","-4,10","","71,00","","6,00","","7,00","","32,20","","93,96","","","","","","Généralement nuageux"
"1981-12-17 11:00","1981","12","17","11:00"," ","0,30","","-4,40","","71,00","","0,00","","0,00","","32,20","","94,03","","","","","","Généralement nuageux"
"1981-12-17 12:00","1981","12","17","12:00"," ","-0,50","","-4,50","","74,00","","6,00","","9,00","","32,20","","94,03","","","","-4,00","","Généralement nuageux"
"1981-12-17 13:00","1981","12","17","13:00"," ","-0,30","","-4,00","","76,00","","3,00","","13,00","","32,20","","94,06","","","","-4,00","","Généralement nuageux"
"1981-12-17 14:00","1981","12","17","14:00"," ","-0,70","","-4,50","","75,00","","3,00","","9,00","","32,20","","94,06","","","","-4,00","","Généralement nuageux"
"1981-12-17 15:00","1981","12","17","15:00"," ","-0,40","","-4,70","","72,00","","2,00","","7,00","","32,20","","94,09","","","","-3,00","","Généralement nuageux"
"1981-12-17 16:00","1981","12","17","16:00"," ","-1,00","","-4,60","","76,00","","7,00","","11,00","","32,20","","94,06","","","","-5,00","","Nuageux"
"1981-12-17 17:00","1981","12","17","17:00"," ","0,80","","-4,00","","70,00","","5,00","","9,00","","32,20","","93,93","","","","","","Nuageux"
"1981-12-17 18:00","1981","12","17","18:00"," ","2,40","","-3,70","","64,00","","7,00","","15,00","","32,20","","93,90","","","","","","Nuageux"
"1981-12-17 19:00","1981","12","17","19:00"," ","3,20","","-4,80","","56,00","","9,00","","15,00","","32,20","","93,80","","","","","","Nuageux"
"1981-12-17 20:00","1981","12","17","20:00"," ","2,20","","-3,00","","68,00","","7,00","","9,00","","32,20","","93,67","","","","","","Nuageux"
"1981-12-17 21:00","1981","12","17","21:00"," ","1,60","","-3,90","","67,00","","3,00","","13,00","","32,20","","93,61","","","","","","Nuageux"
"1981-12-17 22:00","1981","12","17","22:00"," ","2,00","","-3,20","","68,00","","4,00","","13,00","","32,20","","93,51","","","","","","Nuageux"
"1981-12-17 23:00","1981","12","17","23:00"," ","2,70","","-3,60","","63,00","","9,00","","15,00","","32,20","","93,42","","","","","","Nuageux"
"1981-12-18 00:00","1981","12","18","00:00"," ","3,80","","-5,40","","51,00","","8,00","","15,00","","32,20","","93,35","","","","","","Nuageux"
"1981-12-18 01:00","1981","12","18","01:00"," ","3,80","","-4,10","","56,00","","9,00","","15,00","","32,20","","93,29","","","","","","Nuageux"
"1981-12-18 02:00","1981","12","18","02:00"," ","4,80","","-4,60","","50,00","","7,00","","33,00","","32,20","","93,25","","","","","","Nuageux"
"1981-12-18 03:00","1981","12","18","03:00"," ","4,20","","-4,10","","55,00","","5,00","","17,00","","32,20","","93,16","","","","","","Nuageux"
"1981-12-18 04:00","1981","12","18","04:00"," ","4,50","","-4,00","","54,00","","7,00","","19,00","","32,20","","93,09","","","","","","Nuageux"
"1981-12-18 05:00","1981","12","18","05:00"," ","5,30","","-3,90","","52,00","","9,00","","26,00","","32,20","","92,96","","","","","","Nuageux"
"1981-12-18 06:00","1981","12","18","06:00"," ","4,80","","-3,30","","56,00","","8,00","","28,00","","32,20","","92,83","","","","","","Généralement nuageux"
"1981-12-18 07:00","1981","12","18","07:00"," ","4,90","","-3,30","","55,00","","8,00","","30,00","","32,20","","92,74","","","","","","Nuageux"
"1981-12-18 08:00","1981","12","18","08:00"," ","4,70","","-2,80","","58,00","","7,00","","13,00","","32,20","","92,67","","","","","","Nuageux"
"1981-12-18 09:00","1981","12","18","09:00"," ","4,70","","-2,80","","58,00","","8,00","","15,00","","32,20","","92,61","","","","","","Nuageux"
"1981-12-18 10:00","1981","12","18","10:00"," ","4,80","","0,50","","74,00","","9,00","","9,00","","24,10","","92,61","","","","","","Nuageux"
"1981-12-18 11:00","1981","12","18","11:00"," ","3,30","","-1,20","","72,00","","2,00","","13,00","","24,10","","92,61","","","","","","Nuageux"
"1981-12-18 12:00","1981","12","18","12:00"," ","3,70","","-1,20","","70,00","","9,00","","17,00","","24,10","","92,54","","","","","","Nuageux"
"1981-12-18 13:00","1981","12","18","13:00"," ","2,60","","-0,80","","78,00","","5,00","","11,00","","24,10","","92,58","","","","","","Nuageux"
"1981-12-18 14:00","1981","12","18","14:00"," ","2,30","","0,20","","86,00","","3,00","","4,00","","24,10","","92,58","","","","","","Nuageux"
"1981-12-18 15:00","1981","12","18","15:00"," ","2,40","","-0,30","","82,00","","12,00","","4,00","","32,20","","92,58","","","","","","Nuageux"
"1981-12-18 16:00","1981","12","18","16:00"," ","3,20","","-0,80","","75,00","","13,00","","13,00","","32,20","","92,54","","","","","","Nuageux"
"1981-12-18 17:00","1981","12","18","17:00"," ","2,30","","-0,80","","80,00","","22,00","","6,00","","32,20","","92,61","","","","","","Nuageux"
"1981-12-18 18:00","1981","12","18","18:00"," ","3,40","","-3,50","","61,00","","20,00","","9,00","","32,20","","92,61","","","","","","Nuageux"
"1981-12-18 19:00","1981","12","18","19:00"," ","3,30","","-3,50","","61,00","","21,00","","9,00","","32,20","","92,61","","","","","","Nuageux"
"1981-12-18 20:00","1981","12","18","20:00"," ","1,20","","-2,30","","77,00","","0,00","","0,00","","32,20","","92,64","","","","","","Nuageux"
"1981-12-18 21:00","1981","12","18","21:00"," ","2,40","","-1,90","","73,00","","24,00","","9,00","","32,20","","92,71","","","","","","Nuageux"
"1981-12-18 22:00","1981","12","18","22:00"," ","0,10","","-0,40","","96,00","","7,00","","4,00","","3,20","","92,71","","","","","","Neige"
"1981-12-18 23:00","1981","12","18","23:00"," ","0,30","","-0,20","","96,00","","0,00","","0,00","","3,20","","92,74","","","","","","Neige"
"1981-12-19 00:00","1981","12","19","00:00"," ","-0,70","","-1,10","","97,00","","0,00","","0,00","","16,10","","92,77","","","","","","Généralement nuageux"
"1981-12-19 01:00","1981","12","19","01:00"," ","-1,80","","-2,50","","95,00","","0,00","","0,00","","32,20","","92,77","","","","","","Généralement dégagé"
"1981-12-19 02:00","1981","12","19","02:00"," ","-2,50","","-2,80","","98,00","","0,00","","0,00","","32,20","","92,77","","","","","","Généralement dégagé"
"1981-12-19 03:00","1981","12","19","03:00"," ","-4,50","","-4,80","","98,00","","0,00","","0,00","","32,20","","92,77","","","","","","Généralement dégagé"
"1981-12-19 04:00","1981","12","19","04:00"," ","-4,40","","-5,10","","95,00","","0,00","","0,00","","32,20","","92,77","","","","","","Généralement nuageux"
"1981-12-19 05:00","1981","12","19","05:00"," ","-4,60","","-5,10","","96,00","","0,00","","0,00","","32,20","","92,77","","","","","","Généralement nuageux"
"1981-12-19 06:00","1981","12","19","06:00"," ","-5,80","","-6,50","","95,00","","0,00","","0,00","","32,20","","92,77","","","","","","Généralement nuageux"
"1981-12-19 07:00","1981","12","19","07:00"," ","-7,20","","-7,30","","100,00","","0,00","","0,00","","32,20","","92,77","","","","","","Généralement dégagé"
"1981-12-19 08:00","1981","12","19","08:00"," ","-8,70","","-8,90","","99,00","","0,00","","0,00","","32,20","","92,77","","","","","","Généralement dégagé"
"1981-12-19 09:00","1981","12","19","09:00"," ","-10,40","","-13,00","","81,00","","0,00","","0,00","","32,20","","92,83","","","","","","Généralement dégagé"
"1981-12-19 10:00","1981","12","19","10:00"," ","-9,80","","-11,60","","86,00","","0,00","","0,00","","32,20","","92,83","","","","","","Généralement nuageux"
"1981-12-19 11:00","1981","12","19","11:00"," ","-9,40","","-10,70","","90,00","","0,00","","0,00","","32,20","","92,77","","","","","","Généralement nuageux"
"1981-12-19 12:00","1981","12","19","12:00"," ","-11,30","","-12,90","","88,00","","0,00","","0,00","","32,20","","92,71","","","","","","Généralement dégagé"
"1981-12-19 13:00","1981","12","19","13:00"," ","-11,70","","-12,90","","91,00","","0,00","","0,00","","32,20","","92,67","","","","","","Généralement dégagé"
"1981-12-19 14:00","1981","12","19","14:00"," ","-12,20","","-13,40","","91,00","","0,00","","0,00","","32,20","","92,77","","","","","","Généralement dégagé"
"1981-12-19 15:00","1981","12","19","15:00"," ","-12,90","","-14,60","","87,00","","0,00","","0,00","","32,20","","92,87","","","","","","Généralement nuageux"
"1981-12-19 16:00","1981","12","19","16:00"," ","-11,10","","-12,30","","91,00","","6,00","","6,00","","32,20","","92,83","","","","-15,00","","Généralement dégagé"
"1981-12-19 17:00","1981","12","19","17:00"," ","-13,60","","-14,20","","95,00","","0,00","","0,00","","32,20","","92,87","","","","","","Généralement nuageux"
"1981-12-19 18:00","1981","12","19","18:00"," ","-14,30","","-15,30","","92,00","","7,00","","4,00","","32,20","","92,93","","","","-17,00","","Généralement nuageux"
"1981-12-19 19:00","1981","12","19","19:00"," ","-15,20","","-15,80","","95,00","","0,00","","0,00","","32,20","","92,93","","","","","","Généralement dégagé"
"1981-12-19 20:00","1981","12","19","20:00"," ","-16,00","","-17,30","","90,00","","0,00","","0,00","","32,20","","92,90","","","","","","Généralement dégagé"
"1981-12-19 21:00","1981","12","19","21:00"," ","-15,60","","-16,80","","91,00","","0,00","","0,00","","32,20","","92,93","","","","","","Généralement nuageux"
"1981-12-19 22:00","1981","12","19","22:00"," ","-15,50","","-16,80","","90,00","","0,00","","0,00","","32,20","","92,96","","","","","","Nuageux"
"1981-12-19 23:00","1981","12","19","23:00"," ","-15,70","","-16,80","","92,00","","0,00","","0,00","","32,20","","92,96","","","","","","Généralement nuageux"
"1981-12-20 00:00","1981","12","20","00:00"," ","-16,30","","-17,90","","87,00","","0,00","","0,00","","32,20","","93,00","","","","","","Généralement nuageux"
"1981-12-20 01:00","1981","12","20","01:00"," ","-15,10","","-16,30","","91,00","","0,00","","0,00","","32,20","","93,09","","","","","","Nuageux"
"1981-12-20 02:00","1981","12","20","02:00"," ","-15,70","","-17,30","","88,00","","0,00","","0,00","","24,10","","93,13","","","","","","Nuageux"
"1981-12-20 03:00","1981","12","20","03:00"," ","-16,00","","-17,90","","85,00","","0,00","","0,00","","32,20","","93,16","","","","","","Nuageux"
"1981-12-20 04:00","1981","12","20","04:00"," ","-15,20","","-16,80","","88,00","","0,00","","0,00","","32,20","","93,25","","","","","","Nuageux"
"1981-12-20 05:00","1981","12","20","05:00"," ","-14,80","","-16,80","","85,00","","0,00","","0,00","","32,20","","93,29","","","","","","Nuageux"
"1981-12-20 06:00","1981","12","20","06:00"," ","-13,90","","-15,70","","86,00","","0,00","","0,00","","32,20","","93,35","","","","","","Nuageux"
"1981-12-20 07:00","1981","12","20","07:00"," ","-14,00","","-15,70","","87,00","","0,00","","0,00","","32,20","","93,38","","","","","","Nuageux"
"1981-12-20 08:00","1981","12","20","08:00"," ","-13,80","","-15,70","","85,00","","0,00","","0,00","","32,20","","93,45","","","","","","Nuageux"
"1981-12-20 09:00","1981","12","20","09:00"," ","-12,40","","-14,00","","88,00","","0,00","","0,00","","24,10","","93,51","","","","","","Neige"
"1981-12-20 10:00","1981","12","20","10:00"," ","-11,70","","-12,90","","91,00","","0,00","","0,00","","2,40","","93,58","","","","","","Neige"
"1981-12-20 11:00","1981","12","20","11:00"," ","-11,40","","-12,90","","89,00","","0,00","","0,00","","1,20","","93,67","","","","","","Neige"
"1981-12-20 12:00","1981","12","20","12:00"," ","-11,10","","-12,30","","91,00","","0,00","","0,00","","2,40","","93,71","","","","","","Neige"
"1981-12-20 13:00","1981","12","20","13:00"," ","-10,30","","-11,80","","89,00","","0,00","","0,00","","1,20","","93,77","","","","","","Neige"
"1981-12-20 14:00","1981","12","20","14:00"," ","-10,10","","-11,20","","92,00","","0,00","","0,00","","1,20","","93,87","","","","","","Neige"
"1981-12-20 15:00","1981","12","20","15:00"," ","-10,20","","-11,20","","92,00","","0,00","","0,00","","1,60","","93,93","","","","","","Neige"
"1981-12-20 16:00","1981","12","20","16:00"," ","-10,30","","-11,80","","89,00","","0,00","","0,00","","1,60","","94,00","","","","","","Neige"
"1981-12-20 17:00","1981","12","20","17:00"," ","-10,50","","-11,80","","90,00","","0,00","","0,00","","1,60","","94,06","","","","","","Neige"
"1981-12-20 18:00","1981","12","20","18:00"," ","-10,40","","-11,80","","89,00","","0,00","","0,00","","1,60","","94,13","","","","","","Neige"
"1981-12-20 19:00","1981","12","20","19:00"," ","-10,10","","-11,20","","92,00","","0,00","","0,00","","1,60","","94,16","","","","","","Neige"
"1981-12-20 20:00","1981","12","20","20:00"," ","-10,30","","-11,80","","89,00","","0,00","","0,00","","1,60","","94,22","","","","","","Neige"
"1981-12-20 21:00","1981","12","20","21:00"," ","-10,20","","-11,20","","92,00","","0,00","","0,00","","1,60","","94,29","","","","","","Neige"
"1981-12-20 22:00","1981","12","20","22:00"," ","-10,20","","-11,20","","92,00","","0,00","","0,00","","1,60","","94,35","","","","","","Neige"
"1981-12-20 23:00","1981","12","20","23:00"," ","-10,80","","-11,90","","91,00","","0,00","","0,00","","1,60","","94,42","","","","","","Neige"
"1981-12-21 00:00","1981","12","21","00:00"," ","-11,00","","-12,70","","87,00","","0,00","","0,00","","1,60","","94,48","","","","","","Neige"
"1981-12-21 01:00","1981","12","21","01:00"," ","-11,30","","-13,30","","85,00","","0,00","","0,00","","1,60","","94,58","","","","","","Neige"
"1981-12-21 02:00","1981","12","21","02:00"," ","-11,80","","-13,90","","84,00","","0,00","","0,00","","1,60","","94,61","","","","","","Neige"
"1981-12-21 03:00","1981","12","21","03:00"," ","-12,10","","-13,90","","87,00","","0,00","","0,00","","3,20","","94,67","","","","","","Neige"
"1981-12-21 04:00","1981","12","21","04:00"," ","-11,60","","-13,30","","87,00","","0,00","","0,00","","3,20","","94,71","","","","","","Neige"
"1981-12-21 05:00","1981","12","21","05:00"," ","-11,40","","-13,30","","86,00","","0,00","","0,00","","3,20","","94,77","","","","","","Neige"
"1981-12-21 06:00","1981","12","21","06:00"," ","-11,40","","-13,30","","86,00","","0,00","","0,00","","3,20","","94,77","","","","","","Neige"
"1981-12-21 07:00","1981","12","21","07:00"," ","-11,10","","-12,30","","91,00","","0,00","","0,00","","8,00","","94,87","","","","","","Nuageux"
"1981-12-21 08:00","1981","12","21","08:00"," ","-10,80","","-12,30","","89,00","","0,00","","0,00","","12,90","","95,00","","","","","","Nuageux"
"1981-12-21 09:00","1981","12","21","09:00"," ","-10,60","","-11,80","","91,00","","0,00","","0,00","","24,10","","94,96","","","","","","Nuageux"
"1981-12-21 10:00","1981","12","21","10:00"," ","-10,50","","-11,80","","90,00","","0,00","","0,00","","32,20","","95,00","","","","","","Nuageux"
"1981-12-21 11:00","1981","12","21","11:00"," ","-10,50","","-11,80","","90,00","","0,00","","0,00","","32,20","","95,06","","","","","","Nuageux"
"1981-12-21 12:00","1981","12","21","12:00"," ","-10,50","","-11,80","","90,00","","0,00","","0,00","","32,20","","95,09","","","","","","Généralement nuageux"
"1981-12-21 13:00","1981","12","21","13:00"," ","-10,30","","-11,80","","89,00","","0,00","","0,00","","32,20","","95,13","","","","","","Généralement nuageux"
"1981-12-21 14:00","1981","12","21","14:00"," ","-10,10","","-11,20","","92,00","","0,00","","0,00","","32,20","","95,19","","","","","","Généralement nuageux"
"1981-12-21 15:00","1981","12","21","15:00"," ","-10,50","","-11,80","","90,00","","0,00","","0,00","","24,10","","95,19","","","","","","Neige en grains"
"1981-12-21 16:00","1981","12","21","16:00"," ","-11,70","","-12,50","","94,00","","0,00","","0,00","","24,10","","95,29","","","","","","Nuageux"
"1981-12-21 17:00","1981","12","21","17:00"," ","-12,30","","-13,60","","90,00","","0,00","","0,00","","24,10","","95,29","","","","","","Nuageux"
"1981-12-21 18:00","1981","12","21","18:00"," ","-12,70","","-13,60","","93,00","","0,00","","0,00","","24,10","","95,35","","","","","","Nuageux"
"1981-12-21 19:00","1981","12","21","19:00"," ","-12,70","","-13,60","","93,00","","0,00","","0,00","","24,10","","95,42","","","","","","Nuageux"
"1981-12-21 20:00","1981","12","21","20:00"," ","-13,10","","-14,10","","92,00","","0,00","","0,00","","16,10","","95,42","","","","","","Neige"
"1981-12-21 21:00","1981","12","21","21:00"," ","-14,10","","-14,70","","95,00","","0,00","","0,00","","24,10","","95,45","","","","","","Généralement nuageux"
"1981-12-21 22:00","1981","12","21","22:00"," ","-15,70","","-16,30","","95,00","","0,00","","0,00","","24,10","","95,48","","","","","","Nuageux"
"1981-12-21 23:00","1981","12","21","23:00"," ","-14,80","","-16,30","","88,00","","0,00","","0,00","","24,10","","95,51","","","","","","Nuageux"
"1981-12-22 00:00","1981","12","22","00:00"," ","-14,20","","-15,20","","92,00","","0,00","","0,00","","24,10","","95,55","","","","","","Nuageux"
"1981-12-22 01:00","1981","12","22","01:00"," ","-13,90","","-15,20","","90,00","","0,00","","0,00","","24,10","","95,55","","","","","","Nuageux"
"1981-12-22 02:00","1981","12","22","02:00"," ","-14,80","","-16,80","","85,00","","0,00","","0,00","","24,10","","95,58","","","","","","Nuageux"
"1981-12-22 03:00","1981","12","22","03:00"," ","-13,70","","-14,70","","92,00","","0,00","","0,00","","24,10","","95,61","","","","","","Nuageux"
"1981-12-22 04:00","1981","12","22","04:00"," ","-13,50","","-15,10","","88,00","","0,00","","0,00","","24,10","","95,61","","","","","","Nuageux"
"1981-12-22 05:00","1981","12","22","05:00"," ","-13,70","","-15,10","","89,00","","0,00","","0,00","","24,10","","95,61","","","","","","Neige"
"1981-12-22 06:00","1981","12","22","06:00"," ","-14,30","","-15,10","","93,00","","0,00","","0,00","","24,10","","95,58","","","","","","Neige"
"1981-12-22 07:00","1981","12","22","07:00"," ","-13,70","","-15,10","","89,00","","0,00","","0,00","","24,10","","95,61","","","","","","Neige"
"1981-12-22 08:00","1981","12","22","08:00"," ","-13,60","","-15,10","","88,00","","0,00","","0,00","","6,40","","95,58","","","","","","Neige"
"1981-12-22 09:00","1981","12","22","09:00"," ","-13,60","","-14,70","","91,00","","0,00","","0,00","","9,70","","95,61","","","","","","Neige"
"1981-12-22 10:00","1981","12","22","10:00"," ","-14,10","","-15,20","","91,00","","0,00","","0,00","","16,10","","95,61","","","","","","Généralement nuageux"
"1981-12-22 11:00","1981","12","22","11:00"," ","-13,80","","-15,70","","85,00","","0,00","","0,00","","16,10","","95,64","","","","","","Neige"
"1981-12-22 12:00","1981","12","22","12:00"," ","-13,50","","-15,10","","88,00","","0,00","","0,00","","16,10","","95,67","","","","","","Neige"
"1981-12-22 13:00","1981","12","22","13:00"," ","-14,50","","-16,20","","87,00","","0,00","","0,00","","16,10","","95,61","","","","","","Neige"
"1981-12-22 14:00","1981","12","22","14:00"," ","-15,70","","-16,80","","92,00","","0,00","","0,00","","32,20","","95,61","","","","","","Généralement nuageux"
"1981-12-22 15:00","1981","12","22","15:00"," ","-17,30","","-18,90","","87,00","","0,00","","0,00","","32,20","","95,61","","","","","","Généralement nuageux"
"1981-12-22 16:00","1981","12","22","16:00"," ","-19,40","","-21,00","","87,00","","0,00","","0,00","","32,20","","95,61","","","","","","Neige"
"1981-12-22 17:00","1981","12","22","17:00"," ","-21,70","","-23,10","","89,00","","0,00","","0,00","","32,20","","95,61","","","","","","Généralement dégagé"
"1981-12-22 18:00","1981","12","22","18:00"," ","-23,00","","-23,90","","93,00","","0,00","","0,00","","32,20","","95,61","","","","","","Généralement dégagé"
"1981-12-22 19:00","1981","12","22","19:00"," ","-23,70","","-25,20","","88,00","","0,00","","0,00","","32,20","","95,58","","","","","","Généralement dégagé"
"1981-12-22 20:00","1981","12","22","20:00"," ","-23,30","","-25,20","","84,00","","0,00","","0,00","","16,10","","95,55","","","","","","Généralement dégagé"
"1981-12-22 21:00","1981","12","22","21:00"," ","-22,40","","-23,40","","92,00","","0,00","","0,00","","4,80","","95,55","","","","","","Brouillard"
"1981-12-22 22:00","1981","12","22","22:00"," ","-20,70","","-22,10","","89,00","","0,00","","0,00","","16,10","","95,58","","","","","","Neige"
"1981-12-22 23:00","1981","12","22","23:00"," ","-20,20","","-22,20","","84,00","","0,00","","0,00","","24,10","","95,61","","","","","","Nuageux"
"1981-12-23 00:00","1981","12","23","00:00"," ","-20,00","","-22,20","","82,00","","0,00","","0,00","","24,10","","95,58","","","","","","Neige"
"1981-12-23 01:00","1981","12","23","01:00"," ","-19,30","","-21,70","","81,00","","0,00","","0,00","","16,10","","95,55","","","","","","Neige"
"1981-12-23 02:00","1981","12","23","02:00"," ","-19,00","","-21,10","","83,00","","0,00","","0,00","","11,30","","95,58","","","","","","Neige"
"1981-12-23 03:00","1981","12","23","03:00"," ","-19,30","","-21,70","","81,00","","0,00","","0,00","","8,00","","95,61","","","","","","Neige"
"1981-12-23 04:00","1981","12","23","04:00"," ","-19,40","","-21,70","","82,00","","0,00","","0,00","","8,00","","95,58","","","","","","Neige"
"1981-12-23 05:00","1981","12","23","05:00"," ","-21,60","","-23,90","","82,00","","0,00","","0,00","","11,30","","95,55","","","","","","Neige"
"1981-12-23 06:00","1981","12","23","06:00"," ","-20,80","","-23,30","","80,00","","0,00","","0,00","","16,10","","95,55","","","","","","Neige"
"1981-12-23 07:00","1981","12","23","07:00"," ","-20,90","","-23,30","","81,00","","0,00","","0,00","","16,10","","95,51","","","","","","Neige"
"1981-12-23 08:00","1981","12","23","08:00"," ","-19,00","","-21,10","","83,00","","0,00","","0,00","","16,10","","95,51","","","","","","Neige"
"1981-12-23 09:00","1981","12","23","09:00"," ","-18,40","","-20,60","","83,00","","0,00","","0,00","","16,10","","95,48","","","","","","Neige"
"1981-12-23 10:00","1981","12","23","10:00"," ","-18,20","","-20,10","","85,00","","6,00","","6,00","","16,10","","95,45","","","","-23,00","","Généralement nuageux"
"1981-12-23 11:00","1981","12","23","11:00"," ","-18,20","","-20,10","","85,00","","0,00","","0,00","","16,10","","95,48","","","","","","Neige"
"1981-12-23 12:00","1981","12","23","12:00"," ","-19,00","","-21,10","","83,00","","7,00","","6,00","","16,10","","95,48","","","","-24,00","","Neige"
"1981-12-23 13:00","1981","12","23","13:00"," ","-21,00","","-23,30","","82,00","","0,00","","0,00","","32,20","","95,45","","","","","","Généralement nuageux"
"1981-12-23 14:00","1981","12","23","14:00"," ","-19,40","","-22,40","","77,00","","0,00","","0,00","","32,20","","95,42","","","","","","Généralement dégagé"
"1981-12-23 15:00","1981","12","23","15:00"," ","-20,50","","-23,50","","77,00","","4,00","","7,00","","32,20","","95,35","","","","-26,00","","Généralement dégagé"
"1981-12-23 16:00","1981","12","23","16:00"," ","-22,60","","-25,00","","81,00","","0,00","","0,00","","32,20","","95,32","","","","","","Généralement dégagé"
"1981-12-23 17:00","1981","12","23","17:00"," ","-24,30","","-25,30","","92,00","","0,00","","0,00","","32,20","","95,29","","","","","","Dégagé"
"1981-12-23 18:00","1981","12","23","18:00"," ","-24,60","","-25,30","","94,00","","0,00","","0,00","","32,20","","95,19","","","","","","Dégagé"
"1981-12-23 19:00","1981","12","23","19:00"," ","-25,00","","-27,70","","78,00","","0,00","","0,00","","32,20","","95,13","","","","","","Dégagé"
"1981-12-23 20:00","1981","12","23","20:00"," ","-23,50","","-27,00","","73,00","","0,00","","0,00","","32,20","","95,13","","","","","","Dégagé"
"1981-12-23 21:00","1981","12","23","21:00"," ","-25,50","","-27,20","","86,00","","0,00","","0,00","","32,20","","95,13","","","","","","Dégagé"
"1981-12-23 22:00","1981","12","23","22:00"," ","-26,80","","-28,70","","83,00","","0,00","","0,00","","32,20","","95,09","","","","","","Dégagé"
"1981-12-23 23:00","1981","12","23","23:00"," ","-23,30","","-29,20","","58,00","","6,00","","6,00","","32,20","","95,09","","","","-29,00","","Dégagé"
"1981-12-24 00:00","1981","12","24","00:00"," ","-19,00","","-24,10","","64,00","","5,00","","7,00","","32,20","","95,03","","","","-24,00","","Dégagé"
"1981-12-24 01:00","1981","12","24","01:00"," ","-20,10","","-22,20","","83,00","","5,00","","6,00","","32,20","","94,96","","","","-25,00","","Dégagé"
"1981-12-24 02:00","1981","12","24","02:00"," ","-19,90","","-22,20","","82,00","","8,00","","6,00","","32,20","","94,93","","","","-25,00","","Dégagé"
"1981-12-24 03:00","1981","12","24","03:00"," ","-20,60","","-22,80","","83,00","","5,00","","4,00","","32,20","","94,90","","","","-24,00","","Dégagé"
"1981-12-24 04:00","1981","12","24","04:00"," ","-21,30","","-23,90","","80,00","","7,00","","9,00","","32,20","","94,87","","","","-28,00","","Dégagé"
"1981-12-24 05:00","1981","12","24","05:00"," ","-20,30","","-22,80","","80,00","","8,00","","9,00","","32,20","","94,77","","","","-27,00","","Dégagé"
"1981-12-24 06:00","1981","12","24","06:00"," ","-20,30","","-22,80","","80,00","","8,00","","11,00","","32,20","","94,71","","","","-28,00","","Dégagé"
"1981-12-24 07:00","1981","12","24","07:00"," ","-20,20","","-22,20","","84,00","","0,00","","0,00","","32,20","","94,67","","","","","","Dégagé"
"1981-12-24 08:00","1981","12","24","08:00"," ","-22,10","","-23,60","","88,00","","4,00","","6,00","","32,20","","94,58","","","","-27,00","","Dégagé"
"1981-12-24 09:00","1981","12","24","09:00"," ","-19,70","","-22,40","","79,00","","3,00","","6,00","","32,20","","94,58","","","","-25,00","","Généralement dégagé"
"1981-12-24 10:00","1981","12","24","10:00"," ","-18,60","","-21,20","","80,00","","5,00","","7,00","","32,20","","94,51","","","","-24,00","","Généralement dégagé"
"1981-12-24 11:00","1981","12","24","11:00"," ","-18,70","","-21,90","","76,00","","4,00","","11,00","","32,20","","94,48","","","","-26,00","","Généralement nuageux"
"1981-12-24 12:00","1981","12","24","12:00"," ","-19,30","","-22,40","","76,00","","4,00","","9,00","","32,20","","94,45","","","","-26,00","","Nuageux"
"1981-12-24 13:00","1981","12","24","13:00"," ","-19,40","","-22,40","","77,00","","2,00","","9,00","","32,20","","94,45","","","","-26,00","","Nuageux"
"1981-12-24 14:00","1981","12","24","14:00"," ","-18,80","","-22,50","","73,00","","2,00","","11,00","","32,20","","94,38","","","","-26,00","","Nuageux"
"1981-12-24 15:00","1981","12","24","15:00"," ","-19,50","","-21,70","","83,00","","3,00","","9,00","","32,20","","94,32","","","","-26,00","","Nuageux"
"1981-12-24 16:00","1981","12","24","16:00"," ","-20,50","","-22,80","","82,00","","3,00","","6,00","","32,20","","94,35","","","","-26,00","","Nuageux"
"1981-12-24 17:00","1981","12","24","17:00"," ","-23,90","","-26,60","","79,00","","8,00","","6,00","","32,20","","94,29","","","","-30,00","","Nuageux"
"1981-12-24 18:00","1981","12","24","18:00"," ","-23,50","","-26,00","","80,00","","8,00","","9,00","","32,20","","94,25","","","","-31,00","","Nuageux"
"1981-12-24 19:00","1981","12","24","19:00"," ","-23,20","","-25,50","","82,00","","3,00","","11,00","","16,10","","94,22","","","","-31,00","","Neige"
"1981-12-24 20:00","1981","12","24","20:00"," ","-23,70","","-26,00","","82,00","","0,00","","0,00","","1,60","","94,19","","","","","","Neige"
"1981-12-24 21:00","1981","12","24","21:00"," ","-23,20","","-25,50","","82,00","","0,00","","0,00","","1,60","","94,19","","","","","","Neige"
"1981-12-24 22:00","1981","12","24","22:00"," ","-17,40","","-19,50","","84,00","","0,00","","0,00","","1,60","","94,25","","","","","","Neige"
"1981-12-24 23:00","1981","12","24","23:00"," ","-17,20","","-17,90","","95,00","","0,00","","0,00","","1,60","","94,25","","","","","","Neige"
"1981-12-25 00:00","1981","12","25","00:00"," ","-17,50","","-19,50","","84,00","","0,00","","0,00","","1,60","","94,29","","","","","","Neige"
"1981-12-25 01:00","1981","12","25","01:00"," ","-16,90","","-19,50","","80,00","","0,00","","0,00","","6,40","","94,38","","","","","","Neige"
"1981-12-25 02:00","1981","12","25","02:00"," ","-17,80","","-20,10","","82,00","","0,00","","0,00","","9,70","","94,42","","","","","","Neige"
"1981-12-25 03:00","1981","12","25","03:00"," ","-16,70","","-18,40","","87,00","","0,00","","0,00","","4,80","","94,45","","","","","","Neige"
"1981-12-25 04:00","1981","12","25","04:00"," ","-16,70","","-18,40","","87,00","","0,00","","0,00","","4,80","","94,51","","","","","","Neige"
"1981-12-25 05:00","1981","12","25","05:00"," ","-16,40","","-18,40","","84,00","","0,00","","0,00","","4,80","","94,54","","","","","","Neige"
"1981-12-25 06:00","1981","12","25","06:00"," ","-16,30","","-18,40","","84,00","","0,00","","0,00","","6,40","","94,58","","","","","","Neige"
"1981-12-25 07:00","1981","12","25","07:00"," ","-16,30","","-18,40","","84,00","","0,00","","0,00","","6,40","","94,58","","","","","","Neige"
"1981-12-25 08:00","1981","12","25","08:00"," ","-16,20","","-17,90","","87,00","","0,00","","0,00","","16,10","","94,61","","","","","","Neige"
"1981-12-25 09:00","1981","12","25","09:00"," ","-16,10","","-17,30","","91,00","","0,00","","0,00","","16,10","","94,67","","","","","","Neige"
"1981-12-25 10:00","1981","12","25","10:00"," ","-16,90","","-18,40","","88,00","","0,00","","0,00","","32,20","","94,71","","","","","","Nuageux"
"1981-12-25 11:00","1981","12","25","11:00"," ","-20,10","","-21,60","","88,00","","0,00","","0,00","","32,20","","94,77","","","","","","Nuageux"
"1981-12-25 12:00","1981","12","25","12:00"," ","-22,20","","-23,60","","89,00","","0,00","","0,00","","32,20","","94,84","","","","","","Nuageux"
"1981-12-25 13:00","1981","12","25","13:00"," ","-22,60","","-24,10","","88,00","","0,00","","0,00","","32,20","","94,87","","","","","","Nuageux"
"1981-12-25 14:00","1981","12","25","14:00"," ","-21,10","","-23,30","","83,00","","0,00","","0,00","","32,20","","94,93","","","","","","Nuageux"
"1981-12-25 15:00","1981","12","25","15:00"," ","-18,80","","-20,50","","86,00","","0,00","","0,00","","32,20","","94,96","","","","","","Nuageux"
"1981-12-25 16:00","1981","12","25","16:00"," ","-17,00","","-19,00","","84,00","","0,00","","0,00","","16,10","","95,00","","","","","","Nuageux"
"1981-12-25 17:00","1981","12","25","17:00"," ","-18,30","","-20,60","","82,00","","0,00","","0,00","","24,10","","95,03","","","","","","Généralement nuageux"
"1981-12-25 18:00","1981","12","25","18:00"," ","-21,10","","-23,30","","83,00","","0,00","","0,00","","24,10","","95,03","","","","","","Neige"
"1981-12-25 19:00","1981","12","25","19:00"," ","-21,40","","-23,90","","80,00","","0,00","","0,00","","16,10","","95,13","","","","","","Neige"
"1981-12-25 20:00","1981","12","25","20:00"," ","-20,40","","-22,80","","81,00","","0,00","","0,00","","16,10","","95,19","","","","","","Neige"
"1981-12-25 21:00","1981","12","25","21:00"," ","-19,40","","-21,70","","82,00","","0,00","","0,00","","4,80","","95,19","","","","","","Neige"
"1981-12-25 22:00","1981","12","25","22:00"," ","-19,20","","-21,10","","85,00","","0,00","","0,00","","1,60","","95,19","","","","","","Neige"
"1981-12-25 23:00","1981","12","25","23:00"," ","-19,50","","-21,70","","83,00","","0,00","","0,00","","1,60","","95,25","","","","","","Neige"
"1981-12-26 00:00","1981","12","26","00:00"," ","-19,50","","-21,70","","83,00","","0,00","","0,00","","9,70","","95,32","","","","","","Neige"
"1981-12-26 01:00","1981","12","26","01:00"," ","-21,20","","-23,30","","84,00","","0,00","","0,00","","16,10","","95,35","","","","","","Dégagé"
"1981-12-26 02:00","1981","12","26","02:00"," ","-24,20","","-25,70","","88,00","","0,00","","0,00","","24,10","","95,38","","","","","","Dégagé"
"1981-12-26 03:00","1981","12","26","03:00"," ","-24,30","","-26,20","","84,00","","0,00","","0,00","","24,10","","95,32","","","","","","Généralement dégagé"
"1981-12-26 04:00","1981","12","26","04:00"," ","-25,60","","-27,20","","86,00","","0,00","","0,00","","32,20","","95,45","","","","","","Généralement dégagé"
"1981-12-26 05:00","1981","12","26","05:00"," ","-27,30","","-29,20","","83,00","","0,00","","0,00","","32,20","","95,51","","","","","","Généralement dégagé"
"1981-12-26 06:00","1981","12","26","06:00"," ","-27,60","","-29,20","","86,00","","0,00","","0,00","","32,20","","95,51","","","","","","Dégagé"
"1981-12-26 07:00","1981","12","26","07:00"," ","-30,60","","-30,70","","99,00","","0,00","","0,00","","32,20","","95,55","","","","","","Généralement dégagé"
"1981-12-26 08:00","1981","12","26","08:00"," ","-31,30","","-31,50","","98,00","","0,00","","0,00","","32,20","","95,64","","","","","","Généralement dégagé"
"1981-12-26 09:00","1981","12","26","09:00"," ","-32,60","","-33,90","","88,00","","0,00","","0,00","","32,20","","95,71","","","","","","Généralement dégagé"
"1981-12-26 10:00","1981","12","26","10:00"," ","-34,20","","-35,30","","90,00","","0,00","","0,00","","32,20","","95,77","","","","","","Généralement dégagé"
"1981-12-26 11:00","1981","12","26","11:00"," ","-35,80","","-37,00","","88,00","","0,00","","0,00","","32,20","","95,84","","","","","","Généralement dégagé"
"1981-12-26 12:00","1981","12","26","12:00"," ","-36,00","","-37,00","","90,00","","0,00","","0,00","","32,20","","95,90","","","","","","Généralement dégagé"
"1981-12-26 13:00","1981","12","26","13:00"," ","-36,00","","-39,40","","71,00","","0,00","","0,00","","32,20","","95,96","","","","","","Généralement dégagé"
"1981-12-26 14:00","1981","12","26","14:00"," ","-35,30","","-38,90","","69,00","","0,00","","0,00","","32,20","","96,06","","","","","","Dégagé"
"1981-12-26 15:00","1981","12","26","15:00"," ","-35,70","","-38,90","","73,00","","0,00","","0,00","","32,20","","96,13","","","","","","Dégagé"
"1981-12-26 16:00","1981","12","26","16:00"," ","-37,00","","-40,50","","70,00","","0,00","","0,00","","32,20","","96,19","","","","","","Dégagé"
"1981-12-26 17:00","1981","12","26","17:00"," ","-37,90","","","","","","0,00","","0,00","","32,20","","96,26","","","","","","Dégagé"
"1981-12-26 18:00","1981","12","26","18:00"," ","-39,10","","","","","","0,00","","0,00","","32,20","","96,29","","","","","","Dégagé"
"1981-12-26 19:00","1981","12","26","19:00"," ","-39,50","","","","","","0,00","","0,00","","32,20","","96,38","","","","","","Dégagé"
"1981-12-26 20:00","1981","12","26","20:00"," ","-39,60","","","","","","0,00","","0,00","","32,20","","96,45","","","","","","Dégagé"
"1981-12-26 21:00","1981","12","26","21:00"," ","-40,70","","","","","","0,00","","0,00","","32,20","","96,51","","","","","","Dégagé"
"1981-12-26 22:00","1981","12","26","22:00"," ","-40,90","","","","","","0,00","","0,00","","32,20","","96,55","","","","","","Dégagé"
"1981-12-26 23:00","1981","12","26","23:00"," ","-41,30","","","","","","0,00","","0,00","","32,20","","96,61","","","","","","Dégagé"
"1981-12-27 00:00","1981","12","27","00:00"," ","-41,80","","","","","","0,00","","0,00","","32,20","","96,67","","","","","","Dégagé"
"1981-12-27 01:00","1981","12","27","01:00"," ","-42,20","","","","","","0,00","","0,00","","32,20","","96,77","","","","","","Dégagé"
"1981-12-27 02:00","1981","12","27","02:00"," ","-42,30","","","","","","0,00","","0,00","","32,20","","96,80","","","","","","Dégagé"
"1981-12-27 03:00","1981","12","27","03:00"," ","-42,60","","","","","","0,00","","0,00","","16,10","","96,87","","","","","","Dégagé"
"1981-12-27 04:00","1981","12","27","04:00"," ","-43,20","","","","","","0,00","","0,00","","16,10","","96,93","","","","","","Dégagé"
"1981-12-27 05:00","1981","12","27","05:00"," ","-43,30","","","","","","0,00","","0,00","","3,20","","96,97","","","","","","Brouillard de glace"
"1981-12-27 06:00","1981","12","27","06:00"," ","-43,30","","","","","","0,00","","0,00","","2,40","","97,00","","","","","","Brouillard de glace"
"1981-12-27 07:00","1981","12","27","07:00"," ","-43,60","","","","","","0,00","","0,00","","6,40","","97,03","","","","","","Brouillard de glace"
"1981-12-27 08:00","1981","12","27","08:00"," ","-43,90","","","","","","0,00","","0,00","","8,00","","97,09","","","","","","Brouillard de glace"
"1981-12-27 09:00","1981","12","27","09:00"," ","-44,30","","","","","","0,00","","0,00","","32,20","","97,13","","","","","","Dégagé"
"1981-12-27 10:00","1981","12","27","10:00"," ","-44,60","","","","","","0,00","","0,00","","1,60","","97,19","","","","","","Brouillard de glace"
"1981-12-27 11:00","1981","12","27","11:00"," ","-44,50","","","","","","0,00","","0,00","","4,80","","97,22","","","","","","Brouillard de glace"
"1981-12-27 12:00","1981","12","27","12:00"," ","-44,40","","","","","","0,00","","0,00","","32,20","","97,29","","","","","","Dégagé"
"1981-12-27 13:00","1981","12","27","13:00"," ","-43,50","","","","","","0,00","","0,00","","32,20","","97,29","","","","","","Généralement dégagé"
"1981-12-27 14:00","1981","12","27","14:00"," ","-43,00","","","","","","0,00","","0,00","","9,70","","97,35","","","","","","Brouillard de glace"
"1981-12-27 15:00","1981","12","27","15:00"," ","-43,20","","","","","","0,00","","0,00","","9,70","","97,35","","","","","","Brouillard de glace"
"1981-12-27 16:00","1981","12","27","16:00"," ","-43,70","","","","","","0,00","","0,00","","32,20","","97,38","","","","","","Généralement dégagé"
"1981-12-27 17:00","1981","12","27","17:00"," ","-44,40","","","","","","0,00","","0,00","","32,20","","97,42","","","","","","Dégagé"
"1981-12-27 18:00","1981","12","27","18:00"," ","-44,60","","","","","","0,00","","0,00","","32,20","","97,42","","","","","","Dégagé"
"1981-12-27 19:00","1981","12","27","19:00"," ","-45,00","","","","","","0,00","","0,00","","32,20","","97,45","","","","","","Dégagé"
"1981-12-27 20:00","1981","12","27","20:00"," ","-45,00","","","","","","0,00","","0,00","","24,10","","97,38","","","","","","Dégagé"
"1981-12-27 21:00","1981","12","27","21:00"," ","-45,00","","","","","","0,00","","0,00","","0,80","","97,42","","","","","","Brouillard de glace"
"1981-12-27 22:00","1981","12","27","22:00"," ","-45,20","","","","","","0,00","","0,00","","0,80","","97,45","","","","","","Brouillard de glace"
"1981-12-27 23:00","1981","12","27","23:00"," ","-45,50","","","","","","0,00","","0,00","","24,10","","97,42","","","","","","Dégagé"
"1981-12-28 00:00","1981","12","28","00:00"," ","-45,20","","","","","","0,00","","0,00","","9,70","","97,42","","","","","","Brouillard de glace"
"1981-12-28 01:00","1981","12","28","01:00"," ","-45,10","","","","","","0,00","","0,00","","8,00","","97,42","","","","","","Brouillard de glace"
"1981-12-28 02:00","1981","12","28","02:00"," ","-45,30","","","","","","0,00","","0,00","","12,90","","97,42","","","","","","Dégagé"
"1981-12-28 03:00","1981","12","28","03:00"," ","-45,20","","","","","","0,00","","0,00","","6,40","","97,35","","","","","","Brouillard de glace"
"1981-12-28 04:00","1981","12","28","04:00"," ","-45,30","","","","","","0,00","","0,00","","6,40","","97,35","","","","","","Brouillard de glace"
"1981-12-28 05:00","1981","12","28","05:00"," ","-45,30","","","","","","0,00","","0,00","","3,20","","97,29","","","","","","Brouillard de glace"
"1981-12-28 06:00","1981","12","28","06:00"," ","-45,20","","","","","","0,00","","0,00","","3,20","","97,26","","","","","","Brouillard de glace"
"1981-12-28 07:00","1981","12","28","07:00"," ","-45,30","","","","","","0,00","","0,00","","3,20","","97,26","","","","","","Brouillard de glace"
"1981-12-28 08:00","1981","12","28","08:00"," ","-45,70","","","","","","0,00","","0,00","","12,90","","97,19","","","","","","Dégagé"
"1981-12-28 09:00","1981","12","28","09:00"," ","-46,00","","","","","","0,00","","0,00","","4,80","","97,16","","","","","","Brouillard de glace"
"1981-12-28 10:00","1981","12","28","10:00"," ","-46,30","","","","","","0,00","","0,00","","4,80","","97,13","","","","","","Brouillard de glace"
"1981-12-28 11:00","1981","12","28","11:00"," ","-46,50","","","","","","0,00","","0,00","","32,20","","97,13","","","","","","Dégagé"
"1981-12-28 12:00","1981","12","28","12:00"," ","-46,00","","","","","","0,00","","0,00","","1,60","","97,09","","","","","","Brouillard de glace"
"1981-12-28 13:00","1981","12","28","13:00"," ","-45,60","","","","","","0,00","","0,00","","0,80","","97,03","","","","","","Brouillard de glace"
"1981-12-28 14:00","1981","12","28","14:00"," ","-45,00","","","","","","0,00","","0,00","","32,20","","97,00","","","","","","Dégagé"
"1981-12-28 15:00","1981","12","28","15:00"," ","-44,80","","","","","","0,00","","0,00","","32,20","","96,97","","","","","","Dégagé"
"1981-12-28 16:00","1981","12","28","16:00"," ","-45,00","","","","","","0,00","","0,00","","32,20","","96,87","","","","","","Dégagé"
"1981-12-28 17:00","1981","12","28","17:00"," ","-45,00","","","","","","0,00","","0,00","","32,20","","96,87","","","","","","Dégagé"
"1981-12-28 18:00","1981","12","28","18:00"," ","-45,70","","","","","","0,00","","0,00","","3,20","","96,84","","","","","","Brouillard de glace"
"1981-12-28 19:00","1981","12","28","19:00"," ","-46,00","","","","","","0,00","","0,00","","1,60","","96,77","","","","","","Brouillard de glace"
"1981-12-28 20:00","1981","12","28","20:00"," ","-46,20","","","","","","0,00","","0,00","","24,10","","96,74","","","","","","Dégagé"
"1981-12-28 21:00","1981","12","28","21:00"," ","-46,50","","","","","","0,00","","0,00","","1,60","","96,71","","","","","","Brouillard de glace"
"1981-12-28 22:00","1981","12","28","22:00"," ","-46,80","","","","","","0,00","","0,00","","9,70","","96,67","","","","","","Brouillard de glace"
"1981-12-28 23:00","1981","12","28","23:00"," ","-46,50","","","","","","0,00","","0,00","","0,80","","96,67","","","","","","Brouillard de glace"
"1981-12-29 00:00","1981","12","29","00:00"," ","-46,50","","","","","","0,00","","0,00","","9,70","","96,64","","","","","","Brouillard de glace"
"1981-12-29 01:00","1981","12","29","01:00"," ","-46,70","","","","","","0,00","","0,00","","16,10","","96,61","","","","","","Dégagé"
"1981-12-29 02:00","1981","12","29","02:00"," ","-46,70","","","","","","0,00","","0,00","","8,00","","96,58","","","","","","Brouillard de glace"
"1981-12-29 03:00","1981","12","29","03:00"," ","-46,40","","","","","","0,00","","0,00","","6,40","","96,58","","","","","","Brouillard de glace"
"1981-12-29 04:00","1981","12","29","04:00"," ","-46,30","","","","","","0,00","","0,00","","3,20","","96,55","","","","","","Brouillard de glace"
"1981-12-29 05:00","1981","12","29","05:00"," ","-47,10","","","","","","0,00","","0,00","","8,00","","96,51","","","","","","Brouillard de glace"
"1981-12-29 06:00","1981","12","29","06:00"," ","-44,20","","","","","","0,00","","0,00","","6,40","","96,45","","","","","","Brouillard de glace"
"1981-12-29 07:00","1981","12","29","07:00"," ","-44,30","","","","","","0,00","","0,00","","9,70","","96,45","","","","","","Brouillard de glace"
"1981-12-29 08:00","1981","12","29","08:00"," ","-44,40","","","","","","0,00","","0,00","","8,00","","96,42","","","","","","Brouillard de glace"
"1981-12-29 09:00","1981","12","29","09:00"," ","-45,30","","","","","","0,00","","0,00","","32,20","","96,42","","","","","","Généralement dégagé"
"1981-12-29 10:00","1981","12","29","10:00"," ","-45,80","","","","","","0,00","","0,00","","32,20","","96,42","","","","","","Généralement dégagé"
"1981-12-29 11:00","1981","12","29","11:00"," ","-45,70","","","","","","0,00","","0,00","","32,20","","96,42","","","","","","Généralement nuageux"
"1981-12-29 12:00","1981","12","29","12:00"," ","-45,10","","","","","","0,00","","0,00","","32,20","","96,42","","","","","","Généralement nuageux"
"1981-12-29 13:00","1981","12","29","13:00"," ","-44,80","","","","","","0,00","","0,00","","32,20","","96,42","","","","","","Généralement nuageux"
"1981-12-29 14:00","1981","12","29","14:00"," ","-44,50","","","","","","0,00","","0,00","","32,20","","96,45","","","","","","Généralement nuageux"
"1981-12-29 15:00","1981","12","29","15:00"," ","-44,60","","","","","","0,00","","0,00","","32,20","","96,42","","","","","","Nuageux"
"1981-12-29 16:00","1981","12","29","16:00"," ","-44,60","","","","","","0,00","","0,00","","32,20","","96,42","","","","","","Nuageux"
"1981-12-29 17:00","1981","12","29","17:00"," ","-44,60","","","","","","0,00","","0,00","","32,20","","96,45","","","","","","Généralement dégagé"
"1981-12-29 18:00","1981","12","29","18:00"," ","-44,80","","","","","","0,00","","0,00","","32,20","","96,45","","","","","","Généralement nuageux"
"1981-12-29 19:00","1981","12","29","19:00"," ","-45,40","","","","","","0,00","","0,00","","32,20","","96,48","","","","","","Généralement nuageux"
"1981-12-29 20:00","1981","12","29","20:00"," ","-45,80","","","","","","0,00","","0,00","","32,20","","96,48","","","","","","Généralement dégagé"
"1981-12-29 21:00","1981","12","29","21:00"," ","-45,80","","","","","","0,00","","0,00","","32,20","","96,51","","","","","","Dégagé"
"1981-12-29 22:00","1981","12","29","22:00"," ","-45,60","","","","","","0,00","","0,00","","32,20","","96,55","","","","","","Dégagé"
"1981-12-29 23:00","1981","12","29","23:00"," ","-46,30","","","","","","0,00","","0,00","","9,70","","96,55","","","","","","Brouillard de glace"
"1981-12-30 00:00","1981","12","30","00:00"," ","-46,70","","","","","","0,00","","0,00","","16,10","","96,58","","","","","","Dégagé"
"1981-12-30 01:00","1981","12","30","01:00"," ","-47,20","","","","","","0,00","","0,00","","16,10","","96,61","","","","","","Dégagé"
"1981-12-30 02:00","1981","12","30","02:00"," ","-47,30","","","","","","0,00","","0,00","","8,00","","96,67","","","","","","Brouillard de glace"
"1981-12-30 03:00","1981","12","30","03:00"," ","-47,50","","","","","","0,00","","0,00","","4,80","","96,67","","","","","","Brouillard de glace"
"1981-12-30 04:00","1981","12","30","04:00"," ","-47,60","","","","","","0,00","","0,00","","9,70","","96,71","","","","","","Brouillard de glace"
"1981-12-30 05:00","1981","12","30","05:00"," ","-47,80","","","","","","0,00","","0,00","","16,10","","96,71","","","","","","Dégagé"
"1981-12-30 06:00","1981","12","30","06:00"," ","-47,80","","","","","","0,00","","0,00","","16,10","","96,74","","","","","","Dégagé"
"1981-12-30 07:00","1981","12","30","07:00"," ","-48,20","","","","","","0,00","","0,00","","9,70","","96,77","","","","","","Brouillard de glace"
"1981-12-30 08:00","1981","12","30","08:00"," ","-47,70","","","","","","0,00","","0,00","","8,00","","96,74","","","","","","Brouillard de glace"
"1981-12-30 09:00","1981","12","30","09:00"," ","-48,30","","","","","","0,00","","0,00","","32,20","","96,77","","","","","","Généralement dégagé"
"1981-12-30 10:00","1981","12","30","10:00"," ","-48,30","","","","","","0,00","","0,00","","32,20","","96,77","","","","","","Généralement dégagé"
"1981-12-30 11:00","1981","12","30","11:00"," ","-48,20","","","","","","0,00","","0,00","","32,20","","96,80","","","","","","Généralement dégagé"
"1981-12-30 12:00","1981","12","30","12:00"," ","-47,70","","","","","","0,00","","0,00","","32,20","","96,80","","","","","","Généralement dégagé"
"1981-12-30 13:00","1981","12","30","13:00"," ","-47,30","","","","","","0,00","","0,00","","32,20","","96,77","","","","","","Dégagé"
"1981-12-30 14:00","1981","12","30","14:00"," ","-46,30","","","","","","0,00","","0,00","","32,20","","96,74","","","","","","Dégagé"
"1981-12-30 15:00","1981","12","30","15:00"," ","-46,40","","","","","","0,00","","0,00","","32,20","","96,71","","","","","","Dégagé"
"1981-12-30 16:00","1981","12","30","16:00"," ","-47,20","","","","","","0,00","","0,00","","32,20","","96,71","","","","","","Dégagé"
"1981-12-30 17:00","1981","12","30","17:00"," ","-47,30","","","","","","0,00","","0,00","","32,20","","96,67","","","","","","Dégagé"
"1981-12-30 18:00","1981","12","30","18:00"," ","-47,70","","","","","","0,00","","0,00","","32,20","","96,67","","","","","","Dégagé"
"1981-12-30 19:00","1981","12","30","19:00"," ","-48,00","","","","","","0,00","","0,00","","32,20","","96,61","","","","","","Dégagé"
"1981-12-30 20:00","1981","12","30","20:00"," ","-48,30","","","","","","0,00","","0,00","","32,20","","96,55","","","","","","Dégagé"
"1981-12-30 21:00","1981","12","30","21:00"," ","-48,50","","","","","","0,00","","0,00","","16,10","","96,51","","","","","","Généralement dégagé"
"1981-12-30 22:00","1981","12","30","22:00"," ","-48,00","","","","","","0,00","","0,00","","32,20","","96,51","","","","","","Dégagé"
"1981-12-30 23:00","1981","12","30","23:00"," ","-48,30","","","","","","0,00","","0,00","","9,70","","96,48","","","","","","Brouillard de glace"
"1981-12-31 00:00","1981","12","31","00:00"," ","-48,50","","","","","","0,00","","0,00","","16,10","","96,42","","","","","","Généralement dégagé"
"1981-12-31 01:00","1981","12","31","01:00"," ","-48,50","","","","","","0,00","","0,00","","24,10","","96,42","","","","","","Dégagé"
"1981-12-31 02:00","1981","12","31","02:00"," ","-48,70","","","","","","0,00","","0,00","","32,20","","96,38","","","","","","Dégagé"
"1981-12-31 03:00","1981","12","31","03:00"," ","-48,70","","","","","","0,00","","0,00","","32,20","","96,35","","","","","","Dégagé"
"1981-12-31 04:00","1981","12","31","04:00"," ","-48,70","","","","","","0,00","","0,00","","24,10","","96,32","","","","","","Dégagé"
"1981-12-31 05:00","1981","12","31","05:00"," ","-48,60","","","","","","0,00","","0,00","","32,20","","96,29","","","","","","Dégagé"
"1981-12-31 06:00","1981","12","31","06:00"," ","-48,70","","","","","","0,00","","0,00","","16,10","","96,29","","","","","","Dégagé"
"1981-12-31 07:00","1981","12","31","07:00"," ","-48,40","","","","","","0,00","","0,00","","24,10","","96,26","","","","","","Dégagé"
"1981-12-31 08:00","1981","12","31","08:00"," ","-48,40","","","","","","0,00","","0,00","","16,10","","96,22","","","","","","Dégagé"
"1981-12-31 09:00","1981","12","31","09:00"," ","-49,10","","","","","","0,00","","0,00","","32,20","","96,23","","","","","","Dégagé"
"1981-12-31 10:00","1981","12","31","10:00"," ","-48,70","","","","","","0,00","","0,00","","32,20","","96,26","","","","","","Dégagé"
"1981-12-31 11:00","1981","12","31","11:00"," ","-48,70","","","","","","0,00","","0,00","","32,20","","96,26","","","","","","Dégagé"
"1981-12-31 12:00","1981","12","31","12:00"," ","-48,20","","","","","","0,00","","0,00","","32,20","","96,26","","","","","","Dégagé"
"1981-12-31 13:00","1981","12","31","13:00"," ","-47,70","","","","","","0,00","","0,00","","32,20","","96,26","","","","","","Dégagé"
"1981-12-31 14:00","1981","12","31","14:00"," ","-46,90","","","","","","0,00","","0,00","","32,20","","96,26","","","","","","Dégagé"
"1981-12-31 15:00","1981","12","31","15:00"," ","-47,00","","","","","","0,00","","0,00","","32,20","","96,29","","","","","","Dégagé"
"1981-12-31 16:00","1981","12","31","16:00"," ","-47,50","","","","","","0,00","","0,00","","32,20","","96,29","","","","","","Dégagé"
"1981-12-31 17:00","1981","12","31","17:00"," ","-47,80","","","","","","0,00","","0,00","","32,20","","96,29","","","","","","Dégagé"
"1981-12-31 18:00","1981","12","31","18:00"," ","-48,00","","","","","","0,00","","0,00","","32,20","","96,32","","","","","","Dégagé"
"1981-12-31 19:00","1981","12","31","19:00"," ","-48,30","","","","","","0,00","","0,00","","32,20","","96,35","","","","","","Dégagé"
"1981-12-31 20:00","1981","12","31","20:00"," ","-48,30","","","","","","0,00","","0,00","","32,20","","96,35","","","","","","Dégagé"
"1981-12-31 21:00","1981","12","31","21:00"," ","-48,50","","","","","","0,00","","0,00","","32,20","","96,35","","","","","","Dégagé"
"1981-12-31 22:00","1981","12","31","22:00"," ","-48,70","","","","","","0,00","","0,00","","32,20","","96,35","","","","","","Dégagé"
"1981-12-31 23:00","1981","12","31","23:00"," ","-48,70","","","","","","0,00","","0,00","","32,20","","96,38","","","","","","Dégagé"
