"Nom de la Station","TORONTO LESTER B. PEARSON INT'L A"
"Province","ONTARIO"
"Latitude","43,68"
"Longitude","-79,63"
"Altitude","173,40"
"Identification Climat","6158733"
"Identification OMM","71624"
"Identification TC","YYZ"
"Toutes les heures sont exprimées en heure normale locale (HNL). Pour convertir l'heure locale en heure avancée de l'Est (HAE), ajoutez 1 heure s'il y a lieu."

"Légende"
"M","Données Manquantes"
"E","Valeur Estimée"
"ND","Non Disponible"
"**","Données fournies par un partenaire, non assujetties à un révision par les Archives climatiques nationales du Canada"

"Date/Heure","Année","Mois","Jour","Heure","Qualité des Données","Temp (°C)","Temp Indicateur","Point de rosée (°C)","Point de rosée Indicateur","Hum. rel (%)","Hum. rel. Indicateur","Dir. du vent (10s deg)","Dir. du vent Indicateur","Vit. du vent (km/h)","Vit. du vent Indicateur","Visibilité (km)","Visibilité Indicateur","Pression à la station (kPa)","Pression à la station Indicateur","Hmdx","Hmdx Indicateur","Refroid. éolien","Refroid. éolien Indicateur","Temps"
"1979-01-01 00:00","1979","01","01","00:00"," ","4,00","","4,00","","100,00","","15,00","","11,00","","0,20","","98,66","","","","","","Pluie,Brouillard"
"1979-01-01 01:00","1979","01","01","01:00"," ","4,10","","4,10","","100,00","","18,00","","13,00","","0,20","","98,59","","","","","","Pluie,Brouillard"
"1979-01-01 02:00","1979","01","01","02:00"," ","6,60","","6,60","","100,00","","21,00","","17,00","","2,00","","98,59","","","","","","Bruine,Brouillard"
"1979-01-01 03:00","1979","01","01","03:00"," ","8,40","","8,10","","98,00","","23,00","","26,00","","8,00","","98,59","","","","","","Bruine,Brouillard"
"1979-01-01 04:00","1979","01","01","04:00"," ","8,00","","7,60","","97,00","","24,00","","26,00","","6,40","","98,72","","","","","","Pluie,Brouillard"
"1979-01-01 05:00","1979","01","01","05:00"," ","6,00","","4,80","","92,00","","25,00","","20,00","","19,30","","98,79","","","","","","Généralement nuageux"
"1979-01-01 06:00","1979","01","01","06:00"," ","4,00","","2,70","","91,00","","28,00","","20,00","","25,00","","98,96","","","","","","Généralement nuageux"
"1979-01-01 07:00","1979","01","01","07:00"," ","2,40","","1,10","","91,00","","30,00","","26,00","","25,00","","99,12","","","","","","Généralement dégagé"
"1979-01-01 08:00","1979","01","01","08:00"," ","1,30","","0,50","","95,00","","30,00","","11,00","","24,10","","99,19","","","","","","Nuageux"
"1979-01-01 09:00","1979","01","01","09:00"," ","1,10","","-0,50","","89,00","","28,00","","11,00","","32,20","","99,29","","","","","","Nuageux"
"1979-01-01 10:00","1979","01","01","10:00"," ","1,40","","-0,50","","87,00","","28,00","","7,00","","32,20","","99,29","","","","","","Nuageux"
"1979-01-01 11:00","1979","01","01","11:00"," ","1,00","","-1,00","","86,00","","29,00","","11,00","","32,20","","99,32","","","","","","Nuageux"
"1979-01-01 12:00","1979","01","01","12:00"," ","0,60","","-0,90","","90,00","","36,00","","9,00","","19,30","","99,19","","","","","","Nuageux"
"1979-01-01 13:00","1979","01","01","13:00"," ","0,00","","-1,00","","93,00","","2,00","","11,00","","8,00","","99,09","","","","-4,00","","Pluie,Brouillard"
"1979-01-01 14:00","1979","01","01","14:00"," ","-0,50","","-0,80","","98,00","","1,00","","13,00","","6,40","","98,96","","","","-5,00","","Pluie verglaçante,Brouillard"
"1979-01-01 15:00","1979","01","01","15:00"," ","-0,70","","-1,10","","97,00","","3,00","","15,00","","6,40","","98,82","","","","-5,00","","Pluie verglaçante,Brouillard"
"1979-01-01 16:00","1979","01","01","16:00"," ","-0,70","","-1,10","","97,00","","2,00","","13,00","","6,40","","98,79","","","","-5,00","","Pluie verglaçante,Brouillard"
"1979-01-01 17:00","1979","01","01","17:00"," ","-0,80","","-1,60","","94,00","","1,00","","17,00","","8,00","","98,79","","","","-6,00","","Pluie verglaçante modérée,Brouillard"
"1979-01-01 18:00","1979","01","01","18:00"," ","-1,20","","-1,60","","97,00","","36,00","","15,00","","12,90","","98,76","","","","-6,00","","Pluie verglaçante"
"1979-01-01 19:00","1979","01","01","19:00"," ","-1,90","","-2,50","","96,00","","1,00","","17,00","","12,90","","98,76","","","","-7,00","","Pluie verglaçante"
"1979-01-01 20:00","1979","01","01","20:00"," ","-2,50","","-3,40","","94,00","","34,00","","15,00","","25,00","","98,86","","","","-7,00","","Pluie verglaçante"
"1979-01-01 21:00","1979","01","01","21:00"," ","-2,90","","-3,70","","94,00","","34,00","","11,00","","25,00","","98,89","","","","-7,00","","Nuageux"
"1979-01-01 22:00","1979","01","01","22:00"," ","-2,60","","-3,10","","96,00","","33,00","","11,00","","24,10","","98,96","","","","-7,00","","Nuageux"
"1979-01-01 23:00","1979","01","01","23:00"," ","-2,50","","-3,70","","91,00","","30,00","","15,00","","25,00","","98,96","","","","-7,00","","Nuageux"
"1979-01-02 00:00","1979","01","02","00:00"," ","-3,00","","-5,40","","83,00","","32,00","","15,00","","19,30","","99,02","","","","-8,00","","Neige en grains"
"1979-01-02 01:00","1979","01","02","01:00"," ","-3,30","","-6,00","","81,00","","27,00","","17,00","","24,10","","98,96","","","","-9,00","","Averses de neige"
"1979-01-02 02:00","1979","01","02","02:00"," ","-3,80","","-7,00","","78,00","","31,00","","17,00","","25,00","","99,02","","","","-10,00","","Nuageux"
"1979-01-02 03:00","1979","01","02","03:00"," ","-4,20","","-5,70","","89,00","","32,00","","19,00","","25,00","","98,99","","","","-10,00","","Nuageux"
"1979-01-02 04:00","1979","01","02","04:00"," ","-4,20","","-6,00","","87,00","","33,00","","15,00","","25,00","","99,06","","","","-10,00","","Nuageux"
"1979-01-02 05:00","1979","01","02","05:00"," ","-4,20","","-6,00","","87,00","","33,00","","13,00","","25,00","","98,99","","","","-9,00","","Nuageux"
"1979-01-02 06:00","1979","01","02","06:00"," ","-4,50","","-7,30","","81,00","","31,00","","11,00","","25,00","","99,06","","","","-9,00","","Nuageux"
"1979-01-02 07:00","1979","01","02","07:00"," ","-4,60","","-6,90","","84,00","","30,00","","11,00","","25,00","","99,12","","","","-9,00","","Nuageux"
"1979-01-02 08:00","1979","01","02","08:00"," ","-4,80","","-7,90","","79,00","","32,00","","6,00","","25,00","","99,09","","","","-8,00","","Nuageux"
"1979-01-02 09:00","1979","01","02","09:00"," ","-4,80","","-7,90","","79,00","","30,00","","13,00","","32,20","","99,06","","","","-10,00","","Généralement nuageux"
"1979-01-02 10:00","1979","01","02","10:00"," ","-4,90","","-7,90","","79,00","","29,00","","13,00","","40,20","","99,12","","","","-10,00","","Averses de neige"
"1979-01-02 11:00","1979","01","02","11:00"," ","-4,50","","-7,30","","81,00","","31,00","","11,00","","40,20","","99,16","","","","-9,00","","Averses de neige"
"1979-01-02 12:00","1979","01","02","12:00"," ","-4,20","","-7,00","","81,00","","30,00","","15,00","","40,20","","98,99","","","","-10,00","","Nuageux"
"1979-01-02 13:00","1979","01","02","13:00"," ","-3,90","","-7,00","","79,00","","32,00","","9,00","","40,20","","98,89","","","","-8,00","","Nuageux"
"1979-01-02 14:00","1979","01","02","14:00"," ","-3,50","","-7,00","","77,00","","30,00","","11,00","","40,20","","98,82","","","","-8,00","","Nuageux"
"1979-01-02 15:00","1979","01","02","15:00"," ","-3,50","","-7,00","","77,00","","31,00","","9,00","","40,20","","98,79","","","","-7,00","","Nuageux"
"1979-01-02 16:00","1979","01","02","16:00"," ","-3,40","","-7,70","","72,00","","25,00","","6,00","","40,20","","98,86","","","","-6,00","","Nuageux"
"1979-01-02 17:00","1979","01","02","17:00"," ","-3,50","","-7,30","","75,00","","26,00","","13,00","","32,20","","98,89","","","","-8,00","","Nuageux"
"1979-01-02 18:00","1979","01","02","18:00"," ","-4,30","","-7,30","","79,00","","27,00","","13,00","","9,70","","98,96","","","","-9,00","","Averses de neige"
"1979-01-02 19:00","1979","01","02","19:00"," ","-5,50","","-6,80","","91,00","","27,00","","20,00","","2,40","","98,96","","","","-12,00","","Averses de neige"
"1979-01-02 20:00","1979","01","02","20:00"," ","-6,50","","-9,00","","82,00","","27,00","","33,00","","12,90","","99,02","","","","-15,00","","Neige"
"1979-01-02 21:00","1979","01","02","21:00"," ","-8,50","","-11,50","","79,00","","28,00","","33,00","","25,00","","99,12","","","","-18,00","","Généralement nuageux"
"1979-01-02 22:00","1979","01","02","22:00"," ","-9,80","","-15,20","","64,00","","27,00","","31,00","","24,10","","99,16","","","","-19,00","","Généralement nuageux"
"1979-01-02 23:00","1979","01","02","23:00"," ","-11,40","","-15,70","","70,00","","27,00","","33,00","","24,10","","99,19","","","","-22,00","","Généralement dégagé"
"1979-01-03 00:00","1979","01","03","00:00"," ","-13,40","","-17,70","","70,00","","27,00","","30,00","","24,10","","99,36","","","","-24,00","","Généralement dégagé"
"1979-01-03 01:00","1979","01","03","01:00"," ","-14,20","","-17,80","","74,00","","27,00","","30,00","","25,00","","99,39","","","","-25,00","","Généralement dégagé"
"1979-01-03 02:00","1979","01","03","02:00"," ","-14,60","","-19,60","","66,00","","27,00","","19,00","","25,00","","99,49","","","","-23,00","","Généralement dégagé"
"1979-01-03 03:00","1979","01","03","03:00"," ","-14,70","","-19,60","","66,00","","26,00","","24,00","","25,00","","99,59","","","","-25,00","","Généralement dégagé"
"1979-01-03 04:00","1979","01","03","04:00"," ","-15,70","","-20,30","","68,00","","25,00","","30,00","","25,00","","99,62","","","","-27,00","","Généralement dégagé"
"1979-01-03 05:00","1979","01","03","05:00"," ","-16,20","","-20,30","","71,00","","23,00","","28,00","","25,00","","99,62","","","","-27,00","","Dégagé"
"1979-01-03 06:00","1979","01","03","06:00"," ","-16,20","","-20,30","","71,00","","24,00","","30,00","","25,00","","99,69","","","","-28,00","","Dégagé"
"1979-01-03 07:00","1979","01","03","07:00"," ","-15,50","","-20,30","","67,00","","25,00","","39,00","","25,00","","99,76","","","","-28,00","","Dégagé"
"1979-01-03 08:00","1979","01","03","08:00"," ","-15,40","","-19,70","","69,00","","25,00","","37,00","","32,20","","99,86","","","","-28,00","","Dégagé"
"1979-01-03 09:00","1979","01","03","09:00"," ","-14,70","","-18,40","","74,00","","26,00","","33,00","","32,20","","99,96","","","","-26,00","","Dégagé"
"1979-01-03 10:00","1979","01","03","10:00"," ","-13,80","","-17,80","","72,00","","26,00","","37,00","","40,20","","100,06","","","","-25,00","","Dégagé"
"1979-01-03 11:00","1979","01","03","11:00"," ","-13,30","","-18,30","","66,00","","26,00","","44,00","","40,20","","100,12","","","","-26,00","","Dégagé"
"1979-01-03 12:00","1979","01","03","12:00"," ","-12,60","","-17,50","","67,00","","26,00","","37,00","","32,20","","100,19","","","","-24,00","","Dégagé"
"1979-01-03 13:00","1979","01","03","13:00"," ","-12,30","","-17,50","","65,00","","25,00","","30,00","","32,20","","100,19","","","","-23,00","","Généralement dégagé"
"1979-01-03 14:00","1979","01","03","14:00"," ","-12,00","","-17,40","","64,00","","24,00","","26,00","","32,20","","100,19","","","","-22,00","","Généralement dégagé"
"1979-01-03 15:00","1979","01","03","15:00"," ","-12,10","","-16,90","","67,00","","25,00","","30,00","","32,20","","100,22","","","","-22,00","","Généralement nuageux"
"1979-01-03 16:00","1979","01","03","16:00"," ","-12,00","","-16,30","","70,00","","24,00","","30,00","","32,20","","100,26","","","","-22,00","","Généralement dégagé"
"1979-01-03 17:00","1979","01","03","17:00"," ","-12,50","","-17,00","","69,00","","23,00","","31,00","","32,20","","100,29","","","","-23,00","","Généralement dégagé"
"1979-01-03 18:00","1979","01","03","18:00"," ","-13,00","","-16,00","","78,00","","23,00","","26,00","","25,00","","100,32","","","","-23,00","","Généralement dégagé"
"1979-01-03 19:00","1979","01","03","19:00"," ","-13,30","","-17,20","","72,00","","24,00","","30,00","","25,00","","100,32","","","","-24,00","","Généralement dégagé"
"1979-01-03 20:00","1979","01","03","20:00"," ","-13,60","","-18,30","","68,00","","24,00","","35,00","","25,00","","100,32","","","","-25,00","","Généralement dégagé"
"1979-01-03 21:00","1979","01","03","21:00"," ","-13,50","","-18,30","","67,00","","24,00","","52,00","","25,00","","100,36","","","","-27,00","","Dégagé"
"1979-01-03 22:00","1979","01","03","22:00"," ","-13,40","","-18,30","","67,00","","25,00","","43,00","","25,00","","100,36","","","","-26,00","","Généralement dégagé"
"1979-01-03 23:00","1979","01","03","23:00"," ","-13,40","","-18,30","","67,00","","24,00","","30,00","","25,00","","100,36","","","","-24,00","","Généralement dégagé"
"1979-01-04 00:00","1979","01","04","00:00"," ","-13,40","","-17,70","","70,00","","23,00","","33,00","","25,00","","100,32","","","","-24,00","","Généralement dégagé"
"1979-01-04 01:00","1979","01","04","01:00"," ","-13,40","","-17,70","","70,00","","24,00","","31,00","","25,00","","100,29","","","","-24,00","","Généralement dégagé"
"1979-01-04 02:00","1979","01","04","02:00"," ","-13,20","","-16,50","","76,00","","23,00","","31,00","","25,00","","100,26","","","","-24,00","","Généralement dégagé"
"1979-01-04 03:00","1979","01","04","03:00"," ","-13,00","","-16,50","","75,00","","22,00","","28,00","","25,00","","100,26","","","","-23,00","","Généralement dégagé"
"1979-01-04 04:00","1979","01","04","04:00"," ","-13,00","","-16,00","","78,00","","22,00","","26,00","","25,00","","100,26","","","","-23,00","","Généralement dégagé"
"1979-01-04 05:00","1979","01","04","05:00"," ","-12,80","","-16,00","","77,00","","23,00","","28,00","","25,00","","100,22","","","","-23,00","","Cristaux de glace"
"1979-01-04 06:00","1979","01","04","06:00"," ","-12,50","","-15,40","","79,00","","23,00","","24,00","","19,30","","100,26","","","","-22,00","","Cristaux de glace"
"1979-01-04 07:00","1979","01","04","07:00"," ","-12,00","","-14,30","","83,00","","23,00","","26,00","","19,30","","100,26","","","","-22,00","","Cristaux de glace"
"1979-01-04 08:00","1979","01","04","08:00"," ","-11,90","","-14,30","","82,00","","24,00","","24,00","","4,80","","100,32","","","","-21,00","","Averses de neige"
"1979-01-04 09:00","1979","01","04","09:00"," ","-11,80","","-14,30","","82,00","","25,00","","33,00","","19,30","","100,39","","","","-22,00","","Généralement dégagé"
"1979-01-04 10:00","1979","01","04","10:00"," ","-11,50","","-14,20","","80,00","","24,00","","31,00","","19,30","","100,46","","","","-22,00","","Cristaux de glace"
"1979-01-04 11:00","1979","01","04","11:00"," ","-10,80","","-16,60","","62,00","","24,00","","30,00","","19,30","","100,56","","","","-21,00","","Cristaux de glace"
"1979-01-04 12:00","1979","01","04","12:00"," ","-10,50","","-13,00","","82,00","","25,00","","28,00","","1,20","","100,59","","","","-20,00","","Averses de neige"
"1979-01-04 13:00","1979","01","04","13:00"," ","-10,40","","-16,40","","61,00","","26,00","","48,00","","19,30","","100,59","","","","-22,00","","Généralement nuageux"
"1979-01-04 14:00","1979","01","04","14:00"," ","-10,20","","-16,20","","61,00","","25,00","","39,00","","24,10","","100,66","","","","-21,00","","Averses de neige"
"1979-01-04 15:00","1979","01","04","15:00"," ","-11,00","","-15,00","","72,00","","25,00","","28,00","","16,10","","100,69","","","","-21,00","","Averses de neige"
"1979-01-04 16:00","1979","01","04","16:00"," ","-11,50","","-15,20","","74,00","","24,00","","26,00","","12,90","","100,76","","","","-21,00","","Averses de neige"
"1979-01-04 17:00","1979","01","04","17:00"," ","-11,50","","-13,30","","87,00","","24,00","","22,00","","1,20","","100,79","","","","-20,00","","Averses de neige"
"1979-01-04 18:00","1979","01","04","18:00"," ","-11,60","","-14,20","","81,00","","24,00","","20,00","","4,80","","100,85","","","","-20,00","","Averses de neige"
"1979-01-04 19:00","1979","01","04","19:00"," ","-11,50","","-15,20","","74,00","","24,00","","24,00","","6,40","","100,89","","","","-21,00","","Averses de neige"
"1979-01-04 20:00","1979","01","04","20:00"," ","-11,50","","-13,30","","87,00","","24,00","","20,00","","4,80","","100,92","","","","-20,00","","Averses de neige"
"1979-01-04 21:00","1979","01","04","21:00"," ","-11,80","","-14,30","","82,00","","26,00","","26,00","","4,80","","100,95","","","","-21,00","","Averses de neige"
"1979-01-04 22:00","1979","01","04","22:00"," ","-12,50","","-15,90","","76,00","","26,00","","28,00","","19,30","","100,99","","","","-22,00","","Généralement dégagé"
"1979-01-04 23:00","1979","01","04","23:00"," ","-12,80","","-16,00","","77,00","","26,00","","26,00","","19,30","","100,99","","","","-23,00","","Généralement dégagé"
"1979-01-05 00:00","1979","01","05","00:00"," ","-13,40","","-17,20","","73,00","","26,00","","22,00","","19,30","","101,05","","","","-23,00","","Généralement nuageux"
"1979-01-05 01:00","1979","01","05","01:00"," ","-14,00","","-19,00","","66,00","","26,00","","22,00","","25,00","","101,09","","","","-23,00","","Dégagé"
"1979-01-05 02:00","1979","01","05","02:00"," ","-14,40","","-19,00","","68,00","","26,00","","26,00","","25,00","","101,15","","","","-25,00","","Dégagé"
"1979-01-05 03:00","1979","01","05","03:00"," ","-14,70","","-18,40","","74,00","","25,00","","22,00","","25,00","","101,19","","","","-24,00","","Dégagé"
"1979-01-05 04:00","1979","01","05","04:00"," ","-14,90","","-18,40","","75,00","","25,00","","19,00","","25,00","","101,22","","","","-24,00","","Dégagé"
"1979-01-05 05:00","1979","01","05","05:00"," ","-14,80","","-19,00","","70,00","","24,00","","20,00","","25,00","","101,25","","","","-24,00","","Dégagé"
"1979-01-05 06:00","1979","01","05","06:00"," ","-15,00","","-18,40","","75,00","","24,00","","19,00","","25,00","","101,25","","","","-24,00","","Dégagé"
"1979-01-05 07:00","1979","01","05","07:00"," ","-15,10","","-17,80","","80,00","","23,00","","19,00","","25,00","","101,29","","","","-24,00","","Dégagé"
"1979-01-05 08:00","1979","01","05","08:00"," ","-15,20","","-18,40","","77,00","","23,00","","15,00","","40,20","","101,35","","","","-23,00","","Généralement dégagé"
"1979-01-05 09:00","1979","01","05","09:00"," ","-14,30","","-18,40","","71,00","","21,00","","15,00","","40,20","","101,35","","","","-22,00","","Généralement dégagé"
"1979-01-05 10:00","1979","01","05","10:00"," ","-13,50","","-17,70","","70,00","","21,00","","13,00","","40,20","","101,39","","","","-20,00","","Généralement dégagé"
"1979-01-05 11:00","1979","01","05","11:00"," ","-12,40","","-16,40","","72,00","","25,00","","22,00","","40,20","","101,39","","","","-21,00","","Généralement nuageux"
"1979-01-05 12:00","1979","01","05","12:00"," ","-11,90","","-15,30","","76,00","","24,00","","19,00","","16,10","","101,32","","","","-20,00","","Averses de neige"
"1979-01-05 13:00","1979","01","05","13:00"," ","-11,50","","-15,70","","71,00","","25,00","","19,00","","40,20","","101,25","","","","-20,00","","Généralement nuageux"
"1979-01-05 14:00","1979","01","05","14:00"," ","-11,30","","-16,70","","64,00","","25,00","","15,00","","40,20","","101,15","","","","-18,00","","Généralement nuageux"
"1979-01-05 15:00","1979","01","05","15:00"," ","-11,40","","-16,70","","65,00","","26,00","","17,00","","40,20","","101,15","","","","-19,00","","Généralement nuageux"
"1979-01-05 16:00","1979","01","05","16:00"," ","-11,70","","-16,70","","66,00","","26,00","","17,00","","40,20","","101,09","","","","-19,00","","Généralement nuageux"
"1979-01-05 17:00","1979","01","05","17:00"," ","-12,60","","-17,00","","70,00","","25,00","","9,00","","40,20","","101,05","","","","-18,00","","Généralement nuageux"
"1979-01-05 18:00","1979","01","05","18:00"," ","-12,80","","-17,10","","70,00","","25,00","","9,00","","25,00","","101,05","","","","-18,00","","Nuageux"
"1979-01-05 19:00","1979","01","05","19:00"," ","-13,00","","-17,10","","71,00","","26,00","","6,00","","25,00","","101,05","","","","-17,00","","Nuageux"
"1979-01-05 20:00","1979","01","05","20:00"," ","-13,30","","-17,20","","72,00","","24,00","","6,00","","25,00","","100,99","","","","-17,00","","Nuageux"
"1979-01-05 21:00","1979","01","05","21:00"," ","-13,50","","-16,60","","77,00","","24,00","","2,00","","25,00","","100,89","","","","-15,00","","Nuageux"
"1979-01-05 22:00","1979","01","05","22:00"," ","-13,10","","-16,50","","76,00","","19,00","","6,00","","19,30","","100,89","","","","-17,00","","Généralement nuageux"
"1979-01-05 23:00","1979","01","05","23:00"," ","-12,50","","-15,90","","76,00","","25,00","","2,00","","19,30","","100,79","","","","-14,00","","Nuageux"
"1979-01-06 00:00","1979","01","06","00:00"," ","-11,70","","-14,70","","78,00","","27,00","","4,00","","19,30","","100,69","","","","-14,00","","Nuageux"
"1979-01-06 01:00","1979","01","06","01:00"," ","-11,60","","-14,70","","78,00","","23,00","","7,00","","19,30","","100,62","","","","-16,00","","Nuageux"
"1979-01-06 02:00","1979","01","06","02:00"," ","-11,70","","-14,70","","78,00","","25,00","","9,00","","19,30","","100,56","","","","-17,00","","Nuageux"
"1979-01-06 03:00","1979","01","06","03:00"," ","-11,90","","-15,30","","76,00","","26,00","","11,00","","19,30","","100,59","","","","-18,00","","Nuageux"
"1979-01-06 04:00","1979","01","06","04:00"," ","-12,50","","-15,40","","79,00","","25,00","","9,00","","19,30","","100,49","","","","-18,00","","Généralement nuageux"
"1979-01-06 05:00","1979","01","06","05:00"," ","-13,10","","-15,50","","82,00","","24,00","","9,00","","19,30","","100,49","","","","-19,00","","Généralement nuageux"
"1979-01-06 06:00","1979","01","06","06:00"," ","-14,30","","-15,70","","89,00","","22,00","","11,00","","19,30","","100,49","","","","-21,00","","Généralement dégagé"
"1979-01-06 07:00","1979","01","06","07:00"," ","-14,10","","-15,70","","88,00","","22,00","","9,00","","19,30","","100,49","","","","-20,00","","Généralement dégagé"
"1979-01-06 08:00","1979","01","06","08:00"," ","-15,00","","-16,20","","90,00","","22,00","","2,00","","8,00","","100,56","","","","-16,00","","Brouillard"
"1979-01-06 09:00","1979","01","06","09:00"," ","-13,00","","-15,00","","85,00","","23,00","","17,00","","12,90","","100,52","","","","-21,00","","Généralement dégagé"
"1979-01-06 10:00","1979","01","06","10:00"," ","-11,50","","-14,20","","80,00","","25,00","","17,00","","24,10","","100,52","","","","-19,00","","Généralement nuageux"
"1979-01-06 11:00","1979","01","06","11:00"," ","-9,60","","-14,00","","70,00","","26,00","","15,00","","32,20","","100,49","","","","-16,00","","Généralement nuageux"
"1979-01-06 12:00","1979","01","06","12:00"," ","-8,40","","-14,10","","63,00","","23,00","","24,00","","32,20","","100,36","","","","-17,00","","Généralement nuageux"
"1979-01-06 13:00","1979","01","06","13:00"," ","-7,80","","-12,90","","67,00","","22,00","","20,00","","32,20","","100,22","","","","-15,00","","Généralement nuageux"
"1979-01-06 14:00","1979","01","06","14:00"," ","-7,40","","-12,70","","65,00","","22,00","","24,00","","32,20","","100,19","","","","-15,00","","Généralement nuageux"
"1979-01-06 15:00","1979","01","06","15:00"," ","-7,10","","-12,00","","68,00","","21,00","","30,00","","32,20","","100,16","","","","-16,00","","Généralement dégagé"
"1979-01-06 16:00","1979","01","06","16:00"," ","-7,20","","-12,00","","69,00","","21,00","","24,00","","32,20","","100,12","","","","-15,00","","Généralement dégagé"
"1979-01-06 17:00","1979","01","06","17:00"," ","-7,20","","-11,50","","71,00","","22,00","","11,00","","32,20","","100,09","","","","-12,00","","Généralement dégagé"
"1979-01-06 18:00","1979","01","06","18:00"," ","-8,70","","-12,30","","75,00","","22,00","","20,00","","25,00","","100,09","","","","-16,00","","Généralement dégagé"
"1979-01-06 19:00","1979","01","06","19:00"," ","-9,20","","-12,50","","77,00","","21,00","","19,00","","25,00","","100,12","","","","-17,00","","Généralement dégagé"
"1979-01-06 20:00","1979","01","06","20:00"," ","-9,30","","-12,70","","76,00","","20,00","","20,00","","25,00","","100,12","","","","-17,00","","Dégagé"
"1979-01-06 21:00","1979","01","06","21:00"," ","-9,50","","-11,40","","86,00","","20,00","","17,00","","25,00","","100,12","","","","-17,00","","Dégagé"
"1979-01-06 22:00","1979","01","06","22:00"," ","-10,50","","-12,60","","84,00","","23,00","","7,00","","25,00","","100,12","","","","-15,00","","Dégagé"
"1979-01-06 23:00","1979","01","06","23:00"," ","-10,50","","-13,50","","78,00","","23,00","","17,00","","25,00","","100,16","","","","-18,00","","Dégagé"
"1979-01-07 00:00","1979","01","07","00:00"," ","-10,60","","-13,50","","79,00","","24,00","","11,00","","25,00","","100,16","","","","-16,00","","Dégagé"
"1979-01-07 01:00","1979","01","07","01:00"," ","-10,70","","-13,90","","77,00","","20,00","","4,00","","25,00","","100,12","","","","-13,00","","Dégagé"
"1979-01-07 02:00","1979","01","07","02:00"," ","-12,20","","-14,80","","81,00","","23,00","","6,00","","25,00","","100,16","","","","-16,00","","Dégagé"
"1979-01-07 03:00","1979","01","07","03:00"," ","-12,70","","-14,90","","84,00","","23,00","","7,00","","25,00","","100,19","","","","-17,00","","Généralement dégagé"
"1979-01-07 04:00","1979","01","07","04:00"," ","-13,30","","-15,60","","83,00","","0,00","","0,00","","25,00","","100,16","","","","","","Généralement dégagé"
"1979-01-07 05:00","1979","01","07","05:00"," ","-12,30","","-14,90","","81,00","","25,00","","2,00","","19,30","","100,09","","","","-14,00","","Généralement nuageux"
"1979-01-07 06:00","1979","01","07","06:00"," ","-11,90","","-14,80","","79,00","","23,00","","2,00","","19,30","","100,09","","","","-13,00","","Généralement nuageux"
"1979-01-07 07:00","1979","01","07","07:00"," ","-11,60","","-14,70","","78,00","","0,00","","0,00","","19,30","","100,06","","","","","","Nuageux"
"1979-01-07 08:00","1979","01","07","08:00"," ","-11,20","","-13,60","","82,00","","0,00","","0,00","","16,10","","100,09","","","","","","Nuageux"
"1979-01-07 09:00","1979","01","07","09:00"," ","-10,80","","-13,60","","80,00","","23,00","","2,00","","12,90","","100,09","","","","-12,00","","Nuageux"
"1979-01-07 10:00","1979","01","07","10:00"," ","-9,70","","-11,80","","85,00","","28,00","","4,00","","16,10","","100,06","","","","-12,00","","Nuageux"
"1979-01-07 11:00","1979","01","07","11:00"," ","-8,70","","-10,70","","85,00","","0,00","","0,00","","16,10","","100,06","","","","","","Nuageux"
"1979-01-07 12:00","1979","01","07","12:00"," ","-8,40","","-11,50","","78,00","","0,00","","0,00","","16,10","","99,89","","","","","","Nuageux"
"1979-01-07 13:00","1979","01","07","13:00"," ","-7,50","","-9,90","","83,00","","0,00","","0,00","","16,10","","99,76","","","","","","Nuageux"
"1979-01-07 14:00","1979","01","07","14:00"," ","-7,60","","-10,20","","81,00","","1,00","","4,00","","16,10","","99,59","","","","-10,00","","Neige"
"1979-01-07 15:00","1979","01","07","15:00"," ","-7,90","","-9,30","","90,00","","1,00","","4,00","","1,60","","99,52","","","","-10,00","","Neige"
"1979-01-07 16:00","1979","01","07","16:00"," ","-8,00","","-9,00","","92,00","","35,00","","9,00","","1,20","","99,56","","","","-13,00","","Neige"
"1979-01-07 17:00","1979","01","07","17:00"," ","-8,00","","-8,70","","95,00","","34,00","","11,00","","1,60","","99,49","","","","-13,00","","Neige"
"1979-01-07 18:00","1979","01","07","18:00"," ","-8,00","","-9,00","","92,00","","2,00","","9,00","","2,00","","99,42","","","","-13,00","","Neige"
"1979-01-07 19:00","1979","01","07","19:00"," ","-7,90","","-9,30","","90,00","","35,00","","6,00","","8,00","","99,46","","","","-11,00","","Neige"
"1979-01-07 20:00","1979","01","07","20:00"," ","-7,90","","-9,70","","87,00","","33,00","","7,00","","12,90","","99,49","","","","-12,00","","Neige"
"1979-01-07 21:00","1979","01","07","21:00"," ","-7,90","","-9,70","","87,00","","33,00","","13,00","","12,90","","99,46","","","","-14,00","","Nuageux"
"1979-01-07 22:00","1979","01","07","22:00"," ","-8,10","","-10,10","","85,00","","34,00","","9,00","","12,90","","99,39","","","","-13,00","","Nuageux"
"1979-01-07 23:00","1979","01","07","23:00"," ","-8,10","","-10,10","","85,00","","34,00","","13,00","","12,90","","99,39","","","","-14,00","","Nuageux"
"1979-01-08 00:00","1979","01","08","00:00"," ","-8,20","","-10,10","","86,00","","34,00","","13,00","","16,10","","99,39","","","","-14,00","","Généralement nuageux"
"1979-01-08 01:00","1979","01","08","01:00"," ","-8,60","","-10,70","","85,00","","33,00","","6,00","","16,10","","99,36","","","","-12,00","","Généralement nuageux"
"1979-01-08 02:00","1979","01","08","02:00"," ","-9,50","","-11,10","","88,00","","32,00","","9,00","","19,30","","99,36","","","","-14,00","","Nuageux"
"1979-01-08 03:00","1979","01","08","03:00"," ","-9,50","","-11,40","","86,00","","31,00","","7,00","","25,00","","99,39","","","","-13,00","","Généralement nuageux"
"1979-01-08 04:00","1979","01","08","04:00"," ","-9,50","","-11,40","","86,00","","29,00","","2,00","","25,00","","99,39","","","","-11,00","","Généralement nuageux"
"1979-01-08 05:00","1979","01","08","05:00"," ","-10,60","","-12,20","","88,00","","29,00","","4,00","","19,30","","99,36","","","","-13,00","","Généralement nuageux"
"1979-01-08 06:00","1979","01","08","06:00"," ","-10,50","","-12,20","","87,00","","0,00","","0,00","","19,30","","99,36","","","","","","Nuageux"
"1979-01-08 07:00","1979","01","08","07:00"," ","-9,40","","-11,40","","85,00","","29,00","","4,00","","19,30","","99,39","","","","-12,00","","Généralement nuageux"
"1979-01-08 08:00","1979","01","08","08:00"," ","-8,40","","-10,70","","83,00","","26,00","","13,00","","12,90","","99,39","","","","-14,00","","Nuageux"
"1979-01-08 09:00","1979","01","08","09:00"," ","-8,50","","-11,10","","81,00","","24,00","","9,00","","8,00","","99,46","","","","-13,00","","Brume sèche"
"1979-01-08 10:00","1979","01","08","10:00"," ","-7,20","","-9,60","","83,00","","27,00","","11,00","","19,30","","99,46","","","","-12,00","","Généralement dégagé"
"1979-01-08 11:00","1979","01","08","11:00"," ","-6,00","","-10,30","","72,00","","27,00","","20,00","","32,20","","99,42","","","","-13,00","","Généralement dégagé"
"1979-01-08 12:00","1979","01","08","12:00"," ","-5,80","","-11,10","","66,00","","27,00","","22,00","","32,20","","99,36","","","","-13,00","","Généralement nuageux"
"1979-01-08 13:00","1979","01","08","13:00"," ","-6,10","","-10,30","","72,00","","27,00","","24,00","","32,20","","99,29","","","","-14,00","","Généralement dégagé"
"1979-01-08 14:00","1979","01","08","14:00"," ","-6,10","","-11,50","","65,00","","26,00","","26,00","","32,20","","99,29","","","","-14,00","","Généralement dégagé"
"1979-01-08 15:00","1979","01","08","15:00"," ","-6,60","","-11,30","","69,00","","28,00","","22,00","","32,20","","99,36","","","","-14,00","","Généralement dégagé"
"1979-01-08 16:00","1979","01","08","16:00"," ","-7,90","","-12,10","","72,00","","26,00","","24,00","","32,20","","99,46","","","","-16,00","","Généralement dégagé"
"1979-01-08 17:00","1979","01","08","17:00"," ","-8,20","","-12,10","","73,00","","25,00","","17,00","","32,20","","99,49","","","","-15,00","","Généralement dégagé"
"1979-01-08 18:00","1979","01","08","18:00"," ","-10,30","","-13,90","","75,00","","24,00","","9,00","","25,00","","99,56","","","","-15,00","","Généralement dégagé"
"1979-01-08 19:00","1979","01","08","19:00"," ","-11,60","","-14,70","","78,00","","24,00","","13,00","","25,00","","99,66","","","","-18,00","","Généralement dégagé"
"1979-01-08 20:00","1979","01","08","20:00"," ","-12,00","","-14,80","","80,00","","24,00","","19,00","","25,00","","99,69","","","","-20,00","","Dégagé"
"1979-01-08 21:00","1979","01","08","21:00"," ","-12,50","","-15,40","","79,00","","23,00","","22,00","","25,00","","99,69","","","","-21,00","","Dégagé"
"1979-01-08 22:00","1979","01","08","22:00"," ","-13,30","","-16,60","","76,00","","23,00","","19,00","","25,00","","99,69","","","","-22,00","","Dégagé"
"1979-01-08 23:00","1979","01","08","23:00"," ","-13,00","","-16,00","","78,00","","23,00","","20,00","","25,00","","99,72","","","","-22,00","","Dégagé"
"1979-01-09 00:00","1979","01","09","00:00"," ","-12,50","","-15,40","","79,00","","23,00","","20,00","","25,00","","99,76","","","","-21,00","","Généralement dégagé"
"1979-01-09 01:00","1979","01","09","01:00"," ","-11,80","","-15,80","","72,00","","25,00","","20,00","","25,00","","99,76","","","","-20,00","","Généralement dégagé"
"1979-01-09 02:00","1979","01","09","02:00"," ","-10,90","","-14,50","","75,00","","24,00","","20,00","","25,00","","99,79","","","","-19,00","","Généralement nuageux"
"1979-01-09 03:00","1979","01","09","03:00"," ","-11,30","","-14,70","","76,00","","21,00","","20,00","","25,00","","99,79","","","","-20,00","","Généralement nuageux"
"1979-01-09 04:00","1979","01","09","04:00"," ","-12,20","","-15,30","","78,00","","22,00","","28,00","","25,00","","99,79","","","","-22,00","","Généralement dégagé"
"1979-01-09 05:00","1979","01","09","05:00"," ","-13,10","","-17,10","","72,00","","23,00","","28,00","","25,00","","99,76","","","","-23,00","","Généralement dégagé"
"1979-01-09 06:00","1979","01","09","06:00"," ","-14,00","","-17,80","","73,00","","23,00","","31,00","","24,10","","99,76","","","","-25,00","","Averses de neige"
"1979-01-09 07:00","1979","01","09","07:00"," ","-13,70","","-16,60","","79,00","","22,00","","26,00","","19,30","","99,79","","","","-24,00","","Averses de neige"
"1979-01-09 08:00","1979","01","09","08:00"," ","-13,90","","-17,20","","76,00","","22,00","","22,00","","16,10","","99,76","","","","-23,00","","Averses de neige"
"1979-01-09 09:00","1979","01","09","09:00"," ","-13,60","","-16,10","","81,00","","22,00","","22,00","","4,80","","99,79","","","","-23,00","","Neige"
"1979-01-09 10:00","1979","01","09","10:00"," ","-13,00","","-15,00","","85,00","","23,00","","19,00","","2,80","","99,86","","","","-21,00","","Neige"
"1979-01-09 11:00","1979","01","09","11:00"," ","-11,80","","-15,30","","75,00","","22,00","","22,00","","4,80","","99,86","","","","-21,00","","Neige"
"1979-01-09 12:00","1979","01","09","12:00"," ","-9,10","","-11,70","","81,00","","23,00","","33,00","","9,70","","99,76","","","","-19,00","","Neige"
"1979-01-09 13:00","1979","01","09","13:00"," ","-10,40","","-13,90","","75,00","","24,00","","28,00","","12,90","","99,76","","","","-20,00","","Neige"
"1979-01-09 14:00","1979","01","09","14:00"," ","-11,20","","-14,10","","79,00","","23,00","","24,00","","3,20","","99,76","","","","-20,00","","Neige"
"1979-01-09 15:00","1979","01","09","15:00"," ","-11,10","","-14,50","","76,00","","22,00","","22,00","","12,90","","99,76","","","","-20,00","","Neige"
"1979-01-09 16:00","1979","01","09","16:00"," ","-11,30","","-14,70","","76,00","","23,00","","20,00","","19,30","","99,86","","","","-20,00","","Généralement nuageux"
"1979-01-09 17:00","1979","01","09","17:00"," ","-11,60","","-15,20","","74,00","","23,00","","22,00","","19,30","","99,92","","","","-20,00","","Généralement dégagé"
"1979-01-09 18:00","1979","01","09","18:00"," ","-12,40","","-15,40","","78,00","","22,00","","17,00","","24,10","","99,99","","","","-20,00","","Dégagé"
"1979-01-09 19:00","1979","01","09","19:00"," ","-13,20","","-15,50","","83,00","","23,00","","19,00","","24,10","","100,06","","","","-22,00","","Dégagé"
"1979-01-09 20:00","1979","01","09","20:00"," ","-14,00","","-16,70","","80,00","","23,00","","24,00","","24,10","","100,12","","","","-24,00","","Dégagé"
"1979-01-09 21:00","1979","01","09","21:00"," ","-13,00","","-15,50","","81,00","","24,00","","24,00","","24,10","","100,16","","","","-22,00","","Dégagé"
"1979-01-09 22:00","1979","01","09","22:00"," ","-13,30","","-16,10","","79,00","","24,00","","22,00","","24,10","","100,16","","","","-22,00","","Dégagé"
"1979-01-09 23:00","1979","01","09","23:00"," ","-12,90","","-15,50","","81,00","","25,00","","22,00","","24,10","","100,19","","","","-22,00","","Dégagé"
"1979-01-10 00:00","1979","01","10","00:00"," ","-12,80","","-15,50","","80,00","","25,00","","24,00","","24,10","","100,19","","","","-22,00","","Dégagé"
"1979-01-10 01:00","1979","01","10","01:00"," ","-12,70","","-15,40","","80,00","","25,00","","19,00","","24,10","","100,16","","","","-21,00","","Généralement dégagé"
"1979-01-10 02:00","1979","01","10","02:00"," ","-13,10","","-15,50","","82,00","","24,00","","19,00","","24,10","","100,19","","","","-22,00","","Dégagé"
"1979-01-10 03:00","1979","01","10","03:00"," ","-13,00","","-15,50","","81,00","","25,00","","22,00","","24,10","","100,19","","","","-22,00","","Dégagé"
"1979-01-10 04:00","1979","01","10","04:00"," ","-13,10","","-15,00","","86,00","","24,00","","19,00","","19,30","","100,19","","","","-22,00","","Généralement dégagé"
"1979-01-10 05:00","1979","01","10","05:00"," ","-13,60","","-15,60","","85,00","","25,00","","17,00","","19,30","","100,16","","","","-22,00","","Généralement dégagé"
"1979-01-10 06:00","1979","01","10","06:00"," ","-13,60","","-15,60","","85,00","","24,00","","22,00","","19,30","","100,19","","","","-23,00","","Généralement dégagé"
"1979-01-10 07:00","1979","01","10","07:00"," ","-13,90","","-16,20","","82,00","","26,00","","13,00","","19,30","","100,22","","","","-21,00","","Généralement dégagé"
"1979-01-10 08:00","1979","01","10","08:00"," ","-14,20","","-16,20","","85,00","","25,00","","17,00","","24,10","","100,26","","","","-22,00","","Généralement dégagé"
"1979-01-10 09:00","1979","01","10","09:00"," ","-12,40","","-14,90","","81,00","","24,00","","19,00","","40,20","","100,29","","","","-21,00","","Généralement dégagé"
"1979-01-10 10:00","1979","01","10","10:00"," ","-10,60","","-13,50","","79,00","","24,00","","28,00","","40,20","","100,26","","","","-20,00","","Généralement nuageux"
"1979-01-10 11:00","1979","01","10","11:00"," ","-10,00","","-13,80","","74,00","","24,00","","28,00","","40,20","","100,29","","","","-19,00","","Nuageux"
"1979-01-10 12:00","1979","01","10","12:00"," ","-9,70","","-12,70","","79,00","","24,00","","26,00","","11,30","","100,26","","","","-19,00","","Neige"
"1979-01-10 13:00","1979","01","10","13:00"," ","-9,50","","-12,70","","77,00","","24,00","","28,00","","16,10","","100,19","","","","-19,00","","Averses de neige"
"1979-01-10 14:00","1979","01","10","14:00"," ","-8,80","","-15,30","","59,00","","25,00","","35,00","","32,20","","100,16","","","","-19,00","","Généralement nuageux"
"1979-01-10 15:00","1979","01","10","15:00"," ","-9,30","","-15,00","","63,00","","26,00","","26,00","","32,20","","100,22","","","","-18,00","","Généralement dégagé"
"1979-01-10 16:00","1979","01","10","16:00"," ","-8,80","","-13,40","","69,00","","26,00","","22,00","","24,10","","100,32","","","","-17,00","","Généralement dégagé"
"1979-01-10 17:00","1979","01","10","17:00"," ","-11,80","","-15,30","","75,00","","36,00","","24,00","","6,40","","100,49","","","","-21,00","","Averses de neige"
"1979-01-10 18:00","1979","01","10","18:00"," ","-13,50","","-16,10","","81,00","","34,00","","15,00","","25,00","","100,62","","","","-21,00","","Généralement dégagé"
"1979-01-10 19:00","1979","01","10","19:00"," ","-15,40","","-17,90","","81,00","","32,00","","13,00","","25,00","","100,76","","","","-23,00","","Dégagé"
"1979-01-10 20:00","1979","01","10","20:00"," ","-16,20","","-17,90","","87,00","","29,00","","9,00","","25,00","","100,82","","","","-22,00","","Dégagé"
"1979-01-10 21:00","1979","01","10","21:00"," ","-14,70","","-17,80","","77,00","","28,00","","17,00","","25,00","","100,89","","","","-23,00","","Généralement dégagé"
"1979-01-10 22:00","1979","01","10","22:00"," ","-16,30","","-19,60","","75,00","","31,00","","15,00","","25,00","","100,95","","","","-25,00","","Généralement dégagé"
"1979-01-10 23:00","1979","01","10","23:00"," ","-16,60","","-19,60","","78,00","","35,00","","17,00","","25,00","","100,99","","","","-25,00","","Dégagé"
"1979-01-11 00:00","1979","01","11","00:00"," ","-17,80","","-21,40","","73,00","","35,00","","13,00","","25,00","","101,09","","","","-26,00","","Généralement dégagé"
"1979-01-11 01:00","1979","01","11","01:00"," ","-19,50","","-22,40","","78,00","","1,00","","11,00","","25,00","","101,09","","","","-27,00","","Dégagé"
"1979-01-11 02:00","1979","01","11","02:00"," ","-19,80","","-23,80","","71,00","","2,00","","6,00","","25,00","","101,09","","","","-25,00","","Dégagé"
"1979-01-11 03:00","1979","01","11","03:00"," ","-21,00","","-24,20","","75,00","","32,00","","9,00","","25,00","","101,15","","","","-28,00","","Généralement dégagé"
"1979-01-11 04:00","1979","01","11","04:00"," ","-20,10","","-22,20","","83,00","","30,00","","2,00","","25,00","","101,19","","","","-22,00","","Généralement dégagé"
"1979-01-11 05:00","1979","01","11","05:00"," ","-20,70","","-22,80","","84,00","","0,00","","0,00","","25,00","","101,19","","","","","","Généralement dégagé"
"1979-01-11 06:00","1979","01","11","06:00"," ","-21,50","","-23,90","","81,00","","26,00","","4,00","","25,00","","101,25","","","","-25,00","","Généralement dégagé"
"1979-01-11 07:00","1979","01","11","07:00"," ","-22,10","","-24,40","","82,00","","33,00","","2,00","","25,00","","101,29","","","","-24,00","","Généralement dégagé"
"1979-01-11 08:00","1979","01","11","08:00"," ","-21,30","","-23,90","","80,00","","29,00","","4,00","","32,20","","101,29","","","","-25,00","","Généralement dégagé"
"1979-01-11 09:00","1979","01","11","09:00"," ","-18,90","","-21,10","","83,00","","0,00","","0,00","","24,10","","101,29","","","","","","Généralement dégagé"
"1979-01-11 10:00","1979","01","11","10:00"," ","-14,80","","-19,70","","66,00","","20,00","","7,00","","32,20","","101,35","","","","-20,00","","Généralement dégagé"
"1979-01-11 11:00","1979","01","11","11:00"," ","-11,80","","-18,60","","57,00","","23,00","","15,00","","40,20","","101,32","","","","-19,00","","Généralement dégagé"
"1979-01-11 12:00","1979","01","11","12:00"," ","-10,10","","-15,70","","63,00","","24,00","","19,00","","40,20","","101,25","","","","-18,00","","Généralement dégagé"
"1979-01-11 13:00","1979","01","11","13:00"," ","-9,50","","-15,50","","61,00","","25,00","","22,00","","40,20","","101,15","","","","-18,00","","Généralement dégagé"
"1979-01-11 14:00","1979","01","11","14:00"," ","-8,70","","-13,60","","68,00","","26,00","","20,00","","40,20","","101,15","","","","-16,00","","Généralement dégagé"
"1979-01-11 15:00","1979","01","11","15:00"," ","-8,90","","-16,40","","54,00","","25,00","","15,00","","40,20","","101,15","","","","-15,00","","Généralement dégagé"
"1979-01-11 16:00","1979","01","11","16:00"," ","-9,20","","-16,40","","56,00","","26,00","","17,00","","40,20","","101,12","","","","-16,00","","Généralement dégagé"
"1979-01-11 17:00","1979","01","11","17:00"," ","-10,20","","-16,20","","61,00","","25,00","","9,00","","40,20","","101,15","","","","-15,00","","Généralement dégagé"
"1979-01-11 18:00","1979","01","11","18:00"," ","-13,10","","-16,50","","76,00","","0,00","","0,00","","40,20","","101,12","","","","","","Généralement dégagé"
"1979-01-11 19:00","1979","01","11","19:00"," ","-12,80","","-17,10","","70,00","","0,00","","0,00","","25,00","","101,09","","","","","","Généralement nuageux"
"1979-01-11 20:00","1979","01","11","20:00"," ","-14,20","","-17,20","","78,00","","22,00","","2,00","","25,00","","101,09","","","","-16,00","","Généralement nuageux"
"1979-01-11 21:00","1979","01","11","21:00"," ","-17,60","","-19,50","","85,00","","26,00","","4,00","","25,00","","101,12","","","","-21,00","","Généralement nuageux"
"1979-01-11 22:00","1979","01","11","22:00"," ","-15,60","","-19,70","","71,00","","26,00","","2,00","","25,00","","101,09","","","","-17,00","","Nuageux"
"1979-01-11 23:00","1979","01","11","23:00"," ","-16,40","","-18,40","","84,00","","0,00","","0,00","","25,00","","101,09","","","","","","Nuageux"
"1979-01-12 00:00","1979","01","12","00:00"," ","-16,70","","-17,30","","95,00","","35,00","","2,00","","24,10","","101,05","","","","-18,00","","Nuageux"
"1979-01-12 01:00","1979","01","12","01:00"," ","-16,50","","-18,40","","85,00","","36,00","","7,00","","24,10","","100,99","","","","-22,00","","Nuageux"
"1979-01-12 02:00","1979","01","12","02:00"," ","-17,10","","-19,00","","85,00","","35,00","","6,00","","24,10","","100,95","","","","-22,00","","Nuageux"
"1979-01-12 03:00","1979","01","12","03:00"," ","-16,50","","-19,00","","81,00","","35,00","","2,00","","24,10","","100,95","","","","-18,00","","Nuageux"
"1979-01-12 04:00","1979","01","12","04:00"," ","-15,60","","-17,90","","83,00","","33,00","","2,00","","19,30","","100,89","","","","-17,00","","Nuageux"
"1979-01-12 05:00","1979","01","12","05:00"," ","-14,20","","-15,70","","88,00","","34,00","","2,00","","19,30","","100,82","","","","-16,00","","Averses de neige"
"1979-01-12 06:00","1979","01","12","06:00"," ","-13,60","","-17,30","","74,00","","2,00","","4,00","","19,30","","100,79","","","","-16,00","","Nuageux"
"1979-01-12 07:00","1979","01","12","07:00"," ","-14,50","","-16,70","","83,00","","3,00","","13,00","","25,00","","100,76","","","","-22,00","","Généralement nuageux"
"1979-01-12 08:00","1979","01","12","08:00"," ","-13,50","","-16,10","","81,00","","2,00","","11,00","","19,30","","100,69","","","","-20,00","","Généralement nuageux"
"1979-01-12 09:00","1979","01","12","09:00"," ","-11,40","","-15,20","","73,00","","4,00","","15,00","","32,20","","100,69","","","","-18,00","","Nuageux"
"1979-01-12 10:00","1979","01","12","10:00"," ","-9,80","","-13,30","","75,00","","3,00","","11,00","","32,20","","100,69","","","","-15,00","","Nuageux"
"1979-01-12 11:00","1979","01","12","11:00"," ","-8,30","","-13,60","","65,00","","5,00","","7,00","","32,20","","100,62","","","","-12,00","","Généralement dégagé"
"1979-01-12 12:00","1979","01","12","12:00"," ","-7,40","","-13,10","","63,00","","11,00","","11,00","","32,20","","100,38","","","","-12,00","","Généralement dégagé"
"1979-01-12 13:00","1979","01","12","13:00"," ","-7,50","","-12,70","","66,00","","13,00","","17,00","","32,20","","100,42","","","","-14,00","","Généralement nuageux"
"1979-01-12 14:00","1979","01","12","14:00"," ","-7,30","","-12,30","","67,00","","12,00","","11,00","","32,20","","100,39","","","","-12,00","","Généralement dégagé"
"1979-01-12 15:00","1979","01","12","15:00"," ","-7,50","","-12,70","","66,00","","14,00","","2,00","","32,20","","100,36","","","","-9,00","","Généralement nuageux"
"1979-01-12 16:00","1979","01","12","16:00"," ","-7,20","","-12,40","","66,00","","13,00","","4,00","","32,20","","100,39","","","","-9,00","","Généralement nuageux"
"1979-01-12 17:00","1979","01","12","17:00"," ","-8,40","","-13,20","","68,00","","15,00","","2,00","","32,20","","100,39","","","","-9,00","","Nuageux"
"1979-01-12 18:00","1979","01","12","18:00"," ","-8,60","","-13,20","","69,00","","10,00","","7,00","","24,10","","100,36","","","","-12,00","","Généralement nuageux"
"1979-01-12 19:00","1979","01","12","19:00"," ","-8,30","","-13,20","","67,00","","9,00","","6,00","","24,10","","100,36","","","","-12,00","","Généralement nuageux"
"1979-01-12 20:00","1979","01","12","20:00"," ","-8,50","","-12,30","","74,00","","9,00","","2,00","","24,10","","100,36","","","","-10,00","","Généralement nuageux"
"1979-01-12 21:00","1979","01","12","21:00"," ","-12,10","","-13,40","","90,00","","0,00","","0,00","","24,10","","100,29","","","","","","Nuageux"
"1979-01-12 22:00","1979","01","12","22:00"," ","-12,50","","-14,00","","88,00","","34,00","","4,00","","19,30","","100,32","","","","-15,00","","Nuageux"
"1979-01-12 23:00","1979","01","12","23:00"," ","-11,50","","-13,30","","87,00","","36,00","","4,00","","16,10","","100,32","","","","-14,00","","Nuageux"
"1979-01-13 00:00","1979","01","13","00:00"," ","-10,00","","-12,00","","85,00","","35,00","","4,00","","16,10","","100,26","","","","-12,00","","Nuageux"
"1979-01-13 01:00","1979","01","13","01:00"," ","-9,60","","-11,80","","84,00","","3,00","","9,00","","12,90","","100,16","","","","-14,00","","Nuageux"
"1979-01-13 02:00","1979","01","13","02:00"," ","-8,30","","-10,30","","85,00","","3,00","","4,00","","12,90","","100,12","","","","-10,00","","Nuageux"
"1979-01-13 03:00","1979","01","13","03:00"," ","-7,40","","-9,10","","87,00","","2,00","","9,00","","12,90","","100,16","","","","-12,00","","Nuageux"
"1979-01-13 04:00","1979","01","13","04:00"," ","-6,70","","-8,30","","89,00","","5,00","","9,00","","12,90","","100,09","","","","-11,00","","Nuageux"
"1979-01-13 05:00","1979","01","13","05:00"," ","-6,40","","-8,00","","88,00","","5,00","","13,00","","12,90","","99,96","","","","-12,00","","Nuageux"
"1979-01-13 06:00","1979","01","13","06:00"," ","-5,90","","-7,40","","89,00","","5,00","","20,00","","12,90","","99,79","","","","-13,00","","Nuageux"
"1979-01-13 07:00","1979","01","13","07:00"," ","-5,50","","-6,80","","91,00","","6,00","","17,00","","6,40","","99,79","","","","-12,00","","Neige"
"1979-01-13 08:00","1979","01","13","08:00"," ","-5,40","","-6,20","","94,00","","6,00","","17,00","","1,20","","99,82","","","","-11,00","","Neige"
"1979-01-13 09:00","1979","01","13","09:00"," ","-5,40","","-6,20","","94,00","","5,00","","17,00","","0,80","","99,76","","","","-11,00","","Neige modérée"
"1979-01-13 10:00","1979","01","13","10:00"," ","-5,40","","-6,20","","94,00","","6,00","","19,00","","1,00","","99,72","","","","-12,00","","Neige"
"1979-01-13 11:00","1979","01","13","11:00"," ","-5,00","","-5,60","","95,00","","6,00","","20,00","","1,60","","99,59","","","","-12,00","","Neige"
"1979-01-13 12:00","1979","01","13","12:00"," ","-4,60","","-5,40","","94,00","","6,00","","20,00","","1,60","","99,46","","","","-11,00","","Neige"
"1979-01-13 13:00","1979","01","13","13:00"," ","-3,70","","-4,20","","96,00","","7,00","","22,00","","3,20","","99,22","","","","-10,00","","Neige"
"1979-01-13 14:00","1979","01","13","14:00"," ","-2,90","","-3,90","","93,00","","8,00","","28,00","","1,60","","99,06","","","","-10,00","","Neige,Granules de glace ou grésil"
"1979-01-13 15:00","1979","01","13","15:00"," ","-2,80","","-3,70","","93,00","","8,00","","28,00","","1,60","","98,89","","","","-10,00","","Neige"
"1979-01-13 16:00","1979","01","13","16:00"," ","-2,60","","-3,10","","96,00","","7,00","","22,00","","2,40","","98,76","","","","-9,00","","Pluie verglaçante,Neige,Granules de glace ou grésil"
"1979-01-13 17:00","1979","01","13","17:00"," ","-2,60","","-3,10","","96,00","","8,00","","26,00","","1,00","","98,56","","","","-9,00","","Pluie verglaçante,Neige,Granules de glace ou grésil"
"1979-01-13 18:00","1979","01","13","18:00"," ","-1,90","","-2,30","","97,00","","8,00","","31,00","","4,80","","98,42","","","","-9,00","","Pluie verglaçante,Neige,Granules de glace ou grésil"
"1979-01-13 19:00","1979","01","13","19:00"," ","-1,00","","-1,40","","97,00","","7,00","","24,00","","4,80","","98,26","","","","-7,00","","Pluie verglaçante,Neige,Granules de glace ou grésil"
"1979-01-13 20:00","1979","01","13","20:00"," ","-0,60","","-0,60","","100,00","","7,00","","22,00","","4,00","","98,16","","","","-6,00","","Pluie verglaçante,Brouillard"
"1979-01-13 21:00","1979","01","13","21:00"," ","0,00","","0,00","","100,00","","9,00","","15,00","","4,00","","97,96","","","","-4,00","","Pluie,Brouillard"
"1979-01-13 22:00","1979","01","13","22:00"," ","0,60","","0,60","","100,00","","10,00","","19,00","","4,80","","97,79","","","","","","Pluie,Brouillard"
"1979-01-13 23:00","1979","01","13","23:00"," ","1,00","","1,00","","100,00","","11,00","","20,00","","3,20","","97,62","","","","","","Pluie,Bruine,Brouillard"
"1979-01-14 00:00","1979","01","14","00:00"," ","1,10","","1,10","","100,00","","10,00","","19,00","","0,40","","97,46","","","","","","Pluie,Bruine,Brouillard"
"1979-01-14 01:00","1979","01","14","01:00"," ","1,10","","1,10","","100,00","","13,00","","13,00","","0,00","","97,26","","","","","","Pluie,Brouillard"
"1979-01-14 02:00","1979","01","14","02:00"," ","1,20","","1,20","","100,00","","13,00","","11,00","","0,00","","97,16","","","","","","Pluie,Brouillard"
"1979-01-14 03:00","1979","01","14","03:00"," ","1,30","","1,30","","100,00","","15,00","","7,00","","0,00","","97,06","","","","","","Pluie,Brouillard"
"1979-01-14 04:00","1979","01","14","04:00"," ","1,60","","1,60","","100,00","","18,00","","11,00","","0,20","","96,96","","","","","","Pluie,Brouillard"
"1979-01-14 05:00","1979","01","14","05:00"," ","1,60","","1,60","","100,00","","19,00","","17,00","","4,80","","96,86","","","","","","Pluie,Brouillard"
"1979-01-14 06:00","1979","01","14","06:00"," ","1,70","","0,50","","92,00","","21,00","","26,00","","16,10","","96,82","","","","","","Pluie"
"1979-01-14 07:00","1979","01","14","07:00"," ","1,50","","0,00","","90,00","","22,00","","17,00","","19,30","","96,79","","","","","","Nuageux"
"1979-01-14 08:00","1979","01","14","08:00"," ","1,40","","0,50","","94,00","","24,00","","20,00","","19,30","","96,86","","","","","","Pluie"
"1979-01-14 09:00","1979","01","14","09:00"," ","-1,40","","-4,50","","79,00","","29,00","","44,00","","32,20","","97,06","","","","-10,00","","Nuageux"
"1979-01-14 10:00","1979","01","14","10:00"," ","-5,00","","-7,90","","80,00","","30,00","","44,00","","40,20","","97,36","","","","-14,00","","Généralement nuageux"
"1979-01-14 11:00","1979","01","14","11:00"," ","-5,50","","-9,60","","73,00","","30,00","","44,00","","40,20","","97,56","","","","-15,00","","Généralement nuageux"
"1979-01-14 12:00","1979","01","14","12:00"," ","-5,60","","-10,00","","71,00","","30,00","","33,00","","24,10","","97,76","","","","-14,00","","Averses de neige"
"1979-01-14 13:00","1979","01","14","13:00"," ","-5,70","","-10,40","","69,00","","30,00","","50,00","","40,20","","97,86","","","","-16,00","","Généralement nuageux"
"1979-01-14 14:00","1979","01","14","14:00"," ","-5,20","","-8,90","","75,00","","29,00","","50,00","","32,20","","98,02","","","","-15,00","","Généralement nuageux"
"1979-01-14 15:00","1979","01","14","15:00"," ","-5,90","","-10,30","","71,00","","30,00","","46,00","","40,20","","98,22","","","","-16,00","","Généralement nuageux"
"1979-01-14 16:00","1979","01","14","16:00"," ","-6,10","","-10,30","","72,00","","30,00","","43,00","","40,20","","98,39","","","","-16,00","","Généralement dégagé"
"1979-01-14 17:00","1979","01","14","17:00"," ","-7,40","","-11,40","","73,00","","30,00","","28,00","","40,20","","98,62","","","","-16,00","","Généralement dégagé"
"1979-01-14 18:00","1979","01","14","18:00"," ","-8,40","","-12,70","","71,00","","30,00","","30,00","","24,10","","98,79","","","","-17,00","","Généralement dégagé"
"1979-01-14 19:00","1979","01","14","19:00"," ","-8,80","","-12,50","","74,00","","28,00","","20,00","","24,10","","98,89","","","","-16,00","","Généralement dégagé"
"1979-01-14 20:00","1979","01","14","20:00"," ","-8,80","","-13,80","","67,00","","29,00","","30,00","","25,00","","98,99","","","","-18,00","","Généralement dégagé"
"1979-01-14 21:00","1979","01","14","21:00"," ","-8,80","","-14,30","","64,00","","28,00","","30,00","","25,00","","99,09","","","","-18,00","","Généralement dégagé"
"1979-01-14 22:00","1979","01","14","22:00"," ","-9,10","","-11,50","","83,00","","27,00","","22,00","","25,00","","99,19","","","","-17,00","","Généralement dégagé"
"1979-01-14 23:00","1979","01","14","23:00"," ","-9,20","","-12,50","","77,00","","27,00","","22,00","","19,30","","99,29","","","","-17,00","","Averses de neige"
"1979-01-15 00:00","1979","01","15","00:00"," ","-9,90","","-14,20","","70,00","","28,00","","24,00","","24,10","","99,39","","","","-18,00","","Généralement dégagé"
"1979-01-15 01:00","1979","01","15","01:00"," ","-11,10","","-13,60","","82,00","","27,00","","37,00","","24,10","","99,49","","","","-22,00","","Généralement dégagé"
"1979-01-15 02:00","1979","01","15","02:00"," ","-11,70","","-17,30","","63,00","","26,00","","31,00","","24,10","","99,62","","","","-22,00","","Dégagé"
"1979-01-15 03:00","1979","01","15","03:00"," ","-12,10","","-16,30","","71,00","","26,00","","35,00","","25,00","","99,72","","","","-23,00","","Dégagé"
"1979-01-15 04:00","1979","01","15","04:00"," ","-12,30","","-16,40","","71,00","","25,00","","33,00","","25,00","","99,82","","","","-23,00","","Généralement dégagé"
"1979-01-15 05:00","1979","01","15","05:00"," ","-12,10","","-15,80","","74,00","","24,00","","37,00","","25,00","","99,92","","","","-23,00","","Généralement nuageux"
"1979-01-15 06:00","1979","01","15","06:00"," ","-12,20","","-15,80","","75,00","","25,00","","31,00","","25,00","","100,06","","","","-23,00","","Généralement nuageux"
"1979-01-15 07:00","1979","01","15","07:00"," ","-12,40","","-15,40","","78,00","","25,00","","26,00","","19,30","","100,06","","","","-22,00","","Averses de neige"
"1979-01-15 08:00","1979","01","15","08:00"," ","-12,30","","-16,40","","71,00","","26,00","","30,00","","24,10","","100,16","","","","-23,00","","Généralement dégagé"
"1979-01-15 09:00","1979","01","15","09:00"," ","-12,40","","-17,00","","68,00","","25,00","","26,00","","32,20","","100,29","","","","-22,00","","Généralement dégagé"
"1979-01-15 10:00","1979","01","15","10:00"," ","-12,00","","-16,30","","70,00","","24,00","","30,00","","32,20","","100,36","","","","-22,00","","Généralement dégagé"
"1979-01-15 11:00","1979","01","15","11:00"," ","-12,50","","-17,50","","66,00","","25,00","","33,00","","32,20","","100,39","","","","-23,00","","Dégagé"
"1979-01-15 12:00","1979","01","15","12:00"," ","-12,20","","-16,30","","72,00","","25,00","","28,00","","32,20","","100,46","","","","-22,00","","Dégagé"
"1979-01-15 13:00","1979","01","15","13:00"," ","-12,30","","-17,00","","68,00","","27,00","","30,00","","32,20","","100,46","","","","-23,00","","Généralement dégagé"
"1979-01-15 14:00","1979","01","15","14:00"," ","-12,30","","-17,00","","68,00","","25,00","","33,00","","32,20","","100,46","","","","-23,00","","Généralement dégagé"
"1979-01-15 15:00","1979","01","15","15:00"," ","-12,40","","-16,40","","72,00","","25,00","","26,00","","32,20","","100,42","","","","-22,00","","Généralement nuageux"
"1979-01-15 16:00","1979","01","15","16:00"," ","-13,20","","-16,50","","76,00","","24,00","","24,00","","32,20","","100,49","","","","-23,00","","Généralement nuageux"
"1979-01-15 17:00","1979","01","15","17:00"," ","-13,60","","-17,20","","74,00","","24,00","","26,00","","32,20","","100,49","","","","-24,00","","Nuageux"
"1979-01-15 18:00","1979","01","15","18:00"," ","-13,70","","-16,60","","79,00","","24,00","","26,00","","24,10","","100,52","","","","-24,00","","Nuageux"
"1979-01-15 19:00","1979","01","15","19:00"," ","-13,70","","-17,20","","75,00","","24,00","","22,00","","24,10","","100,52","","","","-23,00","","Généralement nuageux"
"1979-01-15 20:00","1979","01","15","20:00"," ","-13,80","","-17,20","","75,00","","23,00","","22,00","","24,10","","100,52","","","","-23,00","","Nuageux"
"1979-01-15 21:00","1979","01","15","21:00"," ","-13,70","","-16,10","","82,00","","24,00","","20,00","","19,30","","100,52","","","","-23,00","","Neige"
"1979-01-15 22:00","1979","01","15","22:00"," ","-13,50","","-16,10","","81,00","","24,00","","20,00","","24,10","","100,46","","","","-22,00","","Nuageux"
"1979-01-15 23:00","1979","01","15","23:00"," ","-13,40","","-16,10","","80,00","","24,00","","20,00","","19,30","","100,46","","","","-22,00","","Neige"
"1979-01-16 00:00","1979","01","16","00:00"," ","-12,80","","-16,50","","74,00","","25,00","","15,00","","16,10","","100,42","","","","-20,00","","Neige"
"1979-01-16 01:00","1979","01","16","01:00"," ","-12,80","","-15,50","","80,00","","22,00","","2,00","","4,00","","100,36","","","","-14,00","","Neige"
"1979-01-16 02:00","1979","01","16","02:00"," ","-12,50","","-14,50","","85,00","","24,00","","4,00","","4,80","","100,36","","","","-15,00","","Neige"
"1979-01-16 03:00","1979","01","16","03:00"," ","-12,20","","-13,40","","91,00","","19,00","","4,00","","8,00","","100,29","","","","-15,00","","Neige"
"1979-01-16 04:00","1979","01","16","04:00"," ","-12,00","","-13,40","","89,00","","0,00","","0,00","","3,20","","100,26","","","","","","Neige"
"1979-01-16 05:00","1979","01","16","05:00"," ","-11,90","","-13,40","","89,00","","22,00","","4,00","","4,80","","100,22","","","","-14,00","","Neige"
"1979-01-16 06:00","1979","01","16","06:00"," ","-11,50","","-13,80","","83,00","","24,00","","6,00","","12,90","","100,29","","","","-15,00","","Nuageux"
"1979-01-16 07:00","1979","01","16","07:00"," ","-11,70","","-13,30","","88,00","","25,00","","4,00","","25,00","","100,32","","","","-14,00","","Généralement nuageux"
"1979-01-16 08:00","1979","01","16","08:00"," ","-13,30","","-16,10","","79,00","","25,00","","11,00","","32,20","","100,39","","","","-20,00","","Généralement dégagé"
"1979-01-16 09:00","1979","01","16","09:00"," ","-12,90","","-15,50","","81,00","","25,00","","17,00","","32,20","","100,49","","","","-21,00","","Généralement dégagé"
"1979-01-16 10:00","1979","01","16","10:00"," ","-11,80","","-15,30","","75,00","","27,00","","20,00","","32,20","","100,56","","","","-20,00","","Généralement dégagé"
"1979-01-16 11:00","1979","01","16","11:00"," ","-10,50","","-14,40","","73,00","","27,00","","19,00","","32,20","","100,62","","","","-18,00","","Généralement dégagé"
"1979-01-16 12:00","1979","01","16","12:00"," ","-8,90","","-13,40","","70,00","","29,00","","19,00","","32,20","","100,66","","","","-16,00","","Généralement dégagé"
"1979-01-16 13:00","1979","01","16","13:00"," ","-8,00","","-12,10","","72,00","","29,00","","15,00","","32,20","","100,66","","","","-14,00","","Généralement dégagé"
"1979-01-16 14:00","1979","01","16","14:00"," ","-7,40","","-12,30","","68,00","","30,00","","20,00","","32,20","","100,69","","","","-15,00","","Généralement nuageux"
"1979-01-16 15:00","1979","01","16","15:00"," ","-7,30","","-12,70","","65,00","","27,00","","20,00","","32,20","","100,76","","","","-14,00","","Généralement nuageux"
"1979-01-16 16:00","1979","01","16","16:00"," ","-7,60","","-12,70","","67,00","","28,00","","15,00","","32,20","","100,76","","","","-14,00","","Généralement nuageux"
"1979-01-16 17:00","1979","01","16","17:00"," ","-9,00","","-13,40","","70,00","","27,00","","11,00","","32,20","","100,79","","","","-14,00","","Généralement nuageux"
"1979-01-16 18:00","1979","01","16","18:00"," ","-10,40","","-14,90","","69,00","","26,00","","9,00","","25,00","","100,85","","","","-15,00","","Généralement dégagé"
"1979-01-16 19:00","1979","01","16","19:00"," ","-11,50","","-14,70","","77,00","","23,00","","9,00","","25,00","","100,92","","","","-17,00","","Généralement dégagé"
"1979-01-16 20:00","1979","01","16","20:00"," ","-12,30","","-15,40","","77,00","","27,00","","11,00","","25,00","","100,95","","","","-18,00","","Généralement dégagé"
"1979-01-16 21:00","1979","01","16","21:00"," ","-13,70","","-16,10","","82,00","","31,00","","7,00","","24,10","","100,92","","","","-18,00","","Généralement dégagé"
"1979-01-16 22:00","1979","01","16","22:00"," ","-13,50","","-15,10","","88,00","","35,00","","6,00","","24,10","","100,89","","","","-18,00","","Généralement dégagé"
"1979-01-16 23:00","1979","01","16","23:00"," ","-15,70","","-16,30","","95,00","","32,00","","6,00","","19,30","","100,89","","","","-20,00","","Généralement dégagé"
"1979-01-17 00:00","1979","01","17","00:00"," ","-15,10","","-15,70","","95,00","","0,00","","0,00","","24,10","","100,79","","","","","","Généralement dégagé"
"1979-01-17 01:00","1979","01","17","01:00"," ","-15,40","","-16,30","","93,00","","35,00","","6,00","","24,10","","100,72","","","","-20,00","","Généralement nuageux"
"1979-01-17 02:00","1979","01","17","02:00"," ","-15,60","","-16,30","","95,00","","32,00","","11,00","","19,30","","100,69","","","","-22,00","","Nuageux"
"1979-01-17 03:00","1979","01","17","03:00"," ","-14,60","","-15,20","","95,00","","2,00","","4,00","","19,30","","100,59","","","","-17,00","","Nuageux"
"1979-01-17 04:00","1979","01","17","04:00"," ","-12,70","","-14,00","","90,00","","3,00","","7,00","","12,90","","100,49","","","","-17,00","","Nuageux"
"1979-01-17 05:00","1979","01","17","05:00"," ","-10,00","","-12,90","","79,00","","7,00","","7,00","","12,90","","100,26","","","","-14,00","","Nuageux"
"1979-01-17 06:00","1979","01","17","06:00"," ","-10,40","","-13,90","","75,00","","0,00","","0,00","","12,90","","100,16","","","","","","Nuageux"
"1979-01-17 07:00","1979","01","17","07:00"," ","-6,20","","-10,30","","73,00","","12,00","","26,00","","3,20","","99,86","","","","-14,00","","Neige"
"1979-01-17 08:00","1979","01","17","08:00"," ","-6,30","","-8,70","","83,00","","13,00","","30,00","","0,40","","99,69","","","","-15,00","","Neige forte"
"1979-01-17 09:00","1979","01","17","09:00"," ","-6,00","","-6,80","","94,00","","10,00","","30,00","","0,60","","99,42","","","","-14,00","","Neige modérée"
"1979-01-17 10:00","1979","01","17","10:00"," ","-5,30","","-6,20","","93,00","","10,00","","22,00","","0,60","","99,26","","","","-12,00","","Neige modérée"
"1979-01-17 11:00","1979","01","17","11:00"," ","-5,00","","-5,60","","95,00","","10,00","","22,00","","0,80","","99,06","","","","-12,00","","Neige modérée"
"1979-01-17 12:00","1979","01","17","12:00"," ","-4,50","","-5,10","","95,00","","11,00","","19,00","","0,80","","98,86","","","","-11,00","","Neige modérée"
"1979-01-17 13:00","1979","01","17","13:00"," ","-4,30","","-5,40","","92,00","","11,00","","7,00","","2,00","","98,76","","","","-7,00","","Neige"
"1979-01-17 14:00","1979","01","17","14:00"," ","-4,00","","-5,40","","90,00","","0,00","","0,00","","3,20","","98,66","","","","","","Neige"
"1979-01-17 15:00","1979","01","17","15:00"," ","-7,30","","-8,40","","92,00","","34,00","","19,00","","4,00","","98,72","","","","-14,00","","Neige"
"1979-01-17 16:00","1979","01","17","16:00"," ","-8,50","","-9,90","","90,00","","34,00","","13,00","","6,40","","98,72","","","","-14,00","","Neige"
"1979-01-17 17:00","1979","01","17","17:00"," ","-8,60","","-10,30","","88,00","","33,00","","7,00","","6,40","","98,79","","","","-12,00","","Neige"
"1979-01-17 18:00","1979","01","17","18:00"," ","-8,60","","-9,90","","90,00","","24,00","","2,00","","6,40","","98,89","","","","-10,00","","Neige"
"1979-01-17 19:00","1979","01","17","19:00"," ","-8,50","","-9,90","","90,00","","24,00","","11,00","","8,00","","98,89","","","","-14,00","","Neige"
"1979-01-17 20:00","1979","01","17","20:00"," ","-4,60","","-6,90","","84,00","","25,00","","26,00","","9,70","","98,96","","","","-12,00","","Averses de neige"
"1979-01-17 21:00","1979","01","17","21:00"," ","-5,50","","-8,50","","79,00","","25,00","","30,00","","9,70","","98,99","","","","-14,00","","Poudrerie élevée"
"1979-01-17 22:00","1979","01","17","22:00"," ","-6,20","","-8,80","","82,00","","25,00","","26,00","","12,90","","98,99","","","","-14,00","","Neige"
"1979-01-17 23:00","1979","01","17","23:00"," ","-6,90","","-8,90","","86,00","","24,00","","26,00","","8,00","","98,96","","","","-15,00","","Neige"
"1979-01-18 00:00","1979","01","18","00:00"," ","-7,30","","-9,50","","84,00","","24,00","","24,00","","12,90","","98,99","","","","-15,00","","Neige"
"1979-01-18 01:00","1979","01","18","01:00"," ","-8,10","","-9,70","","88,00","","25,00","","19,00","","12,90","","99,06","","","","-15,00","","Averses de neige"
"1979-01-18 02:00","1979","01","18","02:00"," ","-8,10","","-9,70","","88,00","","32,00","","30,00","","4,80","","99,16","","","","-17,00","","Averses de neige"
"1979-01-18 03:00","1979","01","18","03:00"," ","-10,00","","-11,60","","88,00","","35,00","","24,00","","19,30","","99,32","","","","-19,00","","Généralement nuageux"
"1979-01-18 04:00","1979","01","18","04:00"," ","-13,00","","-15,50","","81,00","","34,00","","28,00","","25,00","","99,56","","","","-23,00","","Généralement dégagé"
"1979-01-18 05:00","1979","01","18","05:00"," ","-15,10","","-17,30","","83,00","","33,00","","26,00","","25,00","","99,72","","","","-25,00","","Généralement dégagé"
"1979-01-18 06:00","1979","01","18","06:00"," ","-16,00","","-18,40","","82,00","","34,00","","28,00","","25,00","","99,86","","","","-27,00","","Dégagé"
"1979-01-18 07:00","1979","01","18","07:00"," ","-16,30","","-18,40","","84,00","","34,00","","24,00","","25,00","","100,06","","","","-27,00","","Généralement dégagé"
"1979-01-18 08:00","1979","01","18","08:00"," ","-16,30","","-19,00","","79,00","","34,00","","22,00","","40,20","","100,26","","","","-26,00","","Dégagé"
"1979-01-18 09:00","1979","01","18","09:00"," ","-15,90","","-18,40","","81,00","","34,00","","31,00","","40,20","","100,39","","","","-27,00","","Généralement dégagé"
"1979-01-18 10:00","1979","01","18","10:00"," ","-16,30","","-19,60","","75,00","","34,00","","35,00","","40,20","","100,52","","","","-29,00","","Généralement dégagé"
"1979-01-18 11:00","1979","01","18","11:00"," ","-16,00","","-19,00","","78,00","","34,00","","30,00","","40,20","","100,69","","","","-27,00","","Dégagé"
"1979-01-18 12:00","1979","01","18","12:00"," ","-15,50","","-19,70","","70,00","","33,00","","30,00","","40,20","","100,76","","","","-27,00","","Dégagé"
"1979-01-18 13:00","1979","01","18","13:00"," ","-14,40","","-18,40","","72,00","","33,00","","33,00","","40,20","","100,76","","","","-26,00","","Dégagé"
"1979-01-18 14:00","1979","01","18","14:00"," ","-13,50","","-17,70","","70,00","","33,00","","30,00","","40,20","","100,85","","","","-24,00","","Dégagé"
"1979-01-18 15:00","1979","01","18","15:00"," ","-13,00","","-17,10","","71,00","","35,00","","20,00","","40,20","","100,95","","","","-22,00","","Dégagé"
"1979-01-18 16:00","1979","01","18","16:00"," ","-13,10","","-16,50","","76,00","","35,00","","26,00","","40,20","","100,95","","","","-23,00","","Dégagé"
"1979-01-18 17:00","1979","01","18","17:00"," ","-14,00","","-17,20","","76,00","","33,00","","20,00","","40,20","","101,05","","","","-23,00","","Généralement dégagé"
"1979-01-18 18:00","1979","01","18","18:00"," ","-15,10","","-17,30","","83,00","","34,00","","20,00","","25,00","","101,12","","","","-24,00","","Généralement dégagé"
"1979-01-18 19:00","1979","01","18","19:00"," ","-16,50","","-18,40","","85,00","","35,00","","22,00","","25,00","","101,19","","","","-27,00","","Dégagé"
"1979-01-18 20:00","1979","01","18","20:00"," ","-17,50","","-20,10","","80,00","","35,00","","17,00","","25,00","","101,22","","","","-27,00","","Dégagé"
"1979-01-18 21:00","1979","01","18","21:00"," ","-17,80","","-20,70","","78,00","","35,00","","15,00","","25,00","","101,22","","","","-26,00","","Dégagé"
"1979-01-18 22:00","1979","01","18","22:00"," ","-20,30","","-22,00","","86,00","","30,00","","15,00","","25,00","","101,35","","","","-29,00","","Dégagé"
"1979-01-18 23:00","1979","01","18","23:00"," ","-19,20","","-21,10","","85,00","","1,00","","20,00","","25,00","","101,25","","","","-29,00","","Dégagé"
"1979-01-19 00:00","1979","01","19","00:00"," ","-21,40","","-22,30","","93,00","","34,00","","9,00","","25,00","","101,32","","","","-28,00","","Dégagé"
"1979-01-19 01:00","1979","01","19","01:00"," ","-21,50","","-22,30","","93,00","","33,00","","9,00","","25,00","","101,29","","","","-29,00","","Dégagé"
"1979-01-19 02:00","1979","01","19","02:00"," ","-22,70","","-23,30","","95,00","","34,00","","13,00","","25,00","","101,29","","","","-32,00","","Dégagé"
"1979-01-19 03:00","1979","01","19","03:00"," ","-22,20","","-22,80","","95,00","","33,00","","13,00","","25,00","","101,29","","","","-31,00","","Dégagé"
"1979-01-19 04:00","1979","01","19","04:00"," ","-21,50","","-23,10","","87,00","","35,00","","13,00","","25,00","","101,15","","","","-30,00","","Dégagé"
"1979-01-19 05:00","1979","01","19","05:00"," ","-22,60","","-23,30","","94,00","","33,00","","11,00","","25,00","","101,09","","","","-31,00","","Généralement dégagé"
"1979-01-19 06:00","1979","01","19","06:00"," ","-22,90","","-24,60","","86,00","","33,00","","11,00","","25,00","","101,02","","","","-31,00","","Généralement dégagé"
"1979-01-19 07:00","1979","01","19","07:00"," ","-22,20","","-23,60","","89,00","","33,00","","13,00","","25,00","","101,05","","","","-31,00","","Généralement nuageux"
"1979-01-19 08:00","1979","01","19","08:00"," ","-20,70","","-22,80","","84,00","","34,00","","15,00","","40,20","","100,95","","","","-30,00","","Averses de neige"
"1979-01-19 09:00","1979","01","19","09:00"," ","-19,20","","-21,10","","85,00","","34,00","","11,00","","3,20","","100,89","","","","-27,00","","Averses de neige"
"1979-01-19 10:00","1979","01","19","10:00"," ","-18,20","","-20,10","","85,00","","35,00","","7,00","","4,80","","100,89","","","","-24,00","","Neige"
"1979-01-19 11:00","1979","01","19","11:00"," ","-16,90","","-19,60","","79,00","","31,00","","7,00","","3,20","","100,92","","","","-22,00","","Neige"
"1979-01-19 12:00","1979","01","19","12:00"," ","-15,10","","-16,80","","87,00","","2,00","","4,00","","6,40","","100,76","","","","-18,00","","Neige"
"1979-01-19 13:00","1979","01","19","13:00"," ","-12,30","","-14,50","","83,00","","9,00","","6,00","","3,20","","100,49","","","","-16,00","","Neige"
"1979-01-19 14:00","1979","01","19","14:00"," ","-11,60","","-14,20","","81,00","","0,00","","0,00","","3,20","","100,39","","","","","","Neige"
"1979-01-19 15:00","1979","01","19","15:00"," ","-11,00","","-12,80","","87,00","","3,00","","6,00","","4,00","","100,26","","","","-15,00","","Neige"
"1979-01-19 16:00","1979","01","19","16:00"," ","-9,50","","-12,30","","80,00","","11,00","","19,00","","4,80","","100,16","","","","-17,00","","Neige"
"1979-01-19 17:00","1979","01","19","17:00"," ","-8,70","","-10,70","","85,00","","10,00","","22,00","","4,80","","100,16","","","","-17,00","","Neige"
"1979-01-19 18:00","1979","01","19","18:00"," ","-10,80","","-12,30","","89,00","","5,00","","17,00","","6,40","","100,06","","","","-18,00","","Neige"
"1979-01-19 19:00","1979","01","19","19:00"," ","-11,50","","-13,30","","87,00","","6,00","","20,00","","12,90","","99,99","","","","-20,00","","Neige"
"1979-01-19 20:00","1979","01","19","20:00"," ","-11,50","","-13,80","","83,00","","7,00","","17,00","","16,10","","99,89","","","","-19,00","","Nuageux"
"1979-01-19 21:00","1979","01","19","21:00"," ","-11,50","","-13,30","","87,00","","5,00","","17,00","","16,10","","99,79","","","","-19,00","","Nuageux"
"1979-01-19 22:00","1979","01","19","22:00"," ","-10,20","","-12,00","","87,00","","4,00","","9,00","","19,30","","99,66","","","","-15,00","","Nuageux"
"1979-01-19 23:00","1979","01","19","23:00"," ","-9,60","","-11,10","","89,00","","5,00","","13,00","","24,10","","99,56","","","","-16,00","","Généralement nuageux"
"1979-01-20 00:00","1979","01","20","00:00"," ","-9,40","","-10,70","","90,00","","6,00","","15,00","","24,10","","99,46","","","","-16,00","","Nuageux"
"1979-01-20 01:00","1979","01","20","01:00"," ","-9,50","","-10,30","","94,00","","4,00","","19,00","","19,30","","99,36","","","","-17,00","","Averses de neige"
"1979-01-20 02:00","1979","01","20","02:00"," ","-9,30","","-10,70","","89,00","","5,00","","17,00","","19,30","","99,26","","","","-16,00","","Averses de neige"
"1979-01-20 03:00","1979","01","20","03:00"," ","-9,30","","-10,70","","89,00","","5,00","","17,00","","19,30","","99,16","","","","-16,00","","Nuageux"
"1979-01-20 04:00","1979","01","20","04:00"," ","-8,70","","-9,60","","93,00","","6,00","","13,00","","19,30","","99,12","","","","-15,00","","Nuageux"
"1979-01-20 05:00","1979","01","20","05:00"," ","-8,10","","-9,00","","93,00","","7,00","","13,00","","16,10","","98,99","","","","-14,00","","Nuageux"
"1979-01-20 06:00","1979","01","20","06:00"," ","-8,10","","-8,70","","95,00","","7,00","","19,00","","12,90","","98,96","","","","-15,00","","Nuageux"
"1979-01-20 07:00","1979","01","20","07:00"," ","-7,60","","-8,10","","96,00","","6,00","","19,00","","12,90","","98,96","","","","-15,00","","Bruine verglaçante"
"1979-01-20 08:00","1979","01","20","08:00"," ","-7,70","","-8,40","","95,00","","4,00","","17,00","","12,90","","98,96","","","","-14,00","","Nuageux"
"1979-01-20 09:00","1979","01","20","09:00"," ","-7,70","","-8,40","","95,00","","6,00","","20,00","","8,00","","98,89","","","","-15,00","","Bruine verglaçante"
"1979-01-20 10:00","1979","01","20","10:00"," ","-7,30","","-8,40","","92,00","","6,00","","19,00","","4,00","","98,89","","","","-14,00","","Bruine verglaçante,Brouillard"
"1979-01-20 11:00","1979","01","20","11:00"," ","-7,00","","-7,90","","93,00","","6,00","","20,00","","4,00","","98,79","","","","-14,00","","Bruine verglaçante,Neige en grains,Brouillard"
"1979-01-20 12:00","1979","01","20","12:00"," ","-7,20","","-7,90","","95,00","","6,00","","22,00","","4,00","","98,62","","","","-15,00","","Bruine verglaçante,Neige en grains,Brouillard"
"1979-01-20 13:00","1979","01","20","13:00"," ","-7,00","","-7,90","","93,00","","5,00","","19,00","","4,80","","98,52","","","","-14,00","","Bruine verglaçante,Neige en grains,Brouillard"
"1979-01-20 14:00","1979","01","20","14:00"," ","-6,30","","-7,00","","95,00","","4,00","","15,00","","3,20","","98,42","","","","-12,00","","Bruine verglaçante,Brouillard"
"1979-01-20 15:00","1979","01","20","15:00"," ","-5,30","","-5,90","","95,00","","5,00","","17,00","","1,60","","98,32","","","","-11,00","","Bruine verglaçante,Brouillard"
"1979-01-20 16:00","1979","01","20","16:00"," ","-4,80","","-5,30","","96,00","","5,00","","19,00","","1,60","","98,29","","","","-11,00","","Bruine verglaçante,Brouillard"
"1979-01-20 17:00","1979","01","20","17:00"," ","-4,40","","-4,80","","97,00","","5,00","","19,00","","1,60","","98,26","","","","-11,00","","Bruine verglaçante,Brouillard"
"1979-01-20 18:00","1979","01","20","18:00"," ","-4,40","","-4,80","","97,00","","5,00","","17,00","","3,20","","98,22","","","","-10,00","","Bruine verglaçante,Brouillard"
"1979-01-20 19:00","1979","01","20","19:00"," ","-4,40","","-4,80","","97,00","","4,00","","17,00","","6,40","","98,16","","","","-10,00","","Bruine verglaçante,Brouillard"
"1979-01-20 20:00","1979","01","20","20:00"," ","-3,40","","-4,00","","96,00","","4,00","","13,00","","8,00","","98,12","","","","-8,00","","Bruine verglaçante,Brouillard"
"1979-01-20 21:00","1979","01","20","21:00"," ","-3,40","","-4,20","","94,00","","2,00","","17,00","","9,70","","98,09","","","","-9,00","","Bruine verglaçante,Brouillard"
"1979-01-20 22:00","1979","01","20","22:00"," ","-3,80","","-4,80","","93,00","","3,00","","19,00","","8,00","","97,99","","","","-10,00","","Brouillard"
"1979-01-20 23:00","1979","01","20","23:00"," ","-4,40","","-5,10","","95,00","","5,00","","19,00","","6,40","","97,96","","","","-11,00","","Brouillard"
"1979-01-21 00:00","1979","01","21","00:00"," ","-4,50","","-4,80","","98,00","","5,00","","20,00","","4,00","","97,79","","","","-11,00","","Brouillard"
"1979-01-21 01:00","1979","01","21","01:00"," ","-4,50","","-5,10","","95,00","","4,00","","20,00","","4,00","","97,66","","","","-11,00","","Brouillard"
"1979-01-21 02:00","1979","01","21","02:00"," ","-6,00","","-6,80","","94,00","","36,00","","20,00","","4,80","","97,59","","","","-13,00","","Brouillard"
"1979-01-21 03:00","1979","01","21","03:00"," ","-6,50","","-7,00","","96,00","","36,00","","19,00","","8,00","","97,49","","","","-13,00","","Brouillard"
"1979-01-21 04:00","1979","01","21","04:00"," ","-7,00","","-7,90","","93,00","","36,00","","22,00","","4,80","","97,32","","","","-14,00","","Brouillard"
"1979-01-21 05:00","1979","01","21","05:00"," ","-6,60","","-7,00","","97,00","","1,00","","19,00","","4,00","","97,19","","","","-13,00","","Neige,Brouillard"
"1979-01-21 06:00","1979","01","21","06:00"," ","-6,50","","-7,00","","96,00","","1,00","","20,00","","4,00","","97,06","","","","-13,00","","Neige"
"1979-01-21 07:00","1979","01","21","07:00"," ","-6,10","","-6,80","","95,00","","1,00","","19,00","","1,60","","96,99","","","","-13,00","","Neige"
"1979-01-21 08:00","1979","01","21","08:00"," ","-6,30","","-7,00","","95,00","","35,00","","24,00","","0,60","","96,89","","","","-14,00","","Neige modérée"
"1979-01-21 09:00","1979","01","21","09:00"," ","-6,50","","-7,00","","96,00","","35,00","","28,00","","1,20","","96,82","","","","-15,00","","Neige"
"1979-01-21 10:00","1979","01","21","10:00"," ","-6,60","","-7,00","","97,00","","35,00","","28,00","","0,80","","96,76","","","","-15,00","","Neige modérée"
"1979-01-21 11:00","1979","01","21","11:00"," ","-6,50","","-7,00","","96,00","","36,00","","30,00","","2,40","","96,66","","","","-15,00","","Neige"
"1979-01-21 12:00","1979","01","21","12:00"," ","-6,50","","-7,00","","96,00","","36,00","","31,00","","1,60","","96,56","","","","-15,00","","Neige,Poudrerie élevée"
"1979-01-21 13:00","1979","01","21","13:00"," ","-6,50","","-7,00","","96,00","","36,00","","24,00","","1,60","","96,49","","","","-14,00","","Neige"
"1979-01-21 14:00","1979","01","21","14:00"," ","-6,60","","-7,00","","97,00","","33,00","","28,00","","1,60","","96,42","","","","-15,00","","Neige"
"1979-01-21 15:00","1979","01","21","15:00"," ","-6,30","","-7,30","","93,00","","35,00","","28,00","","2,40","","96,39","","","","-14,00","","Neige"
"1979-01-21 16:00","1979","01","21","16:00"," ","-5,80","","-7,40","","88,00","","32,00","","24,00","","40,20","","96,46","","","","-13,00","","Nuageux"
"1979-01-21 17:00","1979","01","21","17:00"," ","-5,90","","-7,40","","89,00","","32,00","","22,00","","40,20","","96,49","","","","-13,00","","Nuageux"
"1979-01-21 18:00","1979","01","21","18:00"," ","-5,60","","-6,50","","93,00","","32,00","","24,00","","25,00","","96,59","","","","-13,00","","Nuageux"
"1979-01-21 19:00","1979","01","21","19:00"," ","-5,40","","-6,50","","92,00","","32,00","","13,00","","24,10","","96,66","","","","-11,00","","Nuageux"
"1979-01-21 20:00","1979","01","21","20:00"," ","-4,80","","-6,30","","89,00","","30,00","","20,00","","25,00","","96,72","","","","-11,00","","Nuageux"
"1979-01-21 21:00","1979","01","21","21:00"," ","-4,40","","-5,70","","90,00","","30,00","","24,00","","25,00","","96,79","","","","-11,00","","Nuageux"
"1979-01-21 22:00","1979","01","21","22:00"," ","-4,80","","-6,90","","85,00","","28,00","","22,00","","25,00","","96,89","","","","-12,00","","Nuageux"
"1979-01-21 23:00","1979","01","21","23:00"," ","-4,70","","-6,60","","87,00","","29,00","","26,00","","25,00","","96,96","","","","-12,00","","Nuageux"
"1979-01-22 00:00","1979","01","22","00:00"," ","-3,90","","-6,60","","81,00","","29,00","","19,00","","25,00","","96,99","","","","-10,00","","Nuageux"
"1979-01-22 01:00","1979","01","22","01:00"," ","-4,20","","-5,70","","89,00","","30,00","","7,00","","12,90","","96,99","","","","-7,00","","Neige"
"1979-01-22 02:00","1979","01","22","02:00"," ","-4,20","","-5,70","","89,00","","28,00","","13,00","","12,90","","97,06","","","","-9,00","","Neige"
"1979-01-22 03:00","1979","01","22","03:00"," ","-2,80","","-5,40","","82,00","","28,00","","22,00","","16,10","","97,12","","","","-9,00","","Nuageux"
"1979-01-22 04:00","1979","01","22","04:00"," ","-3,10","","-5,10","","86,00","","27,00","","30,00","","16,10","","97,22","","","","-11,00","","Nuageux"
"1979-01-22 05:00","1979","01","22","05:00"," ","-3,40","","-5,40","","86,00","","28,00","","26,00","","16,10","","97,29","","","","-10,00","","Nuageux"
"1979-01-22 06:00","1979","01","22","06:00"," ","-3,40","","-5,70","","84,00","","27,00","","26,00","","16,10","","97,36","","","","-10,00","","Nuageux"
"1979-01-22 07:00","1979","01","22","07:00"," ","-3,40","","-6,30","","80,00","","27,00","","24,00","","24,10","","97,49","","","","-10,00","","Nuageux"
"1979-01-22 08:00","1979","01","22","08:00"," ","-3,60","","-6,30","","82,00","","28,00","","24,00","","24,10","","97,59","","","","-10,00","","Averses de neige"
"1979-01-22 09:00","1979","01","22","09:00"," ","-3,60","","-6,30","","82,00","","28,00","","22,00","","32,20","","97,69","","","","-10,00","","Nuageux"
"1979-01-22 10:00","1979","01","22","10:00"," ","-3,50","","-6,00","","83,00","","29,00","","24,00","","32,20","","97,86","","","","-10,00","","Généralement nuageux"
"1979-01-22 11:00","1979","01","22","11:00"," ","-3,60","","-6,70","","79,00","","29,00","","26,00","","32,20","","97,99","","","","-11,00","","Nuageux"
"1979-01-22 12:00","1979","01","22","12:00"," ","-3,90","","-6,00","","85,00","","29,00","","35,00","","24,10","","98,06","","","","-12,00","","Averses de neige"
"1979-01-22 13:00","1979","01","22","13:00"," ","-3,20","","-6,40","","79,00","","29,00","","35,00","","32,20","","98,09","","","","-11,00","","Généralement nuageux"
"1979-01-22 14:00","1979","01","22","14:00"," ","-3,60","","-6,30","","82,00","","30,00","","35,00","","32,20","","98,29","","","","-12,00","","Nuageux"
"1979-01-22 15:00","1979","01","22","15:00"," ","-3,60","","-6,30","","82,00","","30,00","","39,00","","24,10","","98,42","","","","-12,00","","Généralement nuageux"
"1979-01-22 16:00","1979","01","22","16:00"," ","-2,90","","-6,70","","75,00","","29,00","","33,00","","32,20","","98,62","","","","-11,00","","Généralement nuageux"
"1979-01-22 17:00","1979","01","22","17:00"," ","-3,10","","-6,40","","78,00","","29,00","","22,00","","32,20","","98,79","","","","-9,00","","Généralement dégagé"
"1979-01-22 18:00","1979","01","22","18:00"," ","-2,90","","-6,40","","77,00","","28,00","","24,00","","25,00","","98,89","","","","-10,00","","Généralement nuageux"
"1979-01-22 19:00","1979","01","22","19:00"," ","-2,90","","-5,70","","81,00","","27,00","","26,00","","25,00","","99,06","","","","-10,00","","Nuageux"
"1979-01-22 20:00","1979","01","22","20:00"," ","-2,70","","-6,40","","76,00","","24,00","","13,00","","25,00","","99,16","","","","-7,00","","Nuageux"
"1979-01-22 21:00","1979","01","22","21:00"," ","-3,00","","-6,70","","75,00","","23,00","","9,00","","25,00","","99,22","","","","-7,00","","Nuageux"
"1979-01-22 22:00","1979","01","22","22:00"," ","-3,50","","-6,00","","83,00","","22,00","","7,00","","25,00","","99,29","","","","-6,00","","Nuageux"
"1979-01-22 23:00","1979","01","22","23:00"," ","-3,00","","-5,70","","81,00","","18,00","","7,00","","25,00","","99,29","","","","-6,00","","Nuageux"
"1979-01-23 00:00","1979","01","23","00:00"," ","-2,80","","-5,40","","82,00","","22,00","","11,00","","25,00","","99,32","","","","-7,00","","Nuageux"
"1979-01-23 01:00","1979","01","23","01:00"," ","-1,00","","-6,40","","67,00","","27,00","","19,00","","25,00","","99,36","","","","-6,00","","Nuageux"
"1979-01-23 02:00","1979","01","23","02:00"," ","-2,40","","-6,00","","76,00","","24,00","","9,00","","25,00","","99,39","","","","-6,00","","Nuageux"
"1979-01-23 03:00","1979","01","23","03:00"," ","-2,90","","-5,70","","81,00","","22,00","","7,00","","25,00","","99,39","","","","-6,00","","Nuageux"
"1979-01-23 04:00","1979","01","23","04:00"," ","-2,70","","-5,10","","84,00","","23,00","","13,00","","25,00","","99,42","","","","-7,00","","Nuageux"
"1979-01-23 05:00","1979","01","23","05:00"," ","-2,70","","-5,40","","82,00","","23,00","","7,00","","25,00","","99,46","","","","-6,00","","Nuageux"
"1979-01-23 06:00","1979","01","23","06:00"," ","-2,90","","-5,10","","85,00","","21,00","","15,00","","19,30","","99,49","","","","-8,00","","Nuageux"
"1979-01-23 07:00","1979","01","23","07:00"," ","-3,10","","-5,10","","86,00","","20,00","","13,00","","19,30","","99,49","","","","-8,00","","Nuageux"
"1979-01-23 08:00","1979","01","23","08:00"," ","-3,60","","-5,10","","89,00","","22,00","","13,00","","16,10","","99,49","","","","-8,00","","Nuageux"
"1979-01-23 09:00","1979","01","23","09:00"," ","-4,30","","-6,30","","86,00","","18,00","","15,00","","9,70","","99,49","","","","-10,00","","Brouillard"
"1979-01-23 10:00","1979","01","23","10:00"," ","-3,50","","-5,70","","85,00","","22,00","","7,00","","12,90","","99,52","","","","-6,00","","Nuageux"
"1979-01-23 11:00","1979","01","23","11:00"," ","-2,80","","-6,70","","74,00","","17,00","","7,00","","12,90","","99,52","","","","-6,00","","Nuageux"
"1979-01-23 12:00","1979","01","23","12:00"," ","-2,50","","-5,40","","80,00","","14,00","","17,00","","12,90","","99,42","","","","-8,00","","Nuageux"
"1979-01-23 13:00","1979","01","23","13:00"," ","-2,20","","-5,40","","79,00","","14,00","","19,00","","12,90","","99,36","","","","-8,00","","Nuageux"
"1979-01-23 14:00","1979","01","23","14:00"," ","-1,90","","-5,40","","77,00","","13,00","","20,00","","12,90","","99,29","","","","-8,00","","Nuageux"
"1979-01-23 15:00","1979","01","23","15:00"," ","-1,70","","-4,80","","80,00","","12,00","","24,00","","12,90","","99,26","","","","-8,00","","Nuageux"
"1979-01-23 16:00","1979","01","23","16:00"," ","-1,60","","-4,80","","79,00","","10,00","","20,00","","12,90","","99,22","","","","-7,00","","Nuageux"
"1979-01-23 17:00","1979","01","23","17:00"," ","-1,20","","-4,40","","79,00","","11,00","","22,00","","16,10","","99,19","","","","-7,00","","Généralement nuageux"
"1979-01-23 18:00","1979","01","23","18:00"," ","-1,70","","-4,50","","81,00","","10,00","","26,00","","16,10","","99,12","","","","-8,00","","Généralement nuageux"
"1979-01-23 19:00","1979","01","23","19:00"," ","-2,20","","-4,50","","84,00","","10,00","","15,00","","24,10","","99,07","","","","-7,00","","Généralement dégagé"
"1979-01-23 20:00","1979","01","23","20:00"," ","-1,60","","-3,90","","84,00","","11,00","","22,00","","24,10","","98,99","","","","-8,00","","Dégagé"
"1979-01-23 21:00","1979","01","23","21:00"," ","-1,40","","-3,90","","83,00","","11,00","","19,00","","19,30","","98,99","","","","-7,00","","Dégagé"
"1979-01-23 22:00","1979","01","23","22:00"," ","-1,70","","-3,60","","87,00","","11,00","","15,00","","19,30","","98,96","","","","-7,00","","Généralement dégagé"
"1979-01-23 23:00","1979","01","23","23:00"," ","-2,20","","-3,90","","88,00","","10,00","","17,00","","16,10","","98,86","","","","-8,00","","Généralement dégagé"
"1979-01-24 00:00","1979","01","24","00:00"," ","-3,10","","-4,80","","88,00","","9,00","","11,00","","16,10","","98,79","","","","-7,00","","Généralement dégagé"
"1979-01-24 01:00","1979","01","24","01:00"," ","-3,50","","-5,10","","89,00","","9,00","","11,00","","12,90","","98,69","","","","-8,00","","Généralement dégagé"
"1979-01-24 02:00","1979","01","24","02:00"," ","-4,00","","-5,40","","90,00","","6,00","","9,00","","16,10","","98,66","","","","-8,00","","Généralement dégagé"
"1979-01-24 03:00","1979","01","24","03:00"," ","-3,40","","-5,10","","88,00","","7,00","","9,00","","12,90","","98,59","","","","-7,00","","Généralement dégagé"
"1979-01-24 04:00","1979","01","24","04:00"," ","-3,20","","-4,80","","89,00","","10,00","","11,00","","12,90","","98,49","","","","-7,00","","Généralement dégagé"
"1979-01-24 05:00","1979","01","24","05:00"," ","-2,10","","-4,20","","85,00","","12,00","","22,00","","16,10","","98,49","","","","-8,00","","Généralement nuageux"
"1979-01-24 06:00","1979","01","24","06:00"," ","-1,80","","-4,50","","82,00","","11,00","","17,00","","19,30","","98,32","","","","-7,00","","Généralement nuageux"
"1979-01-24 07:00","1979","01","24","07:00"," ","-1,20","","-3,30","","86,00","","9,00","","24,00","","19,30","","98,16","","","","-7,00","","Nuageux"
"1979-01-24 08:00","1979","01","24","08:00"," ","-0,20","","-2,00","","88,00","","9,00","","30,00","","8,00","","98,02","","","","-7,00","","Pluie verglaçante,Brouillard"
"1979-01-24 09:00","1979","01","24","09:00"," ","-0,10","","-0,60","","96,00","","9,00","","31,00","","1,60","","97,99","","","","-7,00","","Neige,Granules de glace ou grésil"
"1979-01-24 10:00","1979","01","24","10:00"," ","0,00","","-0,70","","95,00","","8,00","","35,00","","4,00","","97,79","","","","-7,00","","Pluie,Neige,Granules de glace ou grésil,Brouillard"
"1979-01-24 11:00","1979","01","24","11:00"," ","0,00","","-0,20","","98,00","","8,00","","37,00","","4,80","","97,66","","","","-7,00","","Pluie verglaçante,Neige,Granules de glace ou grésil,Brouillard"
"1979-01-24 12:00","1979","01","24","12:00"," ","-0,20","","-0,20","","100,00","","9,00","","33,00","","4,80","","97,42","","","","-7,00","","Pluie verglaçante,Neige,Granules de glace ou grésil,Brouillard"
"1979-01-24 13:00","1979","01","24","13:00"," ","0,40","","-0,80","","92,00","","8,00","","31,00","","4,00","","97,32","","","","","","Pluie modérée,Neige,Granules de glace ou grésil,Brouillard"
"1979-01-24 14:00","1979","01","24","14:00"," ","0,10","","-0,10","","98,00","","8,00","","33,00","","2,00","","97,22","","","","","","Neige,Granules de glace ou grésil"
"1979-01-24 15:00","1979","01","24","15:00"," ","0,30","","0,10","","99,00","","7,00","","30,00","","3,60","","97,19","","","","","","Pluie,Neige,Granules de glace ou grésil,Brouillard"
"1979-01-24 16:00","1979","01","24","16:00"," ","0,90","","0,50","","97,00","","8,00","","33,00","","4,80","","97,06","","","","","","Pluie,Neige,Brouillard"
"1979-01-24 17:00","1979","01","24","17:00"," ","0,90","","0,50","","97,00","","7,00","","37,00","","4,80","","96,99","","","","","","Pluie,Neige,Brouillard"
"1979-01-24 18:00","1979","01","24","18:00"," ","1,40","","0,50","","94,00","","8,00","","37,00","","4,80","","96,96","","","","","","Pluie modérée,Neige,Brouillard"
"1979-01-24 19:00","1979","01","24","19:00"," ","1,20","","0,00","","92,00","","8,00","","41,00","","4,80","","96,96","","","","","","Pluie,Neige,Brouillard"
"1979-01-24 20:00","1979","01","24","20:00"," ","1,00","","0,00","","93,00","","8,00","","41,00","","4,00","","96,92","","","","","","Pluie,Neige,Brouillard"
"1979-01-24 21:00","1979","01","24","21:00"," ","0,90","","0,00","","94,00","","8,00","","41,00","","6,40","","96,92","","","","","","Pluie,Neige,Brouillard"
"1979-01-24 22:00","1979","01","24","22:00"," ","0,90","","0,00","","94,00","","8,00","","31,00","","6,40","","96,79","","","","","","Pluie,Bruine,Brouillard"
"1979-01-24 23:00","1979","01","24","23:00"," ","0,70","","-0,50","","91,00","","8,00","","30,00","","4,00","","96,82","","","","","","Neige"
"1979-01-25 00:00","1979","01","25","00:00"," ","0,70","","-0,50","","91,00","","8,00","","33,00","","4,00","","96,79","","","","","","Neige"
"1979-01-25 01:00","1979","01","25","01:00"," ","0,70","","-0,50","","91,00","","8,00","","26,00","","4,00","","96,72","","","","","","Neige"
"1979-01-25 02:00","1979","01","25","02:00"," ","0,60","","0,00","","96,00","","7,00","","9,00","","3,20","","96,76","","","","","","Neige"
"1979-01-25 03:00","1979","01","25","03:00"," ","0,30","","0,10","","99,00","","34,00","","9,00","","2,00","","96,82","","","","","","Neige"
"1979-01-25 04:00","1979","01","25","04:00"," ","0,30","","0,10","","99,00","","35,00","","15,00","","2,00","","96,89","","","","","","Neige"
"1979-01-25 05:00","1979","01","25","05:00"," ","0,10","","-0,10","","98,00","","36,00","","19,00","","4,00","","96,96","","","","","","Neige"
"1979-01-25 06:00","1979","01","25","06:00"," ","-0,10","","-0,40","","98,00","","36,00","","22,00","","4,00","","96,99","","","","-6,00","","Neige"
"1979-01-25 07:00","1979","01","25","07:00"," ","-0,40","","-1,00","","96,00","","36,00","","20,00","","4,00","","97,16","","","","-6,00","","Neige"
"1979-01-25 08:00","1979","01","25","08:00"," ","-0,60","","-1,10","","96,00","","36,00","","20,00","","6,40","","97,26","","","","-6,00","","Neige"
"1979-01-25 09:00","1979","01","25","09:00"," ","-0,80","","-2,20","","90,00","","1,00","","17,00","","8,00","","97,36","","","","-6,00","","Neige"
"1979-01-25 10:00","1979","01","25","10:00"," ","-0,80","","-2,40","","89,00","","1,00","","17,00","","32,20","","97,46","","","","-6,00","","Neige"
"1979-01-25 11:00","1979","01","25","11:00"," ","-0,70","","-2,40","","88,00","","36,00","","13,00","","32,20","","97,56","","","","-5,00","","Neige"
"1979-01-25 12:00","1979","01","25","12:00"," ","-0,70","","-2,40","","88,00","","36,00","","15,00","","40,20","","97,62","","","","-5,00","","Nuageux"
"1979-01-25 13:00","1979","01","25","13:00"," ","-0,90","","-2,20","","91,00","","34,00","","22,00","","9,70","","97,59","","","","-7,00","","Neige"
"1979-01-25 14:00","1979","01","25","14:00"," ","-0,60","","-1,80","","92,00","","34,00","","20,00","","32,20","","97,66","","","","-6,00","","Neige"
"1979-01-25 15:00","1979","01","25","15:00"," ","-0,40","","-1,50","","92,00","","34,00","","20,00","","24,10","","97,76","","","","-6,00","","Neige"
"1979-01-25 16:00","1979","01","25","16:00"," ","-0,40","","-0,70","","98,00","","34,00","","22,00","","4,80","","97,86","","","","-6,00","","Bruine verglaçante,Neige"
"1979-01-25 17:00","1979","01","25","17:00"," ","-0,20","","-1,20","","93,00","","35,00","","24,00","","24,10","","97,92","","","","-6,00","","Pluie verglaçante,Neige"
"1979-01-25 18:00","1979","01","25","18:00"," ","0,20","","-0,80","","93,00","","33,00","","24,00","","4,80","","98,02","","","","","","Pluie,Neige"
"1979-01-25 19:00","1979","01","25","19:00"," ","0,20","","-0,80","","93,00","","33,00","","24,00","","25,00","","98,02","","","","","","Nuageux"
"1979-01-25 20:00","1979","01","25","20:00"," ","0,70","","-1,40","","86,00","","34,00","","20,00","","25,00","","98,09","","","","","","Nuageux"
"1979-01-25 21:00","1979","01","25","21:00"," ","0,80","","0,00","","95,00","","35,00","","19,00","","19,30","","98,16","","","","","","Nuageux"
"1979-01-25 22:00","1979","01","25","22:00"," ","0,80","","0,00","","95,00","","34,00","","15,00","","19,30","","98,16","","","","","","Nuageux"
"1979-01-25 23:00","1979","01","25","23:00"," ","0,90","","-0,50","","90,00","","33,00","","19,00","","24,10","","98,19","","","","","","Nuageux"
"1979-01-26 00:00","1979","01","26","00:00"," ","1,50","","-1,00","","83,00","","35,00","","26,00","","25,00","","98,22","","","","","","Nuageux"
"1979-01-26 01:00","1979","01","26","01:00"," ","1,20","","-1,00","","85,00","","33,00","","20,00","","25,00","","98,29","","","","","","Nuageux"
"1979-01-26 02:00","1979","01","26","02:00"," ","1,10","","-0,50","","89,00","","34,00","","22,00","","24,10","","98,32","","","","","","Nuageux"
"1979-01-26 03:00","1979","01","26","03:00"," ","1,00","","-0,50","","90,00","","33,00","","19,00","","24,10","","98,36","","","","","","Nuageux"
"1979-01-26 04:00","1979","01","26","04:00"," ","0,80","","-0,50","","91,00","","34,00","","20,00","","25,00","","98,39","","","","","","Nuageux"
"1979-01-26 05:00","1979","01","26","05:00"," ","1,00","","-0,50","","90,00","","34,00","","22,00","","25,00","","98,42","","","","","","Généralement nuageux"
"1979-01-26 06:00","1979","01","26","06:00"," ","0,80","","-0,50","","91,00","","33,00","","24,00","","25,00","","98,49","","","","","","Nuageux"
"1979-01-26 07:00","1979","01","26","07:00"," ","0,90","","-0,50","","90,00","","33,00","","24,00","","25,00","","98,52","","","","","","Nuageux"
"1979-01-26 08:00","1979","01","26","08:00"," ","1,00","","-0,50","","90,00","","33,00","","24,00","","32,20","","98,59","","","","","","Nuageux"
"1979-01-26 09:00","1979","01","26","09:00"," ","0,90","","-0,50","","90,00","","33,00","","26,00","","40,20","","98,66","","","","","","Nuageux"
"1979-01-26 10:00","1979","01","26","10:00"," ","0,80","","-0,50","","91,00","","33,00","","28,00","","32,20","","98,66","","","","","","Nuageux"
"1979-01-26 11:00","1979","01","26","11:00"," ","0,60","","-0,90","","90,00","","32,00","","26,00","","32,20","","98,62","","","","","","Nuageux"
"1979-01-26 12:00","1979","01","26","12:00"," ","0,90","","-1,00","","87,00","","31,00","","28,00","","32,20","","98,52","","","","","","Généralement nuageux"
"1979-01-26 13:00","1979","01","26","13:00"," ","1,20","","-1,00","","85,00","","32,00","","24,00","","32,20","","98,49","","","","","","Généralement nuageux"
"1979-01-26 14:00","1979","01","26","14:00"," ","1,00","","-1,00","","86,00","","33,00","","28,00","","32,20","","98,46","","","","","","Généralement nuageux"
"1979-01-26 15:00","1979","01","26","15:00"," ","1,00","","-0,50","","90,00","","33,00","","22,00","","32,20","","98,49","","","","","","Généralement nuageux"
"1979-01-26 16:00","1979","01","26","16:00"," ","0,70","","-0,90","","89,00","","33,00","","33,00","","32,20","","98,56","","","","","","Généralement nuageux"
"1979-01-26 17:00","1979","01","26","17:00"," ","0,90","","-0,50","","90,00","","32,00","","30,00","","32,20","","98,59","","","","","","Généralement nuageux"
"1979-01-26 18:00","1979","01","26","18:00"," ","1,10","","-1,00","","86,00","","33,00","","30,00","","24,10","","98,59","","","","","","Généralement nuageux"
"1979-01-26 19:00","1979","01","26","19:00"," ","0,90","","-0,50","","90,00","","33,00","","20,00","","24,10","","98,66","","","","","","Nuageux"
"1979-01-26 20:00","1979","01","26","20:00"," ","1,00","","-0,50","","90,00","","34,00","","19,00","","24,10","","98,66","","","","","","Nuageux"
"1979-01-26 21:00","1979","01","26","21:00"," ","1,10","","-0,50","","89,00","","34,00","","17,00","","24,10","","98,66","","","","","","Nuageux"
"1979-01-26 22:00","1979","01","26","22:00"," ","1,00","","-0,50","","90,00","","34,00","","19,00","","24,10","","98,62","","","","","","Nuageux"
"1979-01-26 23:00","1979","01","26","23:00"," ","1,00","","-0,50","","90,00","","35,00","","19,00","","24,10","","98,59","","","","","","Nuageux"
"1979-01-27 00:00","1979","01","27","00:00"," ","0,90","","-0,50","","90,00","","33,00","","19,00","","24,10","","98,56","","","","","","Nuageux"
"1979-01-27 01:00","1979","01","27","01:00"," ","0,90","","-0,50","","90,00","","33,00","","13,00","","24,10","","98,56","","","","","","Nuageux"
"1979-01-27 02:00","1979","01","27","02:00"," ","0,90","","-0,50","","90,00","","34,00","","15,00","","24,10","","98,59","","","","","","Nuageux"
"1979-01-27 03:00","1979","01","27","03:00"," ","0,90","","-0,50","","90,00","","34,00","","15,00","","24,10","","98,59","","","","","","Nuageux"
"1979-01-27 04:00","1979","01","27","04:00"," ","0,90","","-0,50","","90,00","","34,00","","17,00","","19,30","","98,59","","","","","","Nuageux"
"1979-01-27 05:00","1979","01","27","05:00"," ","0,70","","-0,50","","91,00","","34,00","","15,00","","12,90","","98,59","","","","","","Neige"
"1979-01-27 06:00","1979","01","27","06:00"," ","0,40","","-0,10","","96,00","","34,00","","15,00","","6,40","","98,59","","","","","","Neige"
"1979-01-27 07:00","1979","01","27","07:00"," ","0,40","","-0,10","","96,00","","35,00","","13,00","","6,40","","98,59","","","","","","Neige"
"1979-01-27 08:00","1979","01","27","08:00"," ","0,40","","-0,10","","96,00","","33,00","","13,00","","12,90","","98,59","","","","","","Neige"
"1979-01-27 09:00","1979","01","27","09:00"," ","0,50","","-0,50","","93,00","","33,00","","11,00","","19,30","","98,59","","","","","","Nuageux"
"1979-01-27 10:00","1979","01","27","10:00"," ","0,70","","-0,50","","91,00","","35,00","","15,00","","19,30","","98,52","","","","","","Nuageux"
"1979-01-27 11:00","1979","01","27","11:00"," ","1,00","","0,00","","93,00","","34,00","","15,00","","19,30","","98,49","","","","","","Nuageux"
"1979-01-27 12:00","1979","01","27","12:00"," ","1,40","","0,00","","90,00","","1,00","","13,00","","19,30","","98,39","","","","","","Nuageux"
"1979-01-27 13:00","1979","01","27","13:00"," ","1,50","","0,00","","90,00","","35,00","","7,00","","19,30","","98,29","","","","","","Nuageux"
"1979-01-27 14:00","1979","01","27","14:00"," ","0,50","","-1,00","","90,00","","36,00","","6,00","","19,30","","98,19","","","","","","Nuageux"
"1979-01-27 15:00","1979","01","27","15:00"," ","1,50","","0,00","","90,00","","35,00","","7,00","","19,30","","98,19","","","","","","Nuageux"
"1979-01-27 16:00","1979","01","27","16:00"," ","1,00","","0,00","","93,00","","31,00","","9,00","","19,30","","98,19","","","","","","Bruine"
"1979-01-27 17:00","1979","01","27","17:00"," ","1,10","","0,00","","92,00","","31,00","","7,00","","19,30","","98,19","","","","","","Nuageux"
"1979-01-27 18:00","1979","01","27","18:00"," ","1,00","","0,00","","93,00","","35,00","","9,00","","16,10","","98,12","","","","","","Nuageux"
"1979-01-27 19:00","1979","01","27","19:00"," ","1,20","","0,00","","92,00","","36,00","","9,00","","16,10","","98,09","","","","","","Nuageux"
"1979-01-27 20:00","1979","01","27","20:00"," ","1,00","","0,00","","93,00","","1,00","","11,00","","16,10","","98,02","","","","","","Nuageux"
"1979-01-27 21:00","1979","01","27","21:00"," ","0,80","","0,50","","98,00","","36,00","","13,00","","9,70","","97,96","","","","","","Bruine,Brouillard"
"1979-01-27 22:00","1979","01","27","22:00"," ","0,80","","0,50","","98,00","","35,00","","13,00","","8,00","","97,89","","","","","","Bruine,Brouillard"
"1979-01-27 23:00","1979","01","27","23:00"," ","0,90","","0,00","","94,00","","34,00","","11,00","","9,70","","97,86","","","","","","Brouillard"
"1979-01-28 00:00","1979","01","28","00:00"," ","0,60","","0,00","","96,00","","35,00","","9,00","","9,70","","97,79","","","","","","Brouillard"
"1979-01-28 01:00","1979","01","28","01:00"," ","0,80","","0,00","","95,00","","34,00","","11,00","","9,70","","97,76","","","","","","Brouillard"
"1979-01-28 02:00","1979","01","28","02:00"," ","0,70","","-0,50","","91,00","","35,00","","13,00","","9,70","","97,69","","","","","","Brouillard"
"1979-01-28 03:00","1979","01","28","03:00"," ","0,70","","-0,50","","91,00","","35,00","","15,00","","9,70","","97,66","","","","","","Brouillard"
"1979-01-28 04:00","1979","01","28","04:00"," ","0,70","","-0,50","","91,00","","35,00","","17,00","","12,90","","97,66","","","","","","Nuageux"
"1979-01-28 05:00","1979","01","28","05:00"," ","0,60","","-0,50","","92,00","","33,00","","15,00","","12,90","","97,59","","","","","","Nuageux"
"1979-01-28 06:00","1979","01","28","06:00"," ","0,70","","-0,50","","91,00","","34,00","","17,00","","12,90","","97,59","","","","","","Nuageux"
"1979-01-28 07:00","1979","01","28","07:00"," ","0,50","","-0,50","","93,00","","33,00","","20,00","","16,10","","97,59","","","","","","Nuageux"
"1979-01-28 08:00","1979","01","28","08:00"," ","0,50","","-0,50","","93,00","","33,00","","22,00","","24,10","","97,59","","","","","","Nuageux"
"1979-01-28 09:00","1979","01","28","09:00"," ","0,50","","-0,90","","90,00","","32,00","","24,00","","32,20","","97,59","","","","","","Nuageux"
"1979-01-28 10:00","1979","01","28","10:00"," ","0,60","","-0,90","","90,00","","33,00","","24,00","","40,20","","97,62","","","","","","Nuageux"
"1979-01-28 11:00","1979","01","28","11:00"," ","0,40","","-1,30","","89,00","","33,00","","28,00","","32,20","","97,62","","","","","","Nuageux"
"1979-01-28 12:00","1979","01","28","12:00"," ","-0,30","","-2,60","","84,00","","34,00","","30,00","","32,20","","97,52","","","","-7,00","","Nuageux"
"1979-01-28 13:00","1979","01","28","13:00"," ","-0,50","","-2,70","","85,00","","33,00","","30,00","","32,20","","97,52","","","","-7,00","","Nuageux"
"1979-01-28 14:00","1979","01","28","14:00"," ","-0,80","","-3,00","","85,00","","34,00","","39,00","","32,20","","97,56","","","","-8,00","","Nuageux"
"1979-01-28 15:00","1979","01","28","15:00"," ","-1,10","","-2,70","","89,00","","33,00","","28,00","","2,40","","97,59","","","","-8,00","","Neige"
"1979-01-28 16:00","1979","01","28","16:00"," ","-1,70","","-2,50","","94,00","","33,00","","30,00","","0,80","","97,66","","","","-9,00","","Neige modérée"
"1979-01-28 17:00","1979","01","28","17:00"," ","-1,80","","-2,00","","98,00","","32,00","","28,00","","4,80","","97,69","","","","-9,00","","Neige"
"1979-01-28 18:00","1979","01","28","18:00"," ","-1,70","","-3,00","","91,00","","33,00","","33,00","","16,10","","97,72","","","","-9,00","","Neige"
"1979-01-28 19:00","1979","01","28","19:00"," ","-1,70","","-3,00","","91,00","","33,00","","37,00","","24,10","","97,76","","","","-9,00","","Neige"
"1979-01-28 20:00","1979","01","28","20:00"," ","-1,50","","-3,60","","85,00","","33,00","","37,00","","24,10","","97,79","","","","-9,00","","Bruine verglaçante"
"1979-01-28 21:00","1979","01","28","21:00"," ","-1,70","","-3,30","","89,00","","32,00","","41,00","","24,10","","97,79","","","","-10,00","","Pluie verglaçante"
"1979-01-28 22:00","1979","01","28","22:00"," ","-1,80","","-4,20","","83,00","","32,00","","37,00","","25,00","","97,86","","","","-10,00","","Nuageux"
"1979-01-28 23:00","1979","01","28","23:00"," ","-2,00","","-4,20","","85,00","","33,00","","37,00","","25,00","","97,86","","","","-10,00","","Nuageux"
"1979-01-29 00:00","1979","01","29","00:00"," ","-2,10","","-4,20","","85,00","","33,00","","33,00","","25,00","","97,89","","","","-10,00","","Nuageux"
"1979-01-29 01:00","1979","01","29","01:00"," ","-2,40","","-4,80","","84,00","","33,00","","35,00","","25,00","","97,92","","","","-10,00","","Nuageux"
"1979-01-29 02:00","1979","01","29","02:00"," ","-2,50","","-5,10","","82,00","","32,00","","33,00","","25,00","","97,96","","","","-10,00","","Nuageux"
"1979-01-29 03:00","1979","01","29","03:00"," ","-2,50","","-5,10","","82,00","","32,00","","26,00","","25,00","","98,02","","","","-9,00","","Nuageux"
"1979-01-29 04:00","1979","01","29","04:00"," ","-2,80","","-5,40","","82,00","","32,00","","20,00","","25,00","","98,06","","","","-9,00","","Nuageux"
"1979-01-29 05:00","1979","01","29","05:00"," ","-3,00","","-5,10","","85,00","","32,00","","20,00","","25,00","","98,12","","","","-9,00","","Nuageux"
"1979-01-29 06:00","1979","01","29","06:00"," ","-2,70","","-5,10","","84,00","","30,00","","19,00","","25,00","","98,19","","","","-8,00","","Nuageux"
"1979-01-29 07:00","1979","01","29","07:00"," ","-3,00","","-5,40","","83,00","","30,00","","31,00","","25,00","","98,26","","","","-11,00","","Nuageux"
"1979-01-29 08:00","1979","01","29","08:00"," ","-3,20","","-5,40","","85,00","","31,00","","24,00","","32,20","","98,29","","","","-10,00","","Nuageux"
"1979-01-29 09:00","1979","01","29","09:00"," ","-3,20","","-5,40","","85,00","","31,00","","26,00","","32,20","","98,36","","","","-10,00","","Neige"
"1979-01-29 10:00","1979","01","29","10:00"," ","-3,30","","-6,00","","81,00","","29,00","","24,00","","32,20","","98,42","","","","-10,00","","Neige"
"1979-01-29 11:00","1979","01","29","11:00"," ","-3,10","","-5,40","","84,00","","29,00","","31,00","","32,20","","98,46","","","","-11,00","","Neige"
"1979-01-29 12:00","1979","01","29","12:00"," ","-3,00","","-5,10","","85,00","","30,00","","24,00","","32,20","","98,39","","","","-10,00","","Neige"
"1979-01-29 13:00","1979","01","29","13:00"," ","-2,30","","-5,10","","81,00","","30,00","","28,00","","32,20","","98,39","","","","-9,00","","Averses de neige"
"1979-01-29 14:00","1979","01","29","14:00"," ","-1,90","","-4,20","","84,00","","30,00","","26,00","","32,20","","98,36","","","","-8,00","","Averses de neige"
"1979-01-29 15:00","1979","01","29","15:00"," ","-1,80","","-4,20","","83,00","","31,00","","31,00","","40,20","","98,36","","","","-9,00","","Nuageux"
"1979-01-29 16:00","1979","01","29","16:00"," ","-2,00","","-4,50","","83,00","","30,00","","30,00","","40,20","","98,46","","","","-9,00","","Nuageux"
"1979-01-29 17:00","1979","01","29","17:00"," ","-2,20","","-4,20","","86,00","","30,00","","37,00","","40,20","","98,49","","","","-10,00","","Nuageux"
"1979-01-29 18:00","1979","01","29","18:00"," ","-2,50","","-4,80","","84,00","","31,00","","28,00","","25,00","","98,56","","","","-10,00","","Nuageux"
"1979-01-29 19:00","1979","01","29","19:00"," ","-2,80","","-5,70","","80,00","","29,00","","24,00","","25,00","","98,59","","","","-9,00","","Nuageux"
"1979-01-29 20:00","1979","01","29","20:00"," ","-3,00","","-5,40","","83,00","","30,00","","30,00","","25,00","","98,62","","","","-10,00","","Nuageux"
"1979-01-29 21:00","1979","01","29","21:00"," ","-3,30","","-5,70","","83,00","","30,00","","20,00","","25,00","","98,66","","","","-9,00","","Nuageux"
"1979-01-29 22:00","1979","01","29","22:00"," ","-3,30","","-5,10","","87,00","","31,00","","17,00","","25,00","","98,69","","","","-9,00","","Nuageux"
"1979-01-29 23:00","1979","01","29","23:00"," ","-3,00","","-5,40","","83,00","","31,00","","20,00","","25,00","","98,69","","","","-9,00","","Nuageux"
"1979-01-30 00:00","1979","01","30","00:00"," ","-3,40","","-6,00","","82,00","","33,00","","17,00","","25,00","","98,69","","","","-9,00","","Nuageux"
"1979-01-30 01:00","1979","01","30","01:00"," ","-3,50","","-7,30","","75,00","","30,00","","26,00","","25,00","","98,69","","","","-11,00","","Nuageux"
"1979-01-30 02:00","1979","01","30","02:00"," ","-4,40","","-7,60","","78,00","","29,00","","22,00","","25,00","","98,72","","","","-11,00","","Généralement nuageux"
"1979-01-30 03:00","1979","01","30","03:00"," ","-4,20","","-7,30","","79,00","","30,00","","24,00","","25,00","","98,76","","","","-11,00","","Nuageux"
"1979-01-30 04:00","1979","01","30","04:00"," ","-4,20","","-7,30","","79,00","","31,00","","24,00","","25,00","","98,82","","","","-11,00","","Nuageux"
"1979-01-30 05:00","1979","01","30","05:00"," ","-4,50","","-6,90","","83,00","","33,00","","26,00","","25,00","","98,86","","","","-12,00","","Nuageux"
"1979-01-30 06:00","1979","01","30","06:00"," ","-5,00","","-7,50","","83,00","","31,00","","22,00","","25,00","","98,89","","","","-12,00","","Nuageux"
"1979-01-30 07:00","1979","01","30","07:00"," ","-4,90","","-7,50","","82,00","","32,00","","24,00","","25,00","","98,89","","","","-12,00","","Nuageux"
"1979-01-30 08:00","1979","01","30","08:00"," ","-5,30","","-8,50","","78,00","","31,00","","31,00","","25,00","","98,96","","","","-14,00","","Nuageux"
"1979-01-30 09:00","1979","01","30","09:00"," ","-5,70","","-8,20","","82,00","","30,00","","30,00","","40,20","","98,99","","","","-14,00","","Nuageux"
"1979-01-30 10:00","1979","01","30","10:00"," ","-5,50","","-9,60","","73,00","","31,00","","28,00","","40,20","","98,99","","","","-13,00","","Généralement nuageux"
"1979-01-30 11:00","1979","01","30","11:00"," ","-5,50","","-9,20","","75,00","","30,00","","24,00","","40,20","","99,06","","","","-13,00","","Nuageux"
"1979-01-30 12:00","1979","01","30","12:00"," ","-5,50","","-8,50","","79,00","","31,00","","33,00","","40,20","","99,02","","","","-14,00","","Nuageux"
"1979-01-30 13:00","1979","01","30","13:00"," ","-5,20","","-7,90","","81,00","","31,00","","26,00","","40,20","","98,96","","","","-13,00","","Nuageux"
"1979-01-30 14:00","1979","01","30","14:00"," ","-4,80","","-8,90","","73,00","","31,00","","26,00","","40,20","","98,96","","","","-12,00","","Nuageux"
"1979-01-30 15:00","1979","01","30","15:00"," ","-4,20","","-8,30","","73,00","","30,00","","30,00","","40,20","","98,91","","","","-12,00","","Nuageux"
"1979-01-30 16:00","1979","01","30","16:00"," ","-4,20","","-7,00","","81,00","","33,00","","24,00","","40,20","","98,96","","","","-11,00","","Généralement nuageux"
"1979-01-30 17:00","1979","01","30","17:00"," ","-5,20","","-8,20","","79,00","","34,00","","20,00","","40,20","","98,99","","","","-12,00","","Généralement nuageux"
"1979-01-30 18:00","1979","01","30","18:00"," ","-6,00","","-9,10","","79,00","","1,00","","15,00","","25,00","","99,02","","","","-12,00","","Nuageux"
"1979-01-30 19:00","1979","01","30","19:00"," ","-6,00","","-8,80","","81,00","","36,00","","13,00","","25,00","","99,02","","","","-11,00","","Nuageux"
"1979-01-30 20:00","1979","01","30","20:00"," ","-6,30","","-9,70","","76,00","","34,00","","17,00","","25,00","","99,06","","","","-13,00","","Nuageux"
"1979-01-30 21:00","1979","01","30","21:00"," ","-6,30","","-9,70","","76,00","","33,00","","20,00","","25,00","","98,99","","","","-13,00","","Nuageux"
"1979-01-30 22:00","1979","01","30","22:00"," ","-5,90","","-8,80","","80,00","","33,00","","24,00","","25,00","","98,99","","","","-13,00","","Nuageux"
"1979-01-30 23:00","1979","01","30","23:00"," ","-6,20","","-8,80","","82,00","","32,00","","22,00","","25,00","","98,99","","","","-13,00","","Nuageux"
"1979-01-31 00:00","1979","01","31","00:00"," ","-6,50","","-9,70","","78,00","","28,00","","19,00","","25,00","","98,96","","","","-13,00","","Nuageux"
"1979-01-31 01:00","1979","01","31","01:00"," ","-6,50","","-9,70","","78,00","","25,00","","19,00","","25,00","","98,89","","","","-13,00","","Nuageux"
"1979-01-31 02:00","1979","01","31","02:00"," ","-6,70","","-9,70","","79,00","","26,00","","15,00","","25,00","","98,89","","","","-13,00","","Nuageux"
"1979-01-31 03:00","1979","01","31","03:00"," ","-6,40","","-10,10","","75,00","","33,00","","15,00","","25,00","","98,86","","","","-12,00","","Nuageux"
"1979-01-31 04:00","1979","01","31","04:00"," ","-6,50","","-10,10","","75,00","","1,00","","13,00","","25,00","","98,82","","","","-12,00","","Nuageux"
"1979-01-31 05:00","1979","01","31","05:00"," ","-6,50","","-10,10","","75,00","","32,00","","7,00","","25,00","","98,79","","","","-10,00","","Nuageux"
"1979-01-31 06:00","1979","01","31","06:00"," ","-7,40","","-9,90","","82,00","","33,00","","13,00","","25,00","","98,79","","","","-13,00","","Nuageux"
"1979-01-31 07:00","1979","01","31","07:00"," ","-9,20","","-10,90","","88,00","","1,00","","15,00","","25,00","","98,79","","","","-16,00","","Généralement nuageux"
"1979-01-31 08:00","1979","01","31","08:00"," ","-9,80","","-12,40","","81,00","","36,00","","19,00","","32,20","","98,76","","","","-17,00","","Neige"
"1979-01-31 09:00","1979","01","31","09:00"," ","-10,30","","-13,50","","77,00","","34,00","","19,00","","19,30","","98,69","","","","-18,00","","Neige"
"1979-01-31 10:00","1979","01","31","10:00"," ","-10,00","","-13,30","","77,00","","34,00","","17,00","","24,10","","98,69","","","","-17,00","","Neige"
"1979-01-31 11:00","1979","01","31","11:00"," ","-9,40","","-12,70","","77,00","","32,00","","15,00","","32,20","","98,59","","","","-16,00","","Généralement nuageux"
"1979-01-31 12:00","1979","01","31","12:00"," ","-7,60","","-11,40","","74,00","","33,00","","17,00","","40,20","","98,49","","","","-14,00","","Nuageux"
"1979-01-31 13:00","1979","01","31","13:00"," ","-6,50","","-10,90","","71,00","","32,00","","31,00","","40,20","","98,39","","","","-15,00","","Nuageux"
"1979-01-31 14:00","1979","01","31","14:00"," ","-7,10","","-11,60","","70,00","","32,00","","33,00","","40,20","","98,36","","","","-16,00","","Nuageux"
"1979-01-31 15:00","1979","01","31","15:00"," ","-7,40","","-11,00","","75,00","","32,00","","35,00","","32,20","","98,32","","","","-17,00","","Averses de neige"
"1979-01-31 16:00","1979","01","31","16:00"," ","-7,50","","-11,00","","76,00","","32,00","","35,00","","16,10","","98,36","","","","-17,00","","Neige"
"1979-01-31 17:00","1979","01","31","17:00"," ","-8,00","","-11,20","","77,00","","32,00","","39,00","","12,90","","98,36","","","","-18,00","","Neige"
"1979-01-31 18:00","1979","01","31","18:00"," ","-8,00","","-11,20","","77,00","","31,00","","26,00","","4,00","","98,39","","","","-16,00","","Neige"
"1979-01-31 19:00","1979","01","31","19:00"," ","-8,10","","-10,50","","83,00","","36,00","","22,00","","4,00","","98,42","","","","-16,00","","Neige"
"1979-01-31 20:00","1979","01","31","20:00"," ","-8,80","","-10,90","","85,00","","34,00","","20,00","","3,20","","98,42","","","","-16,00","","Neige"
"1979-01-31 21:00","1979","01","31","21:00"," ","-9,40","","-11,10","","87,00","","30,00","","26,00","","2,40","","98,39","","","","-18,00","","Neige"
"1979-01-31 22:00","1979","01","31","22:00"," ","-9,10","","-10,50","","90,00","","31,00","","24,00","","4,00","","98,39","","","","-17,00","","Neige"
"1979-01-31 23:00","1979","01","31","23:00"," ","-8,90","","-10,90","","85,00","","34,00","","41,00","","3,20","","98,39","","","","-19,00","","Neige,Poudrerie élevée"
