"Nom de la Station","YARMOUTH A"
"Province","NOVA SCOTIA"
"Latitude","43,83"
"Longitude","-66,09"
"Altitude","43,00"
"Identification Climat","8206500"
"Identification OMM","71603"
"Identification TC","YQI"
"Toutes les heures sont exprimées en heure normale locale (HNL). Pour convertir l'heure locale en heure avancée de l'Est (HAE), ajoutez 1 heure s'il y a lieu."

"Légende"
"M","Données Manquantes"
"E","Valeur Estimée"
"ND","Non Disponible"
"**","Données fournies par un partenaire, non assujetties à un révision par les Archives climatiques nationales du Canada"

"Date/Heure","Année","Mois","Jour","Heure","Qualité des Données","Temp (°C)","Temp Indicateur","Point de rosée (°C)","Point de rosée Indicateur","Hum. rel (%)","Hum. rel. Indicateur","Dir. du vent (10s deg)","Dir. du vent Indicateur","Vit. du vent (km/h)","Vit. du vent Indicateur","Visibilité (km)","Visibilité Indicateur","Pression à la station (kPa)","Pression à la station Indicateur","Hmdx","Hmdx Indicateur","Refroid. éolien","Refroid. éolien Indicateur","Temps"
"2009-10-01 00:00","2009","10","01","00:00"," ","13,20","","13,20","","100,00","","22,00","","9,00","","14,50","","100,33","","","","","","Nuageux"
"2009-10-01 01:00","2009","10","01","01:00"," ","12,20","","12,20","","100,00","","24,00","","9,00","","14,50","","100,34","","","","","","Généralement nuageux"
"2009-10-01 02:00","2009","10","01","02:00"," ","12,30","","12,20","","99,00","","23,00","","9,00","","19,30","","100,35","","","","","","Nuageux"
"2009-10-01 03:00","2009","10","01","03:00"," ","12,30","","12,20","","99,00","","0,00","","0,00","","19,30","","100,35","","","","","","Nuageux"
"2009-10-01 04:00","2009","10","01","04:00"," ","12,20","","11,50","","95,00","","24,00","","7,00","","24,10","","100,38","","","","","","Nuageux"
"2009-10-01 05:00","2009","10","01","05:00"," ","12,00","","11,00","","94,00","","25,00","","11,00","","24,10","","100,43","","","","","","Nuageux"
"2009-10-01 06:00","2009","10","01","06:00"," ","11,70","","9,70","","88,00","","23,00","","17,00","","19,30","","100,50","","","","","","Nuageux"
"2009-10-01 07:00","2009","10","01","07:00"," ","11,30","","8,90","","85,00","","22,00","","17,00","","24,10","","100,55","","","","","","Généralement nuageux"
"2009-10-01 08:00","2009","10","01","08:00"," ","11,90","","9,00","","82,00","","26,00","","22,00","","24,10","","100,62","","","","","","Généralement dégagé"
"2009-10-01 09:00","2009","10","01","09:00"," ","10,40","","9,40","","94,00","","25,00","","13,00","","9,70","","100,70","","","","","","Averses de pluie,Brouillard"
"2009-10-01 10:00","2009","10","01","10:00"," ","11,60","","9,10","","85,00","","26,00","","24,00","","24,10","","100,73","","","","","","Nuageux"
"2009-10-01 11:00","2009","10","01","11:00"," ","11,80","","8,90","","82,00","","27,00","","13,00","","24,10","","100,73","","","","","","Nuageux"
"2009-10-01 12:00","2009","10","01","12:00"," ","11,30","","8,50","","83,00","","26,00","","20,00","","24,10","","100,80","","","","","","Nuageux"
"2009-10-01 13:00","2009","10","01","13:00"," ","11,70","","7,20","","74,00","","28,00","","15,00","","24,10","","100,78","","","","","","Généralement nuageux"
"2009-10-01 14:00","2009","10","01","14:00"," ","11,90","","7,50","","74,00","","25,00","","20,00","","24,10","","100,79","","","","","","Nuageux"
"2009-10-01 15:00","2009","10","01","15:00"," ","11,30","","6,90","","74,00","","23,00","","9,00","","24,10","","100,81","","","","","","Généralement nuageux"
"2009-10-01 16:00","2009","10","01","16:00"," ","12,00","","7,60","","74,00","","27,00","","9,00","","24,10","","100,84","","","","","","Généralement nuageux"
"2009-10-01 17:00","2009","10","01","17:00"," ","11,40","","6,70","","73,00","","24,00","","19,00","","24,10","","100,88","","","","","","Généralement dégagé"
"2009-10-01 18:00","2009","10","01","18:00"," ","9,80","","6,40","","79,00","","25,00","","13,00","","24,10","","100,93","","","","","","Généralement dégagé"
"2009-10-01 19:00","2009","10","01","19:00"," ","9,10","","6,70","","85,00","","22,00","","9,00","","24,10","","100,97","","","","","","Généralement dégagé"
"2009-10-01 20:00","2009","10","01","20:00"," ","8,60","","6,00","","84,00","","23,00","","7,00","","24,10","","100,98","","","","","","Généralement dégagé"
"2009-10-01 21:00","2009","10","01","21:00"," ","8,10","","4,90","","80,00","","22,00","","9,00","","24,10","","101,01","","","","","","Généralement dégagé"
"2009-10-01 22:00","2009","10","01","22:00"," ","9,00","","6,00","","81,00","","23,00","","9,00","","24,10","","101,02","","","","","","Généralement nuageux"
"2009-10-01 23:00","2009","10","01","23:00"," ","10,40","","5,50","","72,00","","24,00","","13,00","","24,10","","101,01","","","","","","Nuageux"
"2009-10-02 00:00","2009","10","02","00:00"," ","10,40","","5,30","","71,00","","24,00","","9,00","","24,10","","101,00","","","","","","Nuageux"
"2009-10-02 01:00","2009","10","02","01:00"," ","10,30","","7,20","","81,00","","21,00","","7,00","","24,10","","101,03","","","","","","Nuageux"
"2009-10-02 02:00","2009","10","02","02:00"," ","10,30","","7,60","","83,00","","22,00","","9,00","","24,10","","101,01","","","","","","Nuageux"
"2009-10-02 03:00","2009","10","02","03:00"," ","9,40","","8,60","","95,00","","22,00","","4,00","","14,50","","100,98","","","","","","Averses de pluie"
"2009-10-02 04:00","2009","10","02","04:00"," ","9,40","","8,50","","94,00","","17,00","","7,00","","24,10","","100,97","","","","","","Nuageux"
"2009-10-02 05:00","2009","10","02","05:00"," ","8,80","","8,30","","97,00","","19,00","","9,00","","24,10","","101,02","","","","","","Nuageux"
"2009-10-02 06:00","2009","10","02","06:00"," ","9,50","","8,80","","95,00","","19,00","","11,00","","24,10","","101,05","","","","","","Nuageux"
"2009-10-02 07:00","2009","10","02","07:00"," ","10,20","","8,90","","92,00","","19,00","","9,00","","24,10","","101,08","","","","","","Nuageux"
"2009-10-02 08:00","2009","10","02","08:00"," ","10,80","","9,40","","91,00","","20,00","","9,00","","24,10","","101,11","","","","","","Nuageux"
"2009-10-02 09:00","2009","10","02","09:00"," ","11,70","","9,00","","83,00","","20,00","","11,00","","24,10","","101,15","","","","","","Nuageux"
"2009-10-02 10:00","2009","10","02","10:00"," ","11,70","","8,40","","80,00","","24,00","","13,00","","24,10","","101,21","","","","","","Nuageux"
"2009-10-02 11:00","2009","10","02","11:00"," ","12,50","","8,00","","74,00","","28,00","","19,00","","24,10","","101,25","","","","","","Nuageux"
"2009-10-02 12:00","2009","10","02","12:00"," ","12,80","","8,20","","74,00","","27,00","","17,00","","24,10","","101,27","","","","","","Généralement nuageux"
"2009-10-02 13:00","2009","10","02","13:00"," ","12,20","","6,80","","70,00","","27,00","","19,00","","24,10","","101,26","","","","","","Généralement nuageux"
"2009-10-02 14:00","2009","10","02","14:00"," ","12,00","","6,90","","71,00","","26,00","","15,00","","24,10","","101,25","","","","","","Généralement nuageux"
"2009-10-02 15:00","2009","10","02","15:00"," ","11,70","","6,90","","72,00","","30,00","","13,00","","24,10","","101,26","","","","","","Généralement nuageux"
"2009-10-02 16:00","2009","10","02","16:00"," ","12,40","","6,00","","65,00","","27,00","","9,00","","24,10","","101,28","","","","","","Généralement dégagé"
"2009-10-02 17:00","2009","10","02","17:00"," ","11,50","","6,40","","71,00","","27,00","","6,00","","24,10","","101,33","","","","","","Généralement nuageux"
"2009-10-02 18:00","2009","10","02","18:00"," ","10,60","","7,50","","81,00","","0,00","","0,00","","24,10","","101,36","","","","","","Généralement nuageux"
"2009-10-02 19:00","2009","10","02","19:00"," ","7,30","","5,40","","88,00","","0,00","","0,00","","24,10","","101,40","","","","","","Dégagé"
"2009-10-02 20:00","2009","10","02","20:00"," ","7,60","","5,90","","89,00","","0,00","","0,00","","24,10","","101,42","","","","","","Dégagé"
"2009-10-02 21:00","2009","10","02","21:00"," ","6,60","","5,50","","93,00","","0,00","","0,00","","24,10","","101,46","","","","","","Généralement dégagé"
"2009-10-02 22:00","2009","10","02","22:00"," ","7,20","","6,00","","92,00","","0,00","","0,00","","24,10","","101,48","","","","","","Généralement dégagé"
"2009-10-02 23:00","2009","10","02","23:00"," ","6,30","","5,50","","95,00","","0,00","","0,00","","24,10","","101,55","","","","","","Généralement nuageux"
"2009-10-03 00:00","2009","10","03","00:00"," ","8,70","","7,20","","90,00","","0,00","","0,00","","24,10","","101,55","","","","","","Nuageux"
"2009-10-03 01:00","2009","10","03","01:00"," ","9,50","","8,00","","90,00","","0,00","","0,00","","24,10","","101,64","","","","","","Nuageux"
"2009-10-03 02:00","2009","10","03","02:00"," ","8,80","","7,60","","92,00","","0,00","","0,00","","24,10","","101,66","","","","","","Généralement nuageux"
"2009-10-03 03:00","2009","10","03","03:00"," ","7,80","","6,90","","94,00","","12,00","","7,00","","24,10","","101,56","","","","","","Généralement nuageux"
"2009-10-03 04:00","2009","10","03","04:00"," ","7,00","","6,30","","95,00","","0,00","","0,00","","24,10","","101,63","","","","","","Généralement dégagé"
"2009-10-03 05:00","2009","10","03","05:00"," ","7,60","","7,30","","98,00","","0,00","","0,00","","24,10","","101,68","","","","","","Généralement nuageux"
"2009-10-03 06:00","2009","10","03","06:00"," ","7,20","","7,20","","100,00","","7,00","","7,00","","24,10","","101,66","","","","","","Généralement dégagé"
"2009-10-03 07:00","2009","10","03","07:00"," ","7,20","","7,10","","99,00","","7,00","","4,00","","24,10","","101,71","","","","","","Nuageux"
"2009-10-03 08:00","2009","10","03","08:00"," ","9,40","","8,20","","92,00","","12,00","","9,00","","24,10","","101,72","","","","","","Nuageux"
"2009-10-03 09:00","2009","10","03","09:00"," ","11,90","","8,70","","81,00","","11,00","","15,00","","24,10","","101,72","","","","","","Nuageux"
"2009-10-03 10:00","2009","10","03","10:00"," ","13,10","","8,20","","72,00","","11,00","","13,00","","24,10","","101,75","","","","","","Généralement dégagé"
"2009-10-03 11:00","2009","10","03","11:00"," ","14,00","","8,50","","69,00","","13,00","","11,00","","24,10","","101,72","","","","","","Généralement nuageux"
"2009-10-03 12:00","2009","10","03","12:00"," ","15,00","","9,00","","67,00","","14,00","","17,00","","24,10","","101,74","","","","","","Généralement nuageux"
"2009-10-03 13:00","2009","10","03","13:00"," ","15,00","","9,30","","69,00","","14,00","","11,00","","24,10","","101,68","","","","","","Généralement nuageux"
"2009-10-03 14:00","2009","10","03","14:00"," ","16,00","","9,10","","64,00","","12,00","","20,00","","24,10","","101,63","","","","","","Généralement nuageux"
"2009-10-03 15:00","2009","10","03","15:00"," ","16,40","","9,50","","64,00","","12,00","","19,00","","24,10","","101,56","","","","","","Nuageux"
"2009-10-03 16:00","2009","10","03","16:00"," ","16,30","","9,80","","65,00","","13,00","","15,00","","24,10","","101,54","","","","","","Nuageux"
"2009-10-03 17:00","2009","10","03","17:00"," ","15,70","","9,50","","67,00","","12,00","","17,00","","24,10","","101,53","","","","","","Généralement nuageux"
"2009-10-03 18:00","2009","10","03","18:00"," ","14,30","","9,90","","75,00","","13,00","","17,00","","24,10","","101,55","","","","","","Nuageux"
"2009-10-03 19:00","2009","10","03","19:00"," ","13,60","","10,40","","81,00","","12,00","","19,00","","24,10","","101,50","","","","","","Nuageux"
"2009-10-03 20:00","2009","10","03","20:00"," ","13,50","","11,00","","85,00","","11,00","","15,00","","24,10","","101,47","","","","","","Nuageux"
"2009-10-03 21:00","2009","10","03","21:00"," ","13,80","","11,90","","88,00","","11,00","","17,00","","24,10","","101,44","","","","","","Nuageux"
"2009-10-03 22:00","2009","10","03","22:00"," ","13,80","","12,30","","91,00","","10,00","","11,00","","24,10","","101,40","","","","","","Nuageux"
"2009-10-03 23:00","2009","10","03","23:00"," ","13,90","","12,80","","93,00","","12,00","","19,00","","24,10","","101,35","","","","","","Nuageux"
"2009-10-04 00:00","2009","10","04","00:00"," ","14,40","","13,40","","94,00","","13,00","","15,00","","19,30","","101,33","","","","","","Nuageux"
"2009-10-04 01:00","2009","10","04","01:00"," ","14,90","","13,20","","90,00","","10,00","","17,00","","24,10","","101,25","","","","","","Nuageux"
"2009-10-04 02:00","2009","10","04","02:00"," ","15,30","","12,90","","86,00","","11,00","","17,00","","24,10","","101,21","","","","","","Nuageux"
"2009-10-04 03:00","2009","10","04","03:00"," ","15,30","","13,10","","87,00","","11,00","","11,00","","24,10","","101,14","","","","","","Nuageux"
"2009-10-04 04:00","2009","10","04","04:00"," ","15,30","","13,70","","90,00","","12,00","","15,00","","19,30","","101,02","","","","","","Averses de pluie"
"2009-10-04 05:00","2009","10","04","05:00"," ","15,30","","14,40","","94,00","","9,00","","24,00","","19,30","","100,99","","","","","","Nuageux"
"2009-10-04 06:00","2009","10","04","06:00"," ","15,30","","15,10","","99,00","","9,00","","22,00","","4,80","","100,92","","","","","","Brouillard"
"2009-10-04 07:00","2009","10","04","07:00"," ","15,30","","15,30","","100,00","","8,00","","20,00","","4,80","","100,86","","","","","","Averses de pluie,Brouillard"
"2009-10-04 08:00","2009","10","04","08:00"," ","15,70","","15,70","","100,00","","8,00","","19,00","","4,80","","100,81","","","","","","Averses de pluie,Brouillard"
"2009-10-04 09:00","2009","10","04","09:00"," ","15,90","","15,90","","100,00","","10,00","","13,00","","4,80","","100,81","","","","","","Averses de pluie,Brouillard"
"2009-10-04 10:00","2009","10","04","10:00"," ","16,60","","16,60","","100,00","","13,00","","19,00","","16,10","","100,75","","","","","","Averses de pluie"
"2009-10-04 11:00","2009","10","04","11:00"," ","17,20","","17,10","","99,00","","12,00","","17,00","","12,90","","100,66","","","","","","Nuageux"
"2009-10-04 12:00","2009","10","04","12:00"," ","18,00","","17,60","","98,00","","14,00","","17,00","","16,10","","100,63","","","","","","Nuageux"
"2009-10-04 13:00","2009","10","04","13:00"," ","17,90","","17,50","","98,00","","12,00","","13,00","","19,30","","100,54","","","","","","Nuageux"
"2009-10-04 14:00","2009","10","04","14:00"," ","17,40","","17,10","","98,00","","13,00","","19,00","","19,30","","100,46","","","","","","Nuageux"
"2009-10-04 15:00","2009","10","04","15:00"," ","17,60","","17,30","","98,00","","12,00","","22,00","","16,10","","100,38","","","","","","Nuageux"
"2009-10-04 16:00","2009","10","04","16:00"," ","17,50","","17,30","","99,00","","12,00","","19,00","","16,10","","100,34","","","","","","Nuageux"
"2009-10-04 17:00","2009","10","04","17:00"," ","17,10","","16,90","","99,00","","12,00","","15,00","","12,90","","100,31","","","","","","Nuageux"
"2009-10-04 18:00","2009","10","04","18:00"," ","17,00","","17,00","","100,00","","12,00","","9,00","","4,80","","100,26","","","","","","Averses de pluie,Brouillard"
"2009-10-04 19:00","2009","10","04","19:00"," ","16,80","","16,80","","100,00","","15,00","","9,00","","6,40","","100,26","","","","","","Averses de pluie,Brouillard"
"2009-10-04 20:00","2009","10","04","20:00"," ","15,60","","15,60","","100,00","","15,00","","13,00","","4,80","","100,22","","","","","","Averses de pluie,Brouillard"
"2009-10-04 21:00","2009","10","04","21:00"," ","14,50","","14,50","","100,00","","22,00","","7,00","","4,80","","100,23","","","","","","Averses de pluie modérées,Brouillard"
"2009-10-04 22:00","2009","10","04","22:00"," ","15,00","","15,00","","100,00","","20,00","","6,00","","6,40","","100,20","","","","","","Averses de pluie modérées,Brouillard"
"2009-10-04 23:00","2009","10","04","23:00"," ","14,80","","14,80","","100,00","","24,00","","7,00","","4,80","","100,15","","","","","","Averses de pluie modérées,Brouillard"
"2009-10-05 00:00","2009","10","05","00:00"," ","13,40","","13,40","","100,00","","29,00","","19,00","","0,60","","100,13","","","","","","Averses de pluie,Brouillard"
"2009-10-05 01:00","2009","10","05","01:00"," ","13,10","","13,10","","100,00","","30,00","","24,00","","0,60","","100,11","","","","","","Brouillard"
"2009-10-05 02:00","2009","10","05","02:00"," ","12,40","","12,40","","100,00","","30,00","","22,00","","0,40","","100,06","","","","","","Brouillard"
"2009-10-05 03:00","2009","10","05","03:00"," ","12,20","","12,20","","100,00","","30,00","","26,00","","2,40","","100,03","","","","","","Brouillard"
"2009-10-05 04:00","2009","10","05","04:00"," ","12,10","","12,10","","100,00","","32,00","","22,00","","4,00","","100,02","","","","","","Bruine,Brouillard"
"2009-10-05 05:00","2009","10","05","05:00"," ","11,40","","11,40","","100,00","","32,00","","24,00","","4,80","","100,11","","","","","","Brouillard"
"2009-10-05 06:00","2009","10","05","06:00"," ","11,70","","11,50","","99,00","","31,00","","20,00","","16,10","","100,17","","","","","","Nuageux"
"2009-10-05 07:00","2009","10","05","07:00"," ","12,00","","11,80","","99,00","","30,00","","20,00","","24,10","","100,22","","","","","","Nuageux"
"2009-10-05 08:00","2009","10","05","08:00"," ","11,90","","11,10","","95,00","","31,00","","22,00","","24,10","","100,24","","","","","","Nuageux"
"2009-10-05 09:00","2009","10","05","09:00"," ","12,00","","11,10","","94,00","","31,00","","26,00","","24,10","","100,26","","","","","","Nuageux"
"2009-10-05 10:00","2009","10","05","10:00"," ","13,10","","11,60","","91,00","","32,00","","24,00","","24,10","","100,18","","","","","","Généralement nuageux"
"2009-10-05 11:00","2009","10","05","11:00"," ","13,10","","11,00","","87,00","","30,00","","20,00","","24,10","","100,20","","","","","","Généralement nuageux"
"2009-10-05 12:00","2009","10","05","12:00"," ","13,50","","12,20","","92,00","","27,00","","19,00","","24,10","","100,21","","","","","","Généralement nuageux"
"2009-10-05 13:00","2009","10","05","13:00"," ","13,50","","11,30","","87,00","","27,00","","19,00","","19,30","","100,17","","","","","","Généralement nuageux"
"2009-10-05 14:00","2009","10","05","14:00"," ","12,50","","11,70","","95,00","","25,00","","17,00","","16,10","","100,12","","","","","","Nuageux"
"2009-10-05 15:00","2009","10","05","15:00"," ","12,90","","12,70","","99,00","","24,00","","15,00","","12,90","","100,03","","","","","","Nuageux"
"2009-10-05 16:00","2009","10","05","16:00"," ","12,70","","12,70","","100,00","","26,00","","11,00","","1,20","","100,02","","","","","","Brouillard"
"2009-10-05 17:00","2009","10","05","17:00"," ","12,40","","11,80","","96,00","","26,00","","11,00","","11,30","","100,02","","","","","","Nuageux"
"2009-10-05 18:00","2009","10","05","18:00"," ","12,00","","12,00","","100,00","","25,00","","9,00","","1,20","","100,02","","","","","","Brouillard"
"2009-10-05 19:00","2009","10","05","19:00"," ","11,50","","11,50","","100,00","","28,00","","15,00","","4,80","","100,06","","","","","","Brouillard"
"2009-10-05 20:00","2009","10","05","20:00"," ","11,30","","11,30","","100,00","","28,00","","9,00","","19,30","","100,07","","","","","","Généralement dégagé"
"2009-10-05 21:00","2009","10","05","21:00"," ","11,50","","11,20","","98,00","","26,00","","11,00","","24,10","","100,09","","","","","","Généralement dégagé"
"2009-10-05 22:00","2009","10","05","22:00"," ","11,40","","11,30","","99,00","","26,00","","13,00","","24,10","","100,08","","","","","","Généralement dégagé"
"2009-10-05 23:00","2009","10","05","23:00"," ","11,30","","10,80","","97,00","","29,00","","15,00","","24,10","","100,06","","","","","","Généralement dégagé"
"2009-10-06 00:00","2009","10","06","00:00"," ","11,30","","10,70","","96,00","","27,00","","13,00","","24,10","","100,02","","","","","","Dégagé"
"2009-10-06 01:00","2009","10","06","01:00"," ","11,20","","10,60","","96,00","","27,00","","11,00","","24,10","","100,03","","","","","","Dégagé"
"2009-10-06 02:00","2009","10","06","02:00"," ","11,20","","10,60","","96,00","","28,00","","13,00","","24,10","","100,04","","","","","","Dégagé"
"2009-10-06 03:00","2009","10","06","03:00"," ","11,30","","9,90","","91,00","","28,00","","19,00","","24,10","","100,03","","","","","","Dégagé"
"2009-10-06 04:00","2009","10","06","04:00"," ","10,50","","9,10","","91,00","","29,00","","15,00","","24,10","","100,06","","","","","","Dégagé"
"2009-10-06 05:00","2009","10","06","05:00"," ","10,70","","9,60","","93,00","","28,00","","15,00","","24,10","","100,11","","","","","","Dégagé"
"2009-10-06 06:00","2009","10","06","06:00"," ","10,80","","9,10","","89,00","","28,00","","19,00","","24,10","","100,17","","","","","","Dégagé"
"2009-10-06 07:00","2009","10","06","07:00"," ","11,40","","9,40","","87,00","","28,00","","17,00","","24,10","","100,24","","","","","","Généralement nuageux"
"2009-10-06 08:00","2009","10","06","08:00"," ","12,00","","9,90","","87,00","","30,00","","20,00","","24,10","","100,27","","","","","","Généralement dégagé"
"2009-10-06 09:00","2009","10","06","09:00"," ","12,70","","10,60","","87,00","","27,00","","17,00","","24,10","","100,30","","","","","","Généralement dégagé"
"2009-10-06 10:00","2009","10","06","10:00"," ","13,10","","10,30","","83,00","","26,00","","24,00","","24,10","","100,29","","","","","","Généralement dégagé"
"2009-10-06 11:00","2009","10","06","11:00"," ","13,20","","10,40","","83,00","","27,00","","28,00","","24,10","","100,28","","","","","","Généralement dégagé"
"2009-10-06 12:00","2009","10","06","12:00"," ","13,80","","10,30","","79,00","","27,00","","32,00","","24,10","","100,27","","","","","","Généralement dégagé"
"2009-10-06 13:00","2009","10","06","13:00"," ","13,80","","10,00","","78,00","","27,00","","28,00","","24,10","","100,24","","","","","","Dégagé"
"2009-10-06 14:00","2009","10","06","14:00"," ","13,70","","9,90","","78,00","","26,00","","28,00","","24,10","","100,27","","","","","","Dégagé"
"2009-10-06 15:00","2009","10","06","15:00"," ","13,80","","10,30","","79,00","","27,00","","26,00","","24,10","","100,28","","","","","","Dégagé"
"2009-10-06 16:00","2009","10","06","16:00"," ","13,40","","10,20","","81,00","","27,00","","22,00","","24,10","","100,31","","","","","","Dégagé"
"2009-10-06 17:00","2009","10","06","17:00"," ","12,80","","10,50","","86,00","","27,00","","24,00","","24,10","","100,32","","","","","","Généralement dégagé"
"2009-10-06 18:00","2009","10","06","18:00"," ","11,90","","10,10","","89,00","","27,00","","20,00","","19,30","","100,36","","","","","","Généralement dégagé"
"2009-10-06 19:00","2009","10","06","19:00"," ","11,70","","10,20","","91,00","","26,00","","22,00","","19,30","","100,42","","","","","","Généralement dégagé"
"2009-10-06 20:00","2009","10","06","20:00"," ","11,70","","10,40","","92,00","","27,00","","24,00","","24,10","","100,46","","","","","","Généralement dégagé"
"2009-10-06 21:00","2009","10","06","21:00"," ","11,70","","10,40","","92,00","","26,00","","17,00","","24,10","","100,51","","","","","","Dégagé"
"2009-10-06 22:00","2009","10","06","22:00"," ","11,40","","10,40","","94,00","","26,00","","11,00","","24,10","","100,50","","","","","","Généralement dégagé"
"2009-10-06 23:00","2009","10","06","23:00"," ","11,40","","10,30","","93,00","","27,00","","11,00","","19,30","","100,49","","","","","","Généralement dégagé"
"2009-10-07 00:00","2009","10","07","00:00"," ","11,20","","10,30","","94,00","","27,00","","11,00","","24,10","","100,50","","","","","","Généralement dégagé"
"2009-10-07 01:00","2009","10","07","01:00"," ","10,90","","9,90","","94,00","","25,00","","9,00","","24,10","","100,46","","","","","","Généralement dégagé"
"2009-10-07 02:00","2009","10","07","02:00"," ","10,10","","9,50","","96,00","","25,00","","6,00","","24,10","","100,40","","","","","","Généralement dégagé"
"2009-10-07 03:00","2009","10","07","03:00"," ","11,00","","10,50","","97,00","","22,00","","9,00","","19,30","","100,35","","","","","","Nuageux"
"2009-10-07 04:00","2009","10","07","04:00"," ","10,60","","10,10","","97,00","","22,00","","9,00","","19,30","","100,32","","","","","","Nuageux"
"2009-10-07 05:00","2009","10","07","05:00"," ","9,20","","9,20","","100,00","","20,00","","7,00","","19,30","","100,28","","","","","","Nuageux"
"2009-10-07 06:00","2009","10","07","06:00"," ","8,40","","8,40","","100,00","","16,00","","7,00","","16,10","","100,24","","","","","","Nuageux"
"2009-10-07 07:00","2009","10","07","07:00"," ","9,70","","9,70","","100,00","","18,00","","7,00","","16,10","","100,21","","","","","","Nuageux"
"2009-10-07 08:00","2009","10","07","08:00"," ","11,10","","11,00","","99,00","","16,00","","9,00","","24,10","","100,08","","","","","","Nuageux"
"2009-10-07 09:00","2009","10","07","09:00"," ","12,20","","11,90","","98,00","","14,00","","9,00","","19,30","","99,91","","","","","","Pluie"
"2009-10-07 10:00","2009","10","07","10:00"," ","12,50","","12,10","","97,00","","15,00","","13,00","","9,70","","99,82","","","","","","Pluie,Brouillard"
"2009-10-07 11:00","2009","10","07","11:00"," ","11,70","","10,40","","92,00","","14,00","","19,00","","6,40","","99,74","","","","","","Pluie modérée,Brouillard"
"2009-10-07 12:00","2009","10","07","12:00"," ","11,30","","10,30","","94,00","","16,00","","17,00","","6,40","","99,45","","","","","","Pluie modérée,Brouillard"
"2009-10-07 13:00","2009","10","07","13:00"," ","11,50","","11,30","","99,00","","13,00","","28,00","","3,20","","99,25","","","","","","Pluie forte,Brouillard"
"2009-10-07 14:00","2009","10","07","14:00"," ","11,80","","11,80","","100,00","","13,00","","19,00","","3,20","","98,92","","","","","","Pluie forte,Brouillard"
"2009-10-07 15:00","2009","10","07","15:00"," ","11,70","","11,70","","100,00","","13,00","","11,00","","6,40","","98,68","","","","","","Pluie,Brouillard"
"2009-10-07 16:00","2009","10","07","16:00"," ","12,80","","12,80","","100,00","","11,00","","6,00","","9,70","","98,49","","","","","","Pluie,Brouillard"
"2009-10-07 17:00","2009","10","07","17:00"," ","13,60","","13,60","","100,00","","17,00","","7,00","","19,30","","98,38","","","","","","Nuageux"
"2009-10-07 18:00","2009","10","07","18:00"," ","13,60","","13,50","","99,00","","25,00","","24,00","","9,70","","98,39","","","","","","Brouillard"
"2009-10-07 19:00","2009","10","07","19:00"," ","12,80","","12,30","","97,00","","25,00","","28,00","","14,50","","98,40","","","","","","Nuageux"
"2009-10-07 20:00","2009","10","07","20:00"," ","12,80","","12,20","","96,00","","25,00","","22,00","","16,10","","98,39","","","","","","Nuageux"
"2009-10-07 21:00","2009","10","07","21:00"," ","12,10","","11,20","","94,00","","26,00","","26,00","","16,10","","98,40","","","","","","Nuageux"
"2009-10-07 22:00","2009","10","07","22:00"," ","11,30","","10,10","","92,00","","28,00","","39,00","","12,90","","98,41","","","","","","Averses de pluie"
"2009-10-07 23:00","2009","10","07","23:00"," ","10,90","","9,50","","91,00","","29,00","","43,00","","16,10","","98,44","","","","","","Nuageux"
"2009-10-08 00:00","2009","10","08","00:00"," ","10,50","","9,40","","93,00","","31,00","","41,00","","16,10","","98,53","","","","","","Averses de pluie"
"2009-10-08 01:00","2009","10","08","01:00"," ","10,10","","8,40","","89,00","","30,00","","44,00","","19,30","","98,65","","","","","","Nuageux"
"2009-10-08 02:00","2009","10","08","02:00"," ","10,20","","8,60","","90,00","","31,00","","37,00","","19,30","","98,81","","","","","","Nuageux"
"2009-10-08 03:00","2009","10","08","03:00"," ","9,70","","8,30","","91,00","","32,00","","46,00","","19,30","","99,01","","","","","","Nuageux"
"2009-10-08 04:00","2009","10","08","04:00"," ","9,40","","7,90","","90,00","","31,00","","33,00","","19,30","","99,07","","","","","","Nuageux"
"2009-10-08 05:00","2009","10","08","05:00"," ","9,10","","6,80","","86,00","","32,00","","33,00","","19,30","","99,16","","","","","","Nuageux"
"2009-10-08 06:00","2009","10","08","06:00"," ","9,70","","7,90","","89,00","","33,00","","32,00","","24,10","","99,29","","","","","","Averses de pluie"
"2009-10-08 07:00","2009","10","08","07:00"," ","9,90","","7,90","","87,00","","32,00","","43,00","","24,10","","99,48","","","","","","Nuageux"
"2009-10-08 08:00","2009","10","08","08:00"," ","10,10","","7,90","","86,00","","34,00","","28,00","","24,10","","99,62","","","","","","Nuageux"
"2009-10-08 09:00","2009","10","08","09:00"," ","10,00","","7,50","","84,00","","33,00","","39,00","","24,10","","99,78","","","","","","Nuageux"
"2009-10-08 10:00","2009","10","08","10:00"," ","10,50","","7,40","","81,00","","34,00","","33,00","","24,10","","99,87","","","","","","Nuageux"
"2009-10-08 11:00","2009","10","08","11:00"," ","10,60","","7,80","","83,00","","33,00","","30,00","","24,10","","99,97","","","","","","Nuageux"
"2009-10-08 12:00","2009","10","08","12:00"," ","10,70","","7,70","","82,00","","33,00","","26,00","","24,10","","100,09","","","","","","Nuageux"
"2009-10-08 13:00","2009","10","08","13:00"," ","10,90","","7,60","","80,00","","33,00","","30,00","","24,10","","100,13","","","","","","Nuageux"
"2009-10-08 14:00","2009","10","08","14:00"," ","10,90","","7,10","","77,00","","34,00","","30,00","","24,10","","100,23","","","","","","Nuageux"
"2009-10-08 15:00","2009","10","08","15:00"," ","10,80","","6,30","","74,00","","34,00","","30,00","","24,10","","100,32","","","","","","Nuageux"
"2009-10-08 16:00","2009","10","08","16:00"," ","10,60","","6,60","","76,00","","33,00","","32,00","","24,10","","100,35","","","","","","Nuageux"
"2009-10-08 17:00","2009","10","08","17:00"," ","10,80","","6,50","","75,00","","33,00","","24,00","","24,10","","100,49","","","","","","Généralement nuageux"
"2009-10-08 18:00","2009","10","08","18:00"," ","10,50","","6,30","","75,00","","33,00","","30,00","","24,10","","100,66","","","","","","Nuageux"
"2009-10-08 19:00","2009","10","08","19:00"," ","10,50","","6,90","","78,00","","33,00","","32,00","","24,10","","100,76","","","","","","Nuageux"
"2009-10-08 20:00","2009","10","08","20:00"," ","10,60","","6,90","","78,00","","33,00","","26,00","","24,10","","100,77","","","","","","Nuageux"
"2009-10-08 21:00","2009","10","08","21:00"," ","10,40","","6,50","","77,00","","35,00","","30,00","","24,10","","100,80","","","","","","Nuageux"
"2009-10-08 22:00","2009","10","08","22:00"," ","9,20","","6,50","","83,00","","35,00","","20,00","","24,10","","100,81","","","","","","Généralement nuageux"
"2009-10-08 23:00","2009","10","08","23:00"," ","7,70","","6,20","","90,00","","32,00","","6,00","","24,10","","100,84","","","","","","Généralement dégagé"
"2009-10-09 00:00","2009","10","09","00:00"," ","8,00","","6,60","","91,00","","31,00","","11,00","","24,10","","100,96","","","","","","Généralement dégagé"
"2009-10-09 01:00","2009","10","09","01:00"," ","8,70","","7,20","","90,00","","32,00","","17,00","","24,10","","100,95","","","","","","Généralement dégagé"
"2009-10-09 02:00","2009","10","09","02:00"," ","8,60","","7,10","","90,00","","32,00","","15,00","","24,10","","100,95","","","","","","Généralement dégagé"
"2009-10-09 03:00","2009","10","09","03:00"," ","8,90","","6,80","","87,00","","32,00","","13,00","","24,10","","100,97","","","","","","Généralement dégagé"
"2009-10-09 04:00","2009","10","09","04:00"," ","8,10","","6,60","","90,00","","31,00","","11,00","","24,10","","100,94","","","","","","Généralement dégagé"
"2009-10-09 05:00","2009","10","09","05:00"," ","6,90","","5,90","","93,00","","35,00","","6,00","","24,10","","100,96","","","","","","Généralement dégagé"
"2009-10-09 06:00","2009","10","09","06:00"," ","7,20","","6,30","","94,00","","32,00","","6,00","","24,10","","101,01","","","","","","Généralement nuageux"
"2009-10-09 07:00","2009","10","09","07:00"," ","8,30","","7,00","","92,00","","29,00","","6,00","","24,10","","101,04","","","","","","Nuageux"
"2009-10-09 08:00","2009","10","09","08:00"," ","9,90","","7,90","","87,00","","30,00","","6,00","","24,10","","101,12","","","","","","Nuageux"
"2009-10-09 09:00","2009","10","09","09:00"," ","11,10","","8,80","","86,00","","31,00","","11,00","","24,10","","101,14","","","","","","Nuageux"
"2009-10-09 10:00","2009","10","09","10:00"," ","11,70","","8,40","","80,00","","28,00","","11,00","","24,10","","101,07","","","","","","Nuageux"
"2009-10-09 11:00","2009","10","09","11:00"," ","12,20","","9,20","","82,00","","27,00","","7,00","","24,10","","101,10","","","","","","Nuageux"
"2009-10-09 12:00","2009","10","09","12:00"," ","12,60","","8,50","","76,00","","27,00","","6,00","","24,10","","100,97","","","","","","Nuageux"
"2009-10-09 13:00","2009","10","09","13:00"," ","12,30","","8,50","","78,00","","25,00","","19,00","","24,10","","100,98","","","","","","Nuageux"
"2009-10-09 14:00","2009","10","09","14:00"," ","12,80","","7,80","","72,00","","24,00","","11,00","","24,10","","100,86","","","","","","Nuageux"
"2009-10-09 15:00","2009","10","09","15:00"," ","12,30","","7,70","","73,00","","23,00","","11,00","","24,10","","100,85","","","","","","Nuageux"
"2009-10-09 16:00","2009","10","09","16:00"," ","11,90","","8,40","","79,00","","20,00","","7,00","","24,10","","100,86","","","","","","Nuageux"
"2009-10-09 17:00","2009","10","09","17:00"," ","11,60","","8,60","","82,00","","20,00","","11,00","","24,10","","100,81","","","","","","Nuageux"
"2009-10-09 18:00","2009","10","09","18:00"," ","11,00","","8,90","","87,00","","19,00","","11,00","","24,10","","100,85","","","","","","Nuageux"
"2009-10-09 19:00","2009","10","09","19:00"," ","11,00","","9,70","","92,00","","18,00","","7,00","","24,10","","100,85","","","","","","Nuageux"
"2009-10-09 20:00","2009","10","09","20:00"," ","11,10","","10,00","","93,00","","17,00","","9,00","","24,10","","100,79","","","","","","Nuageux"
"2009-10-09 21:00","2009","10","09","21:00"," ","11,00","","10,20","","95,00","","16,00","","9,00","","24,10","","100,72","","","","","","Nuageux"
"2009-10-09 22:00","2009","10","09","22:00"," ","11,60","","10,40","","92,00","","18,00","","9,00","","24,10","","100,63","","","","","","Nuageux"
"2009-10-09 23:00","2009","10","09","23:00"," ","11,70","","11,10","","96,00","","18,00","","26,00","","19,30","","100,50","","","","","","Nuageux"
"2009-10-10 00:00","2009","10","10","00:00"," ","11,20","","11,00","","99,00","","19,00","","22,00","","19,30","","100,40","","","","","","Averses de pluie"
"2009-10-10 01:00","2009","10","10","01:00"," ","10,90","","10,30","","96,00","","15,00","","19,00","","19,30","","100,34","","","","","","Nuageux"
"2009-10-10 02:00","2009","10","10","02:00"," ","11,10","","10,10","","94,00","","15,00","","24,00","","24,10","","100,11","","","","","","Nuageux"
"2009-10-10 03:00","2009","10","10","03:00"," ","11,60","","9,80","","89,00","","15,00","","15,00","","24,10","","100,00","","","","","","Nuageux"
"2009-10-10 04:00","2009","10","10","04:00"," ","12,00","","10,40","","90,00","","14,00","","15,00","","19,30","","99,89","","","","","","Averses de pluie"
"2009-10-10 05:00","2009","10","10","05:00"," ","12,10","","12,10","","100,00","","14,00","","13,00","","4,80","","99,74","","","","","","Pluie,Brouillard"
"2009-10-10 06:00","2009","10","10","06:00"," ","12,90","","12,90","","100,00","","14,00","","15,00","","4,80","","99,63","","","","","","Pluie,Brouillard"
"2009-10-10 07:00","2009","10","10","07:00"," ","13,60","","13,60","","100,00","","18,00","","9,00","","1,60","","99,58","","","","","","Pluie,Brouillard"
"2009-10-10 08:00","2009","10","10","08:00"," ","13,60","","13,60","","100,00","","23,00","","15,00","","3,20","","99,56","","","","","","Pluie,Brouillard"
"2009-10-10 09:00","2009","10","10","09:00"," ","13,50","","13,50","","100,00","","25,00","","15,00","","0,60","","99,54","","","","","","Brouillard"
"2009-10-10 10:00","2009","10","10","10:00"," ","13,40","","13,40","","100,00","","26,00","","15,00","","0,20","","99,47","","","","","","Brouillard"
"2009-10-10 11:00","2009","10","10","11:00"," ","13,10","","13,10","","100,00","","28,00","","22,00","","0,40","","99,51","","","","","","Brouillard"
"2009-10-10 12:00","2009","10","10","12:00"," ","12,40","","12,40","","100,00","","30,00","","24,00","","0,80","","99,60","","","","","","Brouillard"
"2009-10-10 13:00","2009","10","10","13:00"," ","11,70","","11,70","","100,00","","31,00","","28,00","","4,80","","99,64","","","","","","Brouillard"
"2009-10-10 14:00","2009","10","10","14:00"," ","12,00","","12,00","","100,00","","31,00","","24,00","","12,90","","99,71","","","","","","Nuageux"
"2009-10-10 15:00","2009","10","10","15:00"," ","13,50","","11,80","","89,00","","31,00","","28,00","","19,30","","99,78","","","","","","Généralement nuageux"
"2009-10-10 16:00","2009","10","10","16:00"," ","12,90","","11,20","","89,00","","31,00","","24,00","","24,10","","99,89","","","","","","Généralement nuageux"
"2009-10-10 17:00","2009","10","10","17:00"," ","12,40","","10,40","","88,00","","31,00","","24,00","","24,10","","100,05","","","","","","Généralement nuageux"
"2009-10-10 18:00","2009","10","10","18:00"," ","12,00","","10,00","","88,00","","31,00","","26,00","","24,10","","100,16","","","","","","Généralement nuageux"
"2009-10-10 19:00","2009","10","10","19:00"," ","9,60","","6,80","","83,00","","33,00","","39,00","","24,10","","100,40","","","","","","Généralement dégagé"
"2009-10-10 20:00","2009","10","10","20:00"," ","8,80","","4,70","","75,00","","33,00","","32,00","","24,10","","100,55","","","","","","Généralement dégagé"
"2009-10-10 21:00","2009","10","10","21:00"," ","8,50","","2,80","","67,00","","33,00","","32,00","","24,10","","100,69","","","","","","Généralement dégagé"
"2009-10-10 22:00","2009","10","10","22:00"," ","8,20","","2,10","","65,00","","34,00","","32,00","","24,10","","100,77","","","","","","Généralement nuageux"
"2009-10-10 23:00","2009","10","10","23:00"," ","7,90","","1,80","","65,00","","33,00","","26,00","","24,10","","100,83","","","","","","Généralement dégagé"
"2009-10-11 00:00","2009","10","11","00:00"," ","7,70","","1,50","","65,00","","34,00","","22,00","","24,10","","100,89","","","","","","Dégagé"
"2009-10-11 01:00","2009","10","11","01:00"," ","7,50","","1,30","","65,00","","33,00","","24,00","","24,10","","100,92","","","","","","Dégagé"
"2009-10-11 02:00","2009","10","11","02:00"," ","6,80","","1,60","","69,00","","35,00","","19,00","","24,10","","100,97","","","","","","Dégagé"
"2009-10-11 03:00","2009","10","11","03:00"," ","6,60","","2,70","","76,00","","33,00","","22,00","","24,10","","101,06","","","","","","Généralement dégagé"
"2009-10-11 04:00","2009","10","11","04:00"," ","5,80","","2,40","","79,00","","32,00","","13,00","","24,10","","101,16","","","","","","Généralement dégagé"
"2009-10-11 05:00","2009","10","11","05:00"," ","5,30","","1,70","","78,00","","32,00","","11,00","","24,10","","101,23","","","","","","Dégagé"
"2009-10-11 06:00","2009","10","11","06:00"," ","4,60","","0,90","","77,00","","33,00","","9,00","","24,10","","101,32","","","","","","Dégagé"
"2009-10-11 07:00","2009","10","11","07:00"," ","3,40","","0,50","","81,00","","0,00","","0,00","","24,10","","101,33","","","","","","Dégagé"
"2009-10-11 08:00","2009","10","11","08:00"," ","7,60","","1,50","","65,00","","0,00","","0,00","","24,10","","101,36","","","","","","Généralement dégagé"
"2009-10-11 09:00","2009","10","11","09:00"," ","8,80","","1,10","","58,00","","25,00","","11,00","","24,10","","101,34","","","","","","Généralement dégagé"
"2009-10-11 10:00","2009","10","11","10:00"," ","9,60","","2,00","","59,00","","22,00","","19,00","","24,10","","101,36","","","","","","Généralement nuageux"
"2009-10-11 11:00","2009","10","11","11:00"," ","9,80","","2,10","","59,00","","25,00","","20,00","","24,10","","101,38","","","","","","Nuageux"
"2009-10-11 12:00","2009","10","11","12:00"," ","10,60","","3,30","","61,00","","24,00","","19,00","","24,10","","101,31","","","","","","Généralement nuageux"
"2009-10-11 13:00","2009","10","11","13:00"," ","10,90","","3,30","","59,00","","23,00","","22,00","","24,10","","101,24","","","","","","Généralement nuageux"
"2009-10-11 14:00","2009","10","11","14:00"," ","11,70","","5,00","","63,00","","24,00","","22,00","","24,10","","101,16","","","","","","Généralement dégagé"
"2009-10-11 15:00","2009","10","11","15:00"," ","12,00","","5,40","","64,00","","24,00","","26,00","","24,10","","101,10","","","","","","Généralement dégagé"
"2009-10-11 16:00","2009","10","11","16:00"," ","11,70","","6,00","","68,00","","24,00","","24,00","","24,10","","101,06","","","","","","Généralement nuageux"
"2009-10-11 17:00","2009","10","11","17:00"," ","11,10","","6,90","","75,00","","24,00","","20,00","","24,10","","101,06","","","","","","Généralement nuageux"
"2009-10-11 18:00","2009","10","11","18:00"," ","11,10","","7,40","","78,00","","26,00","","24,00","","24,10","","101,03","","","","","","Généralement dégagé"
"2009-10-11 19:00","2009","10","11","19:00"," ","10,80","","7,70","","81,00","","26,00","","28,00","","24,10","","101,06","","","","","","Généralement dégagé"
"2009-10-11 20:00","2009","10","11","20:00"," ","11,10","","7,60","","79,00","","26,00","","24,00","","24,10","","101,04","","","","","","Généralement nuageux"
"2009-10-11 21:00","2009","10","11","21:00"," ","10,30","","3,00","","61,00","","30,00","","30,00","","24,10","","101,10","","","","","","Généralement dégagé"
"2009-10-11 22:00","2009","10","11","22:00"," ","9,70","","-1,20","","47,00","","31,00","","43,00","","24,10","","101,20","","","","","","Généralement nuageux"
"2009-10-11 23:00","2009","10","11","23:00"," ","9,10","","-3,60","","41,00","","30,00","","37,00","","24,10","","101,23","","","","","","Généralement dégagé"
"2009-10-12 00:00","2009","10","12","00:00"," ","8,70","","-2,90","","44,00","","30,00","","43,00","","24,10","","101,30","","","","","","Généralement dégagé"
"2009-10-12 01:00","2009","10","12","01:00"," ","8,20","","-2,50","","47,00","","32,00","","33,00","","24,10","","101,36","","","","","","Dégagé"
"2009-10-12 02:00","2009","10","12","02:00"," ","7,60","","-1,90","","51,00","","31,00","","39,00","","24,10","","101,45","","","","","","Généralement dégagé"
"2009-10-12 03:00","2009","10","12","03:00"," ","7,40","","-1,80","","52,00","","33,00","","22,00","","24,10","","101,51","","","","","","Généralement nuageux"
"2009-10-12 04:00","2009","10","12","04:00"," ","7,00","","-1,80","","53,00","","31,00","","26,00","","24,10","","101,57","","","","","","Généralement nuageux"
"2009-10-12 05:00","2009","10","12","05:00"," ","6,40","","-1,50","","57,00","","32,00","","32,00","","24,10","","101,66","","","","","","Généralement dégagé"
"2009-10-12 06:00","2009","10","12","06:00"," ","6,10","","-1,10","","60,00","","33,00","","19,00","","24,10","","101,73","","","","","","Dégagé"
"2009-10-12 07:00","2009","10","12","07:00"," ","6,30","","-1,10","","59,00","","33,00","","19,00","","24,10","","101,81","","","","","","Dégagé"
"2009-10-12 08:00","2009","10","12","08:00"," ","7,30","","-0,50","","58,00","","33,00","","22,00","","24,10","","101,90","","","","","","Dégagé"
"2009-10-12 09:00","2009","10","12","09:00"," ","7,90","","0,60","","60,00","","31,00","","20,00","","24,10","","101,99","","","","","","Généralement dégagé"
"2009-10-12 10:00","2009","10","12","10:00"," ","8,00","","0,20","","58,00","","33,00","","24,00","","24,10","","101,95","","","","","","Généralement dégagé"
"2009-10-12 11:00","2009","10","12","11:00"," ","8,70","","0,70","","57,00","","34,00","","24,00","","24,10","","101,93","","","","","","Généralement dégagé"
"2009-10-12 12:00","2009","10","12","12:00"," ","8,50","","0,10","","55,00","","31,00","","26,00","","24,10","","101,91","","","","","","Généralement dégagé"
"2009-10-12 13:00","2009","10","12","13:00"," ","8,80","","0,30","","55,00","","32,00","","24,00","","24,10","","101,87","","","","","","Dégagé"
"2009-10-12 14:00","2009","10","12","14:00"," ","8,50","","0,10","","55,00","","31,00","","26,00","","24,10","","101,92","","","","","","Généralement dégagé"
"2009-10-12 15:00","2009","10","12","15:00"," ","8,30","","0,70","","59,00","","29,00","","30,00","","24,10","","101,90","","","","","","Généralement dégagé"
"2009-10-12 16:00","2009","10","12","16:00"," ","7,90","","0,00","","57,00","","30,00","","22,00","","24,10","","101,93","","","","","","Généralement dégagé"
"2009-10-12 17:00","2009","10","12","17:00"," ","8,10","","0,60","","59,00","","28,00","","17,00","","24,10","","101,96","","","","","","Généralement dégagé"
"2009-10-12 18:00","2009","10","12","18:00"," ","7,30","","1,20","","65,00","","28,00","","11,00","","24,10","","101,90","","","","","","Généralement dégagé"
"2009-10-12 19:00","2009","10","12","19:00"," ","7,70","","1,80","","66,00","","28,00","","22,00","","24,10","","101,94","","","","","","Généralement dégagé"
"2009-10-12 20:00","2009","10","12","20:00"," ","7,90","","1,80","","65,00","","29,00","","19,00","","24,10","","101,96","","","","","","Dégagé"
"2009-10-12 21:00","2009","10","12","21:00"," ","8,20","","2,80","","69,00","","29,00","","17,00","","24,10","","101,96","","","","","","Généralement nuageux"
"2009-10-12 22:00","2009","10","12","22:00"," ","8,20","","3,20","","71,00","","28,00","","15,00","","24,10","","101,92","","","","","","Nuageux"
"2009-10-12 23:00","2009","10","12","23:00"," ","7,80","","3,30","","73,00","","27,00","","13,00","","24,10","","101,90","","","","","","Nuageux"
"2009-10-13 00:00","2009","10","13","00:00"," ","7,40","","3,10","","74,00","","26,00","","11,00","","24,10","","101,85","","","","","","Nuageux"
"2009-10-13 01:00","2009","10","13","01:00"," ","8,00","","3,50","","73,00","","26,00","","13,00","","24,10","","101,86","","","","","","Généralement dégagé"
"2009-10-13 02:00","2009","10","13","02:00"," ","8,10","","3,90","","75,00","","26,00","","13,00","","24,10","","101,80","","","","","","Nuageux"
"2009-10-13 03:00","2009","10","13","03:00"," ","8,60","","4,10","","73,00","","23,00","","11,00","","24,10","","101,74","","","","","","Nuageux"
"2009-10-13 04:00","2009","10","13","04:00"," ","8,50","","3,70","","72,00","","23,00","","9,00","","24,10","","101,67","","","","","","Nuageux"
"2009-10-13 05:00","2009","10","13","05:00"," ","8,10","","3,40","","72,00","","21,00","","9,00","","24,10","","101,64","","","","","","Nuageux"
"2009-10-13 06:00","2009","10","13","06:00"," ","8,20","","3,40","","72,00","","19,00","","13,00","","24,10","","101,52","","","","","","Nuageux"
"2009-10-13 07:00","2009","10","13","07:00"," ","8,30","","4,40","","76,00","","19,00","","11,00","","24,10","","101,50","","","","","","Nuageux"
"2009-10-13 08:00","2009","10","13","08:00"," ","8,80","","3,20","","68,00","","18,00","","9,00","","24,10","","101,43","","","","","","Nuageux"
"2009-10-13 09:00","2009","10","13","09:00"," ","8,90","","2,50","","64,00","","21,00","","22,00","","24,10","","101,37","","","","","","Nuageux"
"2009-10-13 10:00","2009","10","13","10:00"," ","7,20","","5,40","","88,00","","23,00","","4,00","","16,10","","101,27","","","","","","Averses de pluie"
"2009-10-13 11:00","2009","10","13","11:00"," ","9,00","","4,70","","74,00","","18,00","","19,00","","24,10","","101,17","","","","","","Averses de pluie"
"2009-10-13 12:00","2009","10","13","12:00"," ","7,70","","4,00","","77,00","","20,00","","13,00","","19,30","","101,07","","","","","","Pluie"
"2009-10-13 13:00","2009","10","13","13:00"," ","7,80","","4,90","","82,00","","19,00","","15,00","","16,10","","100,88","","","","","","Pluie"
"2009-10-13 14:00","2009","10","13","14:00"," ","7,30","","5,80","","90,00","","14,00","","11,00","","19,30","","100,72","","","","","","Pluie"
"2009-10-13 15:00","2009","10","13","15:00"," ","7,10","","6,40","","95,00","","13,00","","9,00","","12,90","","100,59","","","","","","Pluie"
"2009-10-13 16:00","2009","10","13","16:00"," ","6,90","","6,90","","100,00","","13,00","","11,00","","12,90","","100,47","","","","","","Pluie"
"2009-10-13 17:00","2009","10","13","17:00"," ","6,70","","6,70","","100,00","","1,00","","6,00","","9,70","","100,41","","","","","","Pluie,Brouillard"
"2009-10-13 18:00","2009","10","13","18:00"," ","6,40","","6,40","","100,00","","0,00","","0,00","","12,90","","100,33","","","","","","Pluie"
"2009-10-13 19:00","2009","10","13","19:00"," ","6,10","","6,10","","100,00","","36,00","","9,00","","12,90","","100,29","","","","","","Pluie"
"2009-10-13 20:00","2009","10","13","20:00"," ","5,60","","5,50","","99,00","","35,00","","22,00","","16,10","","100,30","","","","","","Pluie"
"2009-10-13 21:00","2009","10","13","21:00"," ","5,00","","4,60","","97,00","","35,00","","22,00","","19,30","","100,31","","","","","","Pluie"
"2009-10-13 22:00","2009","10","13","22:00"," ","4,50","","3,70","","95,00","","35,00","","32,00","","19,30","","100,40","","","","","","Pluie"
"2009-10-13 23:00","2009","10","13","23:00"," ","3,90","","3,10","","95,00","","35,00","","37,00","","24,10","","100,47","","","","","","Pluie"
"2009-10-14 00:00","2009","10","14","00:00"," ","3,70","","2,80","","94,00","","35,00","","35,00","","24,10","","100,52","","","","","","Nuageux"
"2009-10-14 01:00","2009","10","14","01:00"," ","3,20","","2,10","","92,00","","35,00","","30,00","","24,10","","100,61","","","","","","Généralement nuageux"
"2009-10-14 02:00","2009","10","14","02:00"," ","3,80","","1,80","","87,00","","35,00","","24,00","","24,10","","100,67","","","","","","Généralement dégagé"
"2009-10-14 03:00","2009","10","14","03:00"," ","3,70","","1,20","","84,00","","35,00","","24,00","","24,10","","100,68","","","","","","Généralement dégagé"
"2009-10-14 04:00","2009","10","14","04:00"," ","3,80","","1,60","","86,00","","35,00","","22,00","","24,10","","100,74","","","","","","Généralement dégagé"
"2009-10-14 05:00","2009","10","14","05:00"," ","3,30","","0,90","","84,00","","35,00","","19,00","","24,10","","100,83","","","","","","Généralement dégagé"
"2009-10-14 06:00","2009","10","14","06:00"," ","3,30","","1,00","","85,00","","35,00","","19,00","","24,10","","100,90","","","","","","Généralement dégagé"
"2009-10-14 07:00","2009","10","14","07:00"," ","4,00","","0,90","","80,00","","34,00","","17,00","","24,10","","101,01","","","","","","Généralement dégagé"
"2009-10-14 08:00","2009","10","14","08:00"," ","5,00","","0,20","","71,00","","35,00","","24,00","","24,10","","101,04","","","","","","Généralement dégagé"
"2009-10-14 09:00","2009","10","14","09:00"," ","5,60","","-0,10","","67,00","","33,00","","28,00","","24,10","","101,09","","","","","","Généralement dégagé"
"2009-10-14 10:00","2009","10","14","10:00"," ","5,90","","1,50","","73,00","","32,00","","24,00","","24,10","","101,14","","","","","","Généralement dégagé"
"2009-10-14 11:00","2009","10","14","11:00"," ","6,20","","1,20","","70,00","","35,00","","30,00","","24,10","","101,14","","","","","","Généralement nuageux"
"2009-10-14 12:00","2009","10","14","12:00"," ","7,10","","0,50","","63,00","","33,00","","24,00","","24,10","","101,14","","","","","","Généralement nuageux"
"2009-10-14 13:00","2009","10","14","13:00"," ","7,00","","0,30","","62,00","","32,00","","26,00","","24,10","","101,09","","","","","","Généralement dégagé"
"2009-10-14 14:00","2009","10","14","14:00"," ","6,90","","0,10","","62,00","","32,00","","22,00","","24,10","","101,07","","","","","","Généralement nuageux"
"2009-10-14 15:00","2009","10","14","15:00"," ","6,90","","-1,10","","57,00","","35,00","","30,00","","24,10","","101,09","","","","","","Généralement dégagé"
"2009-10-14 16:00","2009","10","14","16:00"," ","6,10","","-1,10","","60,00","","32,00","","28,00","","24,10","","101,14","","","","","","Généralement dégagé"
"2009-10-14 17:00","2009","10","14","17:00"," ","5,80","","-0,90","","62,00","","35,00","","22,00","","24,10","","101,16","","","","","","Averses de pluie"
"2009-10-14 18:00","2009","10","14","18:00"," ","5,40","","-2,00","","59,00","","32,00","","17,00","","24,10","","101,26","","","","","","Nuageux"
"2009-10-14 19:00","2009","10","14","19:00"," ","6,20","","-1,80","","56,00","","33,00","","13,00","","24,10","","101,31","","","","","","Nuageux"
"2009-10-14 20:00","2009","10","14","20:00"," ","6,20","","-2,90","","52,00","","32,00","","19,00","","24,10","","101,28","","","","","","Nuageux"
"2009-10-14 21:00","2009","10","14","21:00"," ","6,00","","-3,80","","49,00","","33,00","","20,00","","24,10","","101,31","","","","","","Nuageux"
"2009-10-14 22:00","2009","10","14","22:00"," ","5,80","","-2,60","","55,00","","33,00","","17,00","","24,10","","101,31","","","","","","Nuageux"
"2009-10-14 23:00","2009","10","14","23:00"," ","5,10","","-1,80","","61,00","","32,00","","22,00","","24,10","","101,31","","","","","","Nuageux"
"2009-10-15 00:00","2009","10","15","00:00"," ","4,10","","-1,90","","65,00","","32,00","","13,00","","24,10","","101,30","","","","","","Généralement dégagé"
"2009-10-15 01:00","2009","10","15","01:00"," ","4,00","","-1,40","","68,00","","33,00","","9,00","","24,10","","101,32","","","","","","Généralement nuageux"
"2009-10-15 02:00","2009","10","15","02:00"," ","3,60","","-0,20","","76,00","","34,00","","4,00","","24,10","","101,33","","","","","","Généralement nuageux"
"2009-10-15 03:00","2009","10","15","03:00"," ","4,50","","-2,00","","63,00","","32,00","","20,00","","24,10","","101,34","","","","","","Nuageux"
"2009-10-15 04:00","2009","10","15","04:00"," ","4,40","","-2,00","","63,00","","31,00","","15,00","","24,10","","101,32","","","","","","Généralement nuageux"
"2009-10-15 05:00","2009","10","15","05:00"," ","4,10","","-2,70","","61,00","","32,00","","11,00","","24,10","","101,32","","","","","","Nuageux"
"2009-10-15 06:00","2009","10","15","06:00"," ","4,20","","-4,10","","55,00","","29,00","","17,00","","24,10","","101,35","","","","","","Généralement nuageux"
"2009-10-15 07:00","2009","10","15","07:00"," ","4,10","","-2,70","","61,00","","31,00","","15,00","","24,10","","101,40","","","","","","Nuageux"
"2009-10-15 08:00","2009","10","15","08:00"," ","4,30","","-2,50","","61,00","","30,00","","19,00","","24,10","","101,44","","","","","","Nuageux"
"2009-10-15 09:00","2009","10","15","09:00"," ","4,40","","-2,60","","60,00","","32,00","","22,00","","24,10","","101,49","","","","","","Nuageux"
"2009-10-15 10:00","2009","10","15","10:00"," ","5,20","","-3,00","","55,00","","31,00","","22,00","","24,10","","101,47","","","","","","Nuageux"
"2009-10-15 11:00","2009","10","15","11:00"," ","5,50","","-2,10","","58,00","","31,00","","26,00","","24,10","","101,47","","","","","","Nuageux"
"2009-10-15 12:00","2009","10","15","12:00"," ","4,90","","-2,70","","58,00","","32,00","","9,00","","24,10","","101,44","","","","","","Nuageux"
"2009-10-15 13:00","2009","10","15","13:00"," ","6,10","","-3,40","","51,00","","30,00","","20,00","","24,10","","101,41","","","","","","Nuageux"
"2009-10-15 14:00","2009","10","15","14:00"," ","5,30","","-2,60","","57,00","","28,00","","22,00","","24,10","","101,41","","","","","","Nuageux"
"2009-10-15 15:00","2009","10","15","15:00"," ","4,80","","-4,00","","53,00","","29,00","","9,00","","24,10","","101,41","","","","","","Nuageux"
"2009-10-15 16:00","2009","10","15","16:00"," ","4,30","","-3,60","","56,00","","32,00","","15,00","","24,10","","101,44","","","","","","Nuageux"
"2009-10-15 17:00","2009","10","15","17:00"," ","3,70","","-3,40","","60,00","","34,00","","9,00","","24,10","","101,42","","","","","","Nuageux"
"2009-10-15 18:00","2009","10","15","18:00"," ","2,90","","-3,10","","65,00","","36,00","","7,00","","24,10","","101,42","","","","","","Nuageux"
"2009-10-15 19:00","2009","10","15","19:00"," ","3,00","","-3,10","","64,00","","5,00","","4,00","","24,10","","101,48","","","","","","Nuageux"
"2009-10-15 20:00","2009","10","15","20:00"," ","2,60","","-2,50","","69,00","","7,00","","6,00","","24,10","","101,47","","","","","","Nuageux"
"2009-10-15 21:00","2009","10","15","21:00"," ","2,90","","-2,40","","68,00","","0,00","","0,00","","24,10","","101,53","","","","","","Nuageux"
"2009-10-15 22:00","2009","10","15","22:00"," ","2,30","","-0,80","","80,00","","6,00","","4,00","","24,10","","101,47","","","","","","Nuageux"
"2009-10-15 23:00","2009","10","15","23:00"," ","1,90","","-0,70","","83,00","","0,00","","0,00","","24,10","","101,51","","","","","","Nuageux"
"2009-10-16 00:00","2009","10","16","00:00"," ","2,20","","-0,70","","81,00","","5,00","","7,00","","24,10","","101,47","","","","","","Nuageux"
"2009-10-16 01:00","2009","10","16","01:00"," ","2,20","","-1,70","","75,00","","4,00","","7,00","","24,10","","101,44","","","","","","Nuageux"
"2009-10-16 02:00","2009","10","16","02:00"," ","2,20","","-0,90","","80,00","","4,00","","9,00","","24,10","","101,40","","","","","","Nuageux"
"2009-10-16 03:00","2009","10","16","03:00"," ","2,60","","-1,60","","74,00","","4,00","","15,00","","24,10","","101,20","","","","","","Nuageux"
"2009-10-16 04:00","2009","10","16","04:00"," ","3,30","","-2,40","","66,00","","5,00","","22,00","","24,10","","101,03","","","","","","Nuageux"
"2009-10-16 05:00","2009","10","16","05:00"," ","3,70","","-2,20","","65,00","","6,00","","22,00","","24,10","","101,03","","","","","","Nuageux"
"2009-10-16 06:00","2009","10","16","06:00"," ","3,80","","-2,40","","64,00","","7,00","","20,00","","24,10","","100,97","","","","","","Nuageux"
"2009-10-16 07:00","2009","10","16","07:00"," ","3,80","","-2,10","","65,00","","6,00","","22,00","","24,10","","100,90","","","","","","Nuageux"
"2009-10-16 08:00","2009","10","16","08:00"," ","4,00","","-1,60","","67,00","","7,00","","26,00","","19,30","","100,81","","","","","","Averses de pluie"
"2009-10-16 09:00","2009","10","16","09:00"," ","4,40","","0,40","","75,00","","5,00","","26,00","","19,30","","100,69","","","","","","Nuageux"
"2009-10-16 10:00","2009","10","16","10:00"," ","5,30","","0,70","","72,00","","6,00","","32,00","","24,10","","100,62","","","","","","Nuageux"
"2009-10-16 11:00","2009","10","16","11:00"," ","6,00","","0,80","","69,00","","6,00","","28,00","","24,10","","100,60","","","","","","Nuageux"
"2009-10-16 12:00","2009","10","16","12:00"," ","6,90","","0,40","","63,00","","5,00","","28,00","","24,10","","100,44","","","","","","Nuageux"
"2009-10-16 13:00","2009","10","16","13:00"," ","8,00","","0,90","","61,00","","6,00","","24,00","","24,10","","100,42","","","","","","Nuageux"
"2009-10-16 14:00","2009","10","16","14:00"," ","8,60","","1,30","","60,00","","3,00","","32,00","","24,10","","100,43","","","","","","Nuageux"
"2009-10-16 15:00","2009","10","16","15:00"," ","8,30","","0,70","","59,00","","3,00","","24,00","","24,10","","100,51","","","","","","Nuageux"
"2009-10-16 16:00","2009","10","16","16:00"," ","8,10","","0,70","","60,00","","4,00","","30,00","","24,10","","100,56","","","","","","Averses de pluie"
"2009-10-16 17:00","2009","10","16","17:00"," ","7,60","","0,00","","59,00","","3,00","","24,00","","24,10","","100,65","","","","","","Nuageux"
"2009-10-16 18:00","2009","10","16","18:00"," ","7,10","","0,00","","61,00","","1,00","","19,00","","24,10","","100,71","","","","","","Nuageux"
"2009-10-16 19:00","2009","10","16","19:00"," ","6,60","","1,30","","69,00","","3,00","","15,00","","24,10","","100,83","","","","","","Averses de pluie"
"2009-10-16 20:00","2009","10","16","20:00"," ","6,20","","0,60","","67,00","","1,00","","20,00","","24,10","","100,88","","","","","","Nuageux"
"2009-10-16 21:00","2009","10","16","21:00"," ","5,90","","1,60","","74,00","","2,00","","26,00","","24,10","","100,93","","","","","","Nuageux"
"2009-10-16 22:00","2009","10","16","22:00"," ","5,60","","1,90","","77,00","","1,00","","17,00","","24,10","","100,96","","","","","","Nuageux"
"2009-10-16 23:00","2009","10","16","23:00"," ","5,60","","1,90","","77,00","","2,00","","20,00","","24,10","","100,96","","","","","","Nuageux"
"2009-10-17 00:00","2009","10","17","00:00"," ","5,80","","2,10","","77,00","","2,00","","20,00","","24,10","","101,01","","","","","","Nuageux"
"2009-10-17 01:00","2009","10","17","01:00"," ","5,70","","2,90","","82,00","","36,00","","13,00","","24,10","","101,10","","","","","","Nuageux"
"2009-10-17 02:00","2009","10","17","02:00"," ","5,70","","3,60","","86,00","","36,00","","13,00","","24,10","","101,15","","","","","","Nuageux"
"2009-10-17 03:00","2009","10","17","03:00"," ","5,50","","3,90","","89,00","","1,00","","9,00","","24,10","","101,19","","","","","","Nuageux"
"2009-10-17 04:00","2009","10","17","04:00"," ","5,40","","4,40","","93,00","","35,00","","15,00","","24,10","","101,18","","","","","","Nuageux"
"2009-10-17 05:00","2009","10","17","05:00"," ","5,30","","4,50","","95,00","","35,00","","15,00","","24,10","","101,22","","","","","","Nuageux"
"2009-10-17 06:00","2009","10","17","06:00"," ","5,30","","4,50","","95,00","","1,00","","13,00","","24,10","","101,22","","","","","","Nuageux"
"2009-10-17 07:00","2009","10","17","07:00"," ","5,50","","4,40","","93,00","","2,00","","13,00","","24,10","","101,28","","","","","","Nuageux"
"2009-10-17 08:00","2009","10","17","08:00"," ","5,90","","4,40","","90,00","","4,00","","17,00","","24,10","","101,34","","","","","","Nuageux"
"2009-10-17 09:00","2009","10","17","09:00"," ","7,00","","4,20","","82,00","","6,00","","15,00","","24,10","","101,36","","","","","","Nuageux"
"2009-10-17 10:00","2009","10","17","10:00"," ","8,00","","3,90","","75,00","","6,00","","24,00","","24,10","","101,38","","","","","","Nuageux"
"2009-10-17 11:00","2009","10","17","11:00"," ","9,00","","3,70","","69,00","","6,00","","24,00","","24,10","","101,33","","","","","","Généralement nuageux"
"2009-10-17 12:00","2009","10","17","12:00"," ","9,20","","3,30","","67,00","","6,00","","17,00","","24,10","","101,40","","","","","","Nuageux"
"2009-10-17 13:00","2009","10","17","13:00"," ","10,50","","3,00","","60,00","","8,00","","19,00","","24,10","","101,36","","","","","","Généralement nuageux"
"2009-10-17 14:00","2009","10","17","14:00"," ","9,80","","2,70","","61,00","","5,00","","20,00","","24,10","","101,35","","","","","","Nuageux"
"2009-10-17 15:00","2009","10","17","15:00"," ","9,60","","2,70","","62,00","","5,00","","17,00","","24,10","","101,37","","","","","","Nuageux"
"2009-10-17 16:00","2009","10","17","16:00"," ","9,10","","2,80","","65,00","","5,00","","19,00","","24,10","","101,41","","","","","","Généralement nuageux"
"2009-10-17 17:00","2009","10","17","17:00"," ","8,50","","2,60","","66,00","","4,00","","15,00","","24,10","","101,45","","","","","","Généralement nuageux"
"2009-10-17 18:00","2009","10","17","18:00"," ","8,10","","3,00","","70,00","","4,00","","7,00","","24,10","","101,53","","","","","","Généralement nuageux"
"2009-10-17 19:00","2009","10","17","19:00"," ","7,00","","3,50","","78,00","","36,00","","13,00","","24,10","","101,55","","","","","","Généralement nuageux"
"2009-10-17 20:00","2009","10","17","20:00"," ","5,60","","3,30","","85,00","","36,00","","13,00","","24,10","","101,59","","","","","","Généralement nuageux"
"2009-10-17 21:00","2009","10","17","21:00"," ","5,40","","2,20","","80,00","","3,00","","13,00","","24,10","","101,70","","","","","","Généralement dégagé"
"2009-10-17 22:00","2009","10","17","22:00"," ","5,60","","2,40","","80,00","","5,00","","13,00","","24,10","","101,75","","","","","","Généralement nuageux"
"2009-10-17 23:00","2009","10","17","23:00"," ","5,50","","2,30","","80,00","","5,00","","19,00","","24,10","","101,71","","","","","","Nuageux"
"2009-10-18 00:00","2009","10","18","00:00"," ","5,50","","2,20","","79,00","","5,00","","17,00","","24,10","","101,73","","","","","","Nuageux"
"2009-10-18 01:00","2009","10","18","01:00"," ","5,30","","2,20","","80,00","","5,00","","17,00","","24,10","","101,75","","","","","","Nuageux"
"2009-10-18 02:00","2009","10","18","02:00"," ","5,10","","2,10","","81,00","","6,00","","19,00","","24,10","","101,73","","","","","","Nuageux"
"2009-10-18 03:00","2009","10","18","03:00"," ","4,80","","1,80","","81,00","","6,00","","24,00","","24,10","","101,73","","","","","","Nuageux"
"2009-10-18 04:00","2009","10","18","04:00"," ","4,50","","1,70","","82,00","","5,00","","19,00","","24,10","","101,68","","","","","","Nuageux"
"2009-10-18 05:00","2009","10","18","05:00"," ","3,70","","1,30","","84,00","","6,00","","24,00","","24,10","","101,74","","","","","","Généralement nuageux"
"2009-10-18 06:00","2009","10","18","06:00"," ","3,30","","1,10","","85,00","","7,00","","15,00","","24,10","","101,72","","","","","","Généralement nuageux"
"2009-10-18 07:00","2009","10","18","07:00"," ","3,70","","1,20","","84,00","","6,00","","17,00","","24,10","","101,79","","","","","","Nuageux"
"2009-10-18 08:00","2009","10","18","08:00"," ","4,50","","1,60","","81,00","","6,00","","19,00","","24,10","","101,78","","","","","","Nuageux"
"2009-10-18 09:00","2009","10","18","09:00"," ","5,70","","2,10","","78,00","","6,00","","20,00","","24,10","","101,77","","","","","","Nuageux"
"2009-10-18 10:00","2009","10","18","10:00"," ","6,60","","2,80","","77,00","","6,00","","19,00","","24,10","","101,79","","","","","","Nuageux"
"2009-10-18 11:00","2009","10","18","11:00"," ","7,30","","3,30","","76,00","","5,00","","22,00","","24,10","","101,65","","","","","","Nuageux"
"2009-10-18 12:00","2009","10","18","12:00"," ","7,70","","4,10","","78,00","","6,00","","22,00","","24,10","","101,59","","","","","","Pluie"
"2009-10-18 13:00","2009","10","18","13:00"," ","8,40","","3,70","","72,00","","6,00","","24,00","","24,10","","101,46","","","","","","Nuageux"
"2009-10-18 14:00","2009","10","18","14:00"," ","8,30","","3,60","","72,00","","6,00","","20,00","","24,10","","101,43","","","","","","Nuageux"
"2009-10-18 15:00","2009","10","18","15:00"," ","7,40","","5,10","","85,00","","4,00","","17,00","","16,10","","101,32","","","","","","Pluie"
"2009-10-18 16:00","2009","10","18","16:00"," ","6,60","","5,70","","94,00","","4,00","","28,00","","6,40","","101,17","","","","","","Pluie,Brouillard"
"2009-10-18 17:00","2009","10","18","17:00"," ","6,50","","5,60","","94,00","","4,00","","26,00","","9,70","","101,04","","","","","","Pluie,Brouillard"
"2009-10-18 18:00","2009","10","18","18:00"," ","6,20","","6,10","","99,00","","3,00","","26,00","","8,00","","100,92","","","","","","Pluie,Brouillard"
"2009-10-18 19:00","2009","10","18","19:00"," ","6,30","","6,30","","100,00","","2,00","","24,00","","9,70","","100,91","","","","","","Pluie modérée,Brouillard"
"2009-10-18 20:00","2009","10","18","20:00"," ","6,60","","6,60","","100,00","","3,00","","24,00","","4,80","","100,81","","","","","","Pluie,Brouillard"
"2009-10-18 21:00","2009","10","18","21:00"," ","6,90","","6,90","","100,00","","5,00","","24,00","","3,20","","100,67","","","","","","Pluie forte,Brouillard"
"2009-10-18 22:00","2009","10","18","22:00"," ","6,80","","6,70","","99,00","","4,00","","26,00","","9,70","","100,61","","","","","","Pluie,Brouillard"
"2009-10-18 23:00","2009","10","18","23:00"," ","6,70","","6,60","","99,00","","3,00","","28,00","","12,90","","100,51","","","","","","Pluie"
"2009-10-19 00:00","2009","10","19","00:00"," ","6,60","","6,50","","99,00","","4,00","","32,00","","12,90","","100,39","","","","","","Pluie"
"2009-10-19 01:00","2009","10","19","01:00"," ","6,50","","6,10","","97,00","","5,00","","35,00","","19,30","","100,23","","","","","","Nuageux"
"2009-10-19 02:00","2009","10","19","02:00"," ","6,60","","6,00","","96,00","","1,00","","24,00","","24,10","","100,23","","","","","","Nuageux"
"2009-10-19 03:00","2009","10","19","03:00"," ","6,70","","6,10","","96,00","","4,00","","30,00","","24,10","","100,11","","","","","","Nuageux"
"2009-10-19 04:00","2009","10","19","04:00"," ","6,90","","6,30","","96,00","","2,00","","19,00","","24,10","","100,16","","","","","","Nuageux"
"2009-10-19 05:00","2009","10","19","05:00"," ","7,00","","6,40","","96,00","","2,00","","19,00","","24,10","","100,21","","","","","","Nuageux"
"2009-10-19 06:00","2009","10","19","06:00"," ","6,90","","6,50","","97,00","","1,00","","17,00","","24,10","","100,26","","","","","","Nuageux"
"2009-10-19 07:00","2009","10","19","07:00"," ","6,50","","6,40","","99,00","","35,00","","19,00","","9,70","","100,34","","","","","","Bruine,Brouillard"
"2009-10-19 08:00","2009","10","19","08:00"," ","6,60","","6,50","","99,00","","36,00","","19,00","","4,80","","100,47","","","","","","Bruine,Brouillard"
"2009-10-19 09:00","2009","10","19","09:00"," ","6,90","","6,70","","99,00","","1,00","","24,00","","6,40","","100,53","","","","","","Bruine,Brouillard"
"2009-10-19 10:00","2009","10","19","10:00"," ","7,80","","6,80","","93,00","","1,00","","28,00","","19,30","","100,62","","","","","","Nuageux"
"2009-10-19 11:00","2009","10","19","11:00"," ","8,20","","7,70","","97,00","","1,00","","22,00","","16,10","","100,60","","","","","","Bruine"
"2009-10-19 12:00","2009","10","19","12:00"," ","7,70","","6,90","","95,00","","36,00","","30,00","","19,30","","100,64","","","","","","Bruine"
"2009-10-19 13:00","2009","10","19","13:00"," ","7,90","","6,90","","93,00","","36,00","","28,00","","16,10","","100,65","","","","","","Bruine"
"2009-10-19 14:00","2009","10","19","14:00"," ","8,70","","6,80","","88,00","","36,00","","32,00","","19,30","","100,70","","","","","","Bruine"
"2009-10-19 15:00","2009","10","19","15:00"," ","8,50","","6,60","","88,00","","36,00","","28,00","","19,30","","100,78","","","","","","Nuageux"
"2009-10-19 16:00","2009","10","19","16:00"," ","8,10","","6,50","","90,00","","36,00","","26,00","","19,30","","100,80","","","","","","Bruine"
"2009-10-19 17:00","2009","10","19","17:00"," ","8,20","","5,40","","82,00","","36,00","","24,00","","24,10","","100,92","","","","","","Nuageux"
"2009-10-19 18:00","2009","10","19","18:00"," ","7,40","","6,10","","91,00","","36,00","","20,00","","19,30","","100,97","","","","","","Averses de pluie"
"2009-10-19 19:00","2009","10","19","19:00"," ","6,90","","6,00","","94,00","","36,00","","20,00","","24,10","","101,07","","","","","","Nuageux"
"2009-10-19 20:00","2009","10","19","20:00"," ","6,50","","5,70","","95,00","","35,00","","9,00","","24,10","","101,11","","","","","","Nuageux"
"2009-10-19 21:00","2009","10","19","21:00"," ","6,30","","5,60","","95,00","","34,00","","9,00","","24,10","","101,17","","","","","","Nuageux"
"2009-10-19 22:00","2009","10","19","22:00"," ","6,50","","5,30","","92,00","","35,00","","13,00","","24,10","","101,21","","","","","","Nuageux"
"2009-10-19 23:00","2009","10","19","23:00"," ","6,00","","4,90","","93,00","","35,00","","11,00","","24,10","","101,20","","","","","","Généralement nuageux"
"2009-10-20 00:00","2009","10","20","00:00"," ","6,20","","4,30","","88,00","","36,00","","13,00","","24,10","","101,23","","","","","","Nuageux"
"2009-10-20 01:00","2009","10","20","01:00"," ","6,10","","3,70","","85,00","","36,00","","17,00","","24,10","","101,20","","","","","","Nuageux"
"2009-10-20 02:00","2009","10","20","02:00"," ","5,90","","3,50","","85,00","","1,00","","15,00","","24,10","","101,22","","","","","","Nuageux"
"2009-10-20 03:00","2009","10","20","03:00"," ","5,70","","3,50","","86,00","","2,00","","11,00","","24,10","","101,25","","","","","","Nuageux"
"2009-10-20 04:00","2009","10","20","04:00"," ","5,40","","3,50","","88,00","","35,00","","7,00","","24,10","","101,26","","","","","","Nuageux"
"2009-10-20 05:00","2009","10","20","05:00"," ","5,40","","3,50","","88,00","","36,00","","9,00","","24,10","","101,31","","","","","","Nuageux"
"2009-10-20 06:00","2009","10","20","06:00"," ","4,00","","2,90","","93,00","","2,00","","6,00","","24,10","","101,34","","","","","","Généralement dégagé"
"2009-10-20 07:00","2009","10","20","07:00"," ","1,90","","1,10","","94,00","","35,00","","4,00","","24,10","","101,36","","","","","","Généralement dégagé"
"2009-10-20 08:00","2009","10","20","08:00"," ","4,90","","3,60","","91,00","","35,00","","4,00","","24,10","","101,39","","","","","","Généralement dégagé"
"2009-10-20 09:00","2009","10","20","09:00"," ","7,20","","3,90","","80,00","","36,00","","7,00","","24,10","","101,41","","","","","","Généralement dégagé"
"2009-10-20 10:00","2009","10","20","10:00"," ","8,20","","4,80","","79,00","","28,00","","11,00","","24,10","","101,39","","","","","","Généralement dégagé"
"2009-10-20 11:00","2009","10","20","11:00"," ","8,40","","4,10","","74,00","","28,00","","11,00","","24,10","","101,35","","","","","","Généralement nuageux"
"2009-10-20 12:00","2009","10","20","12:00"," ","8,80","","5,40","","79,00","","27,00","","13,00","","24,10","","101,33","","","","","","Généralement nuageux"
"2009-10-20 13:00","2009","10","20","13:00"," ","9,90","","5,70","","75,00","","26,00","","9,00","","24,10","","101,28","","","","","","Généralement dégagé"
"2009-10-20 14:00","2009","10","20","14:00"," ","9,80","","5,90","","77,00","","27,00","","13,00","","24,10","","101,25","","","","","","Généralement dégagé"
"2009-10-20 15:00","2009","10","20","15:00"," ","9,70","","6,30","","79,00","","25,00","","15,00","","24,10","","101,23","","","","","","Généralement dégagé"
"2009-10-20 16:00","2009","10","20","16:00"," ","9,30","","6,80","","84,00","","24,00","","9,00","","24,10","","101,21","","","","","","Généralement nuageux"
"2009-10-20 17:00","2009","10","20","17:00"," ","9,50","","7,70","","89,00","","25,00","","9,00","","24,10","","101,19","","","","","","Généralement nuageux"
"2009-10-20 18:00","2009","10","20","18:00"," ","8,90","","8,00","","94,00","","21,00","","9,00","","24,10","","101,17","","","","","","Nuageux"
"2009-10-20 19:00","2009","10","20","19:00"," ","9,10","","8,60","","97,00","","23,00","","7,00","","24,10","","101,20","","","","","","Généralement nuageux"
"2009-10-20 20:00","2009","10","20","20:00"," ","9,60","","8,80","","95,00","","25,00","","11,00","","24,10","","101,19","","","","","","Généralement nuageux"
"2009-10-20 21:00","2009","10","20","21:00"," ","8,90","","8,40","","97,00","","26,00","","13,00","","24,10","","101,17","","","","","","Généralement dégagé"
"2009-10-20 22:00","2009","10","20","22:00"," ","8,50","","8,00","","97,00","","26,00","","11,00","","24,10","","101,17","","","","","","Généralement dégagé"
"2009-10-20 23:00","2009","10","20","23:00"," ","8,40","","7,90","","97,00","","27,00","","13,00","","24,10","","101,15","","","","","","Généralement dégagé"
"2009-10-21 00:00","2009","10","21","00:00"," ","8,10","","7,90","","99,00","","27,00","","9,00","","24,10","","101,15","","","","","","Dégagé"
"2009-10-21 01:00","2009","10","21","01:00"," ","8,30","","7,90","","97,00","","28,00","","13,00","","24,10","","101,14","","","","","","Dégagé"
"2009-10-21 02:00","2009","10","21","02:00"," ","8,10","","7,60","","97,00","","29,00","","11,00","","24,10","","101,17","","","","","","Généralement dégagé"
"2009-10-21 03:00","2009","10","21","03:00"," ","8,30","","7,80","","97,00","","30,00","","15,00","","24,10","","101,16","","","","","","Généralement dégagé"
"2009-10-21 04:00","2009","10","21","04:00"," ","8,50","","7,70","","95,00","","31,00","","13,00","","24,10","","101,18","","","","","","Nuageux"
"2009-10-21 05:00","2009","10","21","05:00"," ","7,30","","6,70","","96,00","","31,00","","11,00","","24,10","","101,25","","","","","","Généralement dégagé"
"2009-10-21 06:00","2009","10","21","06:00"," ","7,30","","6,80","","97,00","","33,00","","11,00","","24,10","","101,29","","","","","","Généralement nuageux"
"2009-10-21 07:00","2009","10","21","07:00"," ","7,40","","6,70","","95,00","","33,00","","17,00","","24,10","","101,33","","","","","","Généralement nuageux"
"2009-10-21 08:00","2009","10","21","08:00"," ","8,60","","6,90","","89,00","","32,00","","13,00","","24,10","","101,38","","","","","","Généralement dégagé"
"2009-10-21 09:00","2009","10","21","09:00"," ","9,50","","7,50","","87,00","","34,00","","17,00","","24,10","","101,40","","","","","","Généralement nuageux"
"2009-10-21 10:00","2009","10","21","10:00"," ","9,50","","5,70","","77,00","","34,00","","24,00","","24,10","","101,37","","","","","","Généralement dégagé"
"2009-10-21 11:00","2009","10","21","11:00"," ","9,80","","5,10","","73,00","","33,00","","26,00","","24,10","","101,38","","","","","","Généralement dégagé"
"2009-10-21 12:00","2009","10","21","12:00"," ","10,20","","5,30","","72,00","","33,00","","20,00","","24,10","","101,37","","","","","","Généralement dégagé"
"2009-10-21 13:00","2009","10","21","13:00"," ","10,40","","5,80","","73,00","","32,00","","19,00","","24,10","","101,35","","","","","","Généralement dégagé"
"2009-10-21 14:00","2009","10","21","14:00"," ","10,10","","4,50","","68,00","","33,00","","26,00","","24,10","","101,35","","","","","","Dégagé"
"2009-10-21 15:00","2009","10","21","15:00"," ","9,90","","3,80","","66,00","","33,00","","26,00","","24,10","","101,34","","","","","","Dégagé"
"2009-10-21 16:00","2009","10","21","16:00"," ","9,20","","2,90","","65,00","","33,00","","19,00","","24,10","","101,36","","","","","","Dégagé"
"2009-10-21 17:00","2009","10","21","17:00"," ","8,20","","2,90","","69,00","","32,00","","15,00","","24,10","","101,40","","","","","","Généralement dégagé"
"2009-10-21 18:00","2009","10","21","18:00"," ","6,60","","3,30","","79,00","","31,00","","9,00","","24,10","","101,42","","","","","","Généralement dégagé"
"2009-10-21 19:00","2009","10","21","19:00"," ","6,50","","3,70","","82,00","","31,00","","9,00","","24,10","","101,46","","","","","","Généralement dégagé"
"2009-10-21 20:00","2009","10","21","20:00"," ","6,40","","4,10","","85,00","","31,00","","7,00","","24,10","","101,49","","","","","","Dégagé"
"2009-10-21 21:00","2009","10","21","21:00"," ","6,00","","4,40","","89,00","","30,00","","7,00","","24,10","","101,50","","","","","","Dégagé"
"2009-10-21 22:00","2009","10","21","22:00"," ","6,70","","5,30","","91,00","","30,00","","6,00","","24,10","","101,53","","","","","","Généralement dégagé"
"2009-10-21 23:00","2009","10","21","23:00"," ","6,10","","5,90","","99,00","","27,00","","4,00","","24,10","","101,47","","","","","","Dégagé"
"2009-10-22 00:00","2009","10","22","00:00"," ","5,80","","4,90","","94,00","","31,00","","4,00","","24,10","","101,42","","","","","","Dégagé"
"2009-10-22 01:00","2009","10","22","01:00"," ","5,30","","5,00","","98,00","","31,00","","7,00","","24,10","","101,46","","","","","","Généralement nuageux"
"2009-10-22 02:00","2009","10","22","02:00"," ","5,50","","5,50","","100,00","","33,00","","6,00","","24,10","","101,46","","","","","","Généralement dégagé"
"2009-10-22 03:00","2009","10","22","03:00"," ","5,60","","4,80","","95,00","","4,00","","9,00","","24,10","","101,45","","","","","","Généralement dégagé"
"2009-10-22 04:00","2009","10","22","04:00"," ","5,00","","3,00","","87,00","","4,00","","7,00","","24,10","","101,44","","","","","","Nuageux"
"2009-10-22 05:00","2009","10","22","05:00"," ","4,90","","3,00","","87,00","","5,00","","7,00","","24,10","","101,45","","","","","","Nuageux"
"2009-10-22 06:00","2009","10","22","06:00"," ","4,60","","3,80","","95,00","","6,00","","7,00","","24,10","","101,48","","","","","","Averses de pluie"
"2009-10-22 07:00","2009","10","22","07:00"," ","4,40","","4,10","","98,00","","9,00","","6,00","","24,10","","101,49","","","","","","Averses de pluie"
"2009-10-22 08:00","2009","10","22","08:00"," ","4,50","","4,00","","97,00","","8,00","","7,00","","24,10","","101,48","","","","","","Averses de pluie"
"2009-10-22 09:00","2009","10","22","09:00"," ","4,60","","4,20","","97,00","","9,00","","6,00","","16,10","","101,47","","","","","","Averses de pluie"
"2009-10-22 10:00","2009","10","22","10:00"," ","4,90","","4,70","","99,00","","9,00","","11,00","","16,10","","101,40","","","","","","Averses de pluie"
"2009-10-22 11:00","2009","10","22","11:00"," ","4,80","","4,60","","99,00","","9,00","","11,00","","12,90","","101,30","","","","","","Averses de pluie"
"2009-10-22 12:00","2009","10","22","12:00"," ","5,30","","5,30","","100,00","","11,00","","11,00","","24,10","","101,17","","","","","","Nuageux"
"2009-10-22 13:00","2009","10","22","13:00"," ","6,90","","6,90","","100,00","","13,00","","13,00","","19,30","","101,01","","","","","","Nuageux"
"2009-10-22 14:00","2009","10","22","14:00"," ","9,10","","8,60","","97,00","","14,00","","17,00","","24,10","","100,93","","","","","","Nuageux"
"2009-10-22 15:00","2009","10","22","15:00"," ","10,50","","8,40","","87,00","","14,00","","20,00","","24,10","","100,82","","","","","","Nuageux"
"2009-10-22 16:00","2009","10","22","16:00"," ","10,80","","9,20","","90,00","","15,00","","20,00","","24,10","","100,63","","","","","","Nuageux"
"2009-10-22 17:00","2009","10","22","17:00"," ","10,90","","9,70","","92,00","","14,00","","17,00","","24,10","","100,44","","","","","","Nuageux"
"2009-10-22 18:00","2009","10","22","18:00"," ","10,90","","10,60","","98,00","","18,00","","13,00","","19,30","","100,33","","","","","","Nuageux"
"2009-10-22 19:00","2009","10","22","19:00"," ","11,60","","10,80","","95,00","","18,00","","17,00","","16,10","","100,21","","","","","","Nuageux"
"2009-10-22 20:00","2009","10","22","20:00"," ","12,10","","10,50","","90,00","","19,00","","19,00","","19,30","","100,06","","","","","","Nuageux"
"2009-10-22 21:00","2009","10","22","21:00"," ","11,70","","10,40","","92,00","","20,00","","15,00","","19,30","","100,01","","","","","","Nuageux"
"2009-10-22 22:00","2009","10","22","22:00"," ","11,70","","10,60","","93,00","","25,00","","20,00","","12,90","","100,02","","","","","","Averses de pluie"
"2009-10-22 23:00","2009","10","22","23:00"," ","10,20","","10,20","","100,00","","28,00","","22,00","","4,80","","100,05","","","","","","Pluie"
"2009-10-23 00:00","2009","10","23","00:00"," ","8,80","","8,50","","98,00","","30,00","","33,00","","12,90","","100,14","","","","","","Nuageux"
"2009-10-23 01:00","2009","10","23","01:00"," ","5,40","","3,60","","88,00","","31,00","","39,00","","19,30","","100,27","","","","","","Nuageux"
"2009-10-23 02:00","2009","10","23","02:00"," ","4,60","","2,60","","87,00","","32,00","","41,00","","24,10","","100,38","","","","","","Nuageux"
"2009-10-23 03:00","2009","10","23","03:00"," ","4,60","","2,00","","83,00","","32,00","","37,00","","24,10","","100,50","","","","","","Nuageux"
"2009-10-23 04:00","2009","10","23","04:00"," ","4,50","","1,90","","83,00","","35,00","","41,00","","24,10","","100,64","","","","","","Nuageux"
"2009-10-23 05:00","2009","10","23","05:00"," ","4,50","","1,70","","82,00","","34,00","","39,00","","24,10","","100,82","","","","","","Nuageux"
"2009-10-23 06:00","2009","10","23","06:00"," ","4,30","","1,10","","80,00","","34,00","","39,00","","24,10","","100,99","","","","","","Généralement nuageux"
"2009-10-23 07:00","2009","10","23","07:00"," ","3,80","","0,90","","81,00","","35,00","","41,00","","24,10","","101,16","","","","","","Généralement nuageux"
"2009-10-23 08:00","2009","10","23","08:00"," ","4,10","","0,40","","77,00","","1,00","","24,00","","24,10","","101,36","","","","","","Nuageux"
"2009-10-23 09:00","2009","10","23","09:00"," ","4,30","","0,00","","74,00","","36,00","","32,00","","24,10","","101,47","","","","","","Nuageux"
"2009-10-23 10:00","2009","10","23","10:00"," ","4,70","","-0,10","","71,00","","1,00","","22,00","","24,10","","101,59","","","","","","Nuageux"
"2009-10-23 11:00","2009","10","23","11:00"," ","5,00","","-0,20","","69,00","","35,00","","22,00","","24,10","","101,64","","","","","","Nuageux"
"2009-10-23 12:00","2009","10","23","12:00"," ","5,50","","-0,30","","66,00","","2,00","","28,00","","24,10","","101,67","","","","","","Nuageux"
"2009-10-23 13:00","2009","10","23","13:00"," ","6,40","","-0,30","","62,00","","36,00","","28,00","","24,10","","101,66","","","","","","Nuageux"
"2009-10-23 14:00","2009","10","23","14:00"," ","5,90","","-1,10","","61,00","","35,00","","22,00","","24,10","","101,71","","","","","","Nuageux"
"2009-10-23 15:00","2009","10","23","15:00"," ","5,90","","-0,60","","63,00","","1,00","","22,00","","24,10","","101,76","","","","","","Nuageux"
"2009-10-23 16:00","2009","10","23","16:00"," ","5,60","","-1,10","","62,00","","1,00","","20,00","","24,10","","101,84","","","","","","Nuageux"
"2009-10-23 17:00","2009","10","23","17:00"," ","4,60","","-1,10","","66,00","","1,00","","15,00","","24,10","","101,90","","","","","","Généralement dégagé"
"2009-10-23 18:00","2009","10","23","18:00"," ","2,00","","-1,40","","78,00","","35,00","","7,00","","24,10","","101,97","","","","","","Nuageux"
"2009-10-23 19:00","2009","10","23","19:00"," ","2,50","","-1,30","","76,00","","3,00","","11,00","","24,10","","101,99","","","","","","Nuageux"
"2009-10-23 20:00","2009","10","23","20:00"," ","1,90","","-1,70","","77,00","","2,00","","7,00","","24,10","","102,06","","","","","","Généralement nuageux"
"2009-10-23 21:00","2009","10","23","21:00"," ","1,20","","-1,50","","82,00","","1,00","","6,00","","24,10","","102,11","","","","","","Généralement dégagé"
"2009-10-23 22:00","2009","10","23","22:00"," ","1,30","","-1,40","","82,00","","3,00","","9,00","","24,10","","102,17","","","","","","Généralement nuageux"
"2009-10-23 23:00","2009","10","23","23:00"," ","1,40","","-1,60","","80,00","","4,00","","7,00","","24,10","","102,18","","","","","","Généralement nuageux"
"2009-10-24 00:00","2009","10","24","00:00"," ","1,20","","-1,30","","83,00","","4,00","","7,00","","24,10","","102,23","","","","","","Généralement nuageux"
"2009-10-24 01:00","2009","10","24","01:00"," ","0,80","","-1,00","","88,00","","6,00","","15,00","","24,10","","102,15","","","","","","Généralement nuageux"
"2009-10-24 02:00","2009","10","24","02:00"," ","1,10","","-1,10","","85,00","","8,00","","11,00","","24,10","","102,12","","","","","","Nuageux"
"2009-10-24 03:00","2009","10","24","03:00"," ","1,30","","-1,20","","83,00","","9,00","","9,00","","24,10","","102,08","","","","","","Généralement dégagé"
"2009-10-24 04:00","2009","10","24","04:00"," ","1,90","","-1,20","","80,00","","9,00","","19,00","","24,10","","102,02","","","","","","Généralement nuageux"
"2009-10-24 05:00","2009","10","24","05:00"," ","2,40","","-1,10","","78,00","","10,00","","20,00","","24,10","","101,94","","","","","","Généralement nuageux"
"2009-10-24 06:00","2009","10","24","06:00"," ","3,00","","-0,10","","80,00","","9,00","","19,00","","24,10","","101,86","","","","","","Généralement nuageux"
"2009-10-24 07:00","2009","10","24","07:00"," ","3,20","","0,50","","82,00","","9,00","","19,00","","24,10","","101,89","","","","","","Nuageux"
"2009-10-24 08:00","2009","10","24","08:00"," ","3,60","","2,60","","93,00","","10,00","","22,00","","24,10","","101,84","","","","","","Pluie"
"2009-10-24 09:00","2009","10","24","09:00"," ","4,50","","3,60","","94,00","","9,00","","20,00","","24,10","","101,77","","","","","","Nuageux"
"2009-10-24 10:00","2009","10","24","10:00"," ","6,10","","5,10","","93,00","","9,00","","15,00","","24,10","","101,80","","","","","","Nuageux"
"2009-10-24 11:00","2009","10","24","11:00"," ","6,70","","6,40","","98,00","","10,00","","19,00","","9,70","","101,63","","","","","","Averses de pluie,Brouillard"
"2009-10-24 12:00","2009","10","24","12:00"," ","7,10","","7,10","","100,00","","12,00","","20,00","","9,70","","101,55","","","","","","Averses de pluie,Brouillard"
"2009-10-24 13:00","2009","10","24","13:00"," ","8,10","","8,10","","100,00","","12,00","","26,00","","9,70","","101,44","","","","","","Averses de pluie,Brouillard"
"2009-10-24 14:00","2009","10","24","14:00"," ","9,00","","9,00","","100,00","","12,00","","24,00","","12,90","","101,34","","","","","","Averses de pluie"
"2009-10-24 15:00","2009","10","24","15:00"," ","9,70","","9,60","","99,00","","12,00","","22,00","","12,90","","101,23","","","","","","Averses de pluie"
"2009-10-24 16:00","2009","10","24","16:00"," ","10,50","","10,50","","100,00","","12,00","","24,00","","8,00","","101,15","","","","","","Averses de pluie,Brouillard"
"2009-10-24 17:00","2009","10","24","17:00"," ","12,10","","12,10","","100,00","","12,00","","15,00","","12,90","","101,07","","","","","","Averses de pluie"
"2009-10-24 18:00","2009","10","24","18:00"," ","13,60","","13,60","","100,00","","16,00","","19,00","","4,80","","101,04","","","","","","Brouillard"
"2009-10-24 19:00","2009","10","24","19:00"," ","14,20","","14,20","","100,00","","17,00","","22,00","","9,70","","100,94","","","","","","Averses de pluie,Brouillard"
"2009-10-24 20:00","2009","10","24","20:00"," ","14,80","","14,80","","100,00","","17,00","","26,00","","8,00","","100,87","","","","","","Averses de pluie,Brouillard"
"2009-10-24 21:00","2009","10","24","21:00"," ","15,20","","15,10","","99,00","","16,00","","26,00","","8,00","","100,77","","","","","","Averses de pluie,Brouillard"
"2009-10-24 22:00","2009","10","24","22:00"," ","14,90","","14,90","","100,00","","17,00","","30,00","","8,00","","100,72","","","","","","Averses de pluie,Brouillard"
"2009-10-24 23:00","2009","10","24","23:00"," ","15,10","","14,80","","98,00","","17,00","","26,00","","9,70","","100,63","","","","","","Averses de pluie,Brouillard"
"2009-10-25 00:00","2009","10","25","00:00"," ","15,70","","15,40","","98,00","","18,00","","26,00","","14,50","","100,54","","","","","","Nuageux"
"2009-10-25 01:00","2009","10","25","01:00"," ","16,20","","15,60","","96,00","","19,00","","41,00","","14,50","","100,46","","","","","","Nuageux"
"2009-10-25 02:00","2009","10","25","02:00"," ","16,00","","15,40","","96,00","","18,00","","39,00","","14,50","","100,41","","","","","","Nuageux"
"2009-10-25 03:00","2009","10","25","03:00"," ","16,00","","15,40","","96,00","","17,00","","37,00","","14,50","","100,35","","","","","","Nuageux"
"2009-10-25 04:00","2009","10","25","04:00"," ","15,80","","15,50","","98,00","","20,00","","33,00","","6,40","","100,27","","","","","","Averses de pluie modérées,Brouillard"
"2009-10-25 05:00","2009","10","25","05:00"," ","15,80","","15,80","","100,00","","19,00","","35,00","","3,20","","100,18","","","","","","Averses de pluie modérées,Brouillard"
"2009-10-25 06:00","2009","10","25","06:00"," ","16,50","","16,50","","100,00","","19,00","","48,00","","4,80","","100,10","","","","","","Averses de pluie,Brouillard"
"2009-10-25 07:00","2009","10","25","07:00"," ","14,90","","14,90","","100,00","","24,00","","39,00","","4,80","","100,22","","","","","","Brouillard"
"2009-10-25 08:00","2009","10","25","08:00"," ","13,90","","13,90","","100,00","","25,00","","32,00","","1,60","","100,36","","","","","","Brouillard"
"2009-10-25 09:00","2009","10","25","09:00"," ","12,90","","12,90","","100,00","","28,00","","19,00","","9,70","","100,45","","","","","","Brouillard"
"2009-10-25 10:00","2009","10","25","10:00"," ","14,00","","12,90","","93,00","","28,00","","19,00","","12,90","","100,54","","","","","","Généralement dégagé"
"2009-10-25 11:00","2009","10","25","11:00"," ","14,60","","11,90","","84,00","","30,00","","20,00","","24,10","","100,62","","","","","","Généralement dégagé"
"2009-10-25 12:00","2009","10","25","12:00"," ","14,90","","10,40","","74,00","","32,00","","26,00","","24,10","","100,62","","","","","","Dégagé"
"2009-10-25 13:00","2009","10","25","13:00"," ","14,60","","9,90","","73,00","","30,00","","19,00","","24,10","","100,62","","","","","","Dégagé"
"2009-10-25 14:00","2009","10","25","14:00"," ","14,30","","8,30","","67,00","","30,00","","22,00","","24,10","","100,57","","","","","","Dégagé"
"2009-10-25 15:00","2009","10","25","15:00"," ","13,30","","10,00","","80,00","","28,00","","19,00","","24,10","","100,63","","","","","","Dégagé"
"2009-10-25 16:00","2009","10","25","16:00"," ","12,30","","9,20","","81,00","","29,00","","17,00","","24,10","","100,64","","","","","","Généralement dégagé"
"2009-10-25 17:00","2009","10","25","17:00"," ","11,20","","9,40","","89,00","","29,00","","17,00","","24,10","","100,69","","","","","","Généralement dégagé"
"2009-10-25 18:00","2009","10","25","18:00"," ","10,40","","8,80","","90,00","","28,00","","13,00","","24,10","","100,77","","","","","","Généralement nuageux"
"2009-10-25 19:00","2009","10","25","19:00"," ","10,40","","8,80","","90,00","","29,00","","15,00","","24,10","","100,82","","","","","","Généralement nuageux"
"2009-10-25 20:00","2009","10","25","20:00"," ","10,50","","8,90","","90,00","","30,00","","13,00","","24,10","","100,89","","","","","","Généralement nuageux"
"2009-10-25 21:00","2009","10","25","21:00"," ","10,10","","9,00","","93,00","","29,00","","15,00","","24,10","","100,97","","","","","","Généralement nuageux"
"2009-10-25 22:00","2009","10","25","22:00"," ","10,00","","8,90","","93,00","","30,00","","13,00","","24,10","","101,00","","","","","","Généralement nuageux"
"2009-10-25 23:00","2009","10","25","23:00"," ","10,10","","8,00","","87,00","","31,00","","26,00","","24,10","","101,03","","","","","","Généralement dégagé"
"2009-10-26 00:00","2009","10","26","00:00"," ","8,80","","4,30","","73,00","","33,00","","26,00","","24,10","","101,13","","","","","","Généralement dégagé"
"2009-10-26 01:00","2009","10","26","01:00"," ","8,10","","3,70","","74,00","","33,00","","24,00","","24,10","","101,23","","","","","","Dégagé"
"2009-10-26 02:00","2009","10","26","02:00"," ","8,30","","3,50","","72,00","","33,00","","19,00","","24,10","","101,29","","","","","","Dégagé"
"2009-10-26 03:00","2009","10","26","03:00"," ","7,90","","1,90","","66,00","","33,00","","24,00","","24,10","","101,29","","","","","","Dégagé"
"2009-10-26 04:00","2009","10","26","04:00"," ","7,60","","2,00","","68,00","","29,00","","22,00","","24,10","","101,37","","","","","","Dégagé"
"2009-10-26 05:00","2009","10","26","05:00"," ","6,90","","2,40","","73,00","","32,00","","28,00","","24,10","","101,44","","","","","","Dégagé"
"2009-10-26 06:00","2009","10","26","06:00"," ","6,20","","1,40","","71,00","","33,00","","26,00","","24,10","","101,52","","","","","","Généralement dégagé"
"2009-10-26 07:00","2009","10","26","07:00"," ","5,50","","-1,20","","62,00","","33,00","","26,00","","24,10","","101,59","","","","","","Dégagé"
"2009-10-26 08:00","2009","10","26","08:00"," ","6,40","","-0,30","","62,00","","32,00","","28,00","","24,10","","101,67","","","","","","Dégagé"
"2009-10-26 09:00","2009","10","26","09:00"," ","7,00","","0,80","","65,00","","32,00","","28,00","","24,10","","101,73","","","","","","Dégagé"
"2009-10-26 10:00","2009","10","26","10:00"," ","7,40","","0,50","","62,00","","33,00","","32,00","","24,10","","101,77","","","","","","Dégagé"
"2009-10-26 11:00","2009","10","26","11:00"," ","7,70","","0,60","","61,00","","33,00","","30,00","","24,10","","101,76","","","","","","Dégagé"
"2009-10-26 12:00","2009","10","26","12:00"," ","8,10","","1,10","","61,00","","32,00","","26,00","","24,10","","101,77","","","","","","Dégagé"
"2009-10-26 13:00","2009","10","26","13:00"," ","7,90","","1,30","","63,00","","32,00","","30,00","","24,10","","101,78","","","","","","Généralement dégagé"
"2009-10-26 14:00","2009","10","26","14:00"," ","7,40","","1,50","","66,00","","32,00","","32,00","","24,10","","101,73","","","","","","Dégagé"
"2009-10-26 15:00","2009","10","26","15:00"," ","7,60","","0,90","","62,00","","33,00","","26,00","","24,10","","101,82","","","","","","Dégagé"
"2009-10-26 16:00","2009","10","26","16:00"," ","7,60","","0,20","","59,00","","31,00","","24,00","","24,10","","101,88","","","","","","Généralement dégagé"
"2009-10-26 17:00","2009","10","26","17:00"," ","7,20","","0,50","","62,00","","31,00","","17,00","","24,10","","101,98","","","","","","Généralement dégagé"
"2009-10-26 18:00","2009","10","26","18:00"," ","6,80","","0,20","","63,00","","32,00","","22,00","","24,10","","101,99","","","","","","Généralement dégagé"
"2009-10-26 19:00","2009","10","26","19:00"," ","6,70","","0,10","","63,00","","32,00","","19,00","","24,10","","102,06","","","","","","Généralement dégagé"
"2009-10-26 20:00","2009","10","26","20:00"," ","5,30","","0,30","","70,00","","34,00","","15,00","","24,10","","102,12","","","","","","Généralement dégagé"
"2009-10-26 21:00","2009","10","26","21:00"," ","5,10","","-0,70","","66,00","","34,00","","15,00","","24,10","","102,13","","","","","","Généralement dégagé"
"2009-10-26 22:00","2009","10","26","22:00"," ","5,10","","-1,00","","65,00","","32,00","","13,00","","24,10","","102,18","","","","","","Généralement dégagé"
"2009-10-26 23:00","2009","10","26","23:00"," ","5,10","","-0,70","","66,00","","36,00","","13,00","","24,10","","102,22","","","","","","Généralement dégagé"
"2009-10-27 00:00","2009","10","27","00:00"," ","4,00","","-1,20","","69,00","","1,00","","9,00","","24,10","","102,20","","","","","","Généralement dégagé"
"2009-10-27 01:00","2009","10","27","01:00"," ","2,70","","-1,30","","75,00","","1,00","","9,00","","24,10","","102,24","","","","","","Généralement dégagé"
"2009-10-27 02:00","2009","10","27","02:00"," ","2,40","","-1,60","","75,00","","1,00","","11,00","","24,10","","102,27","","","","","","Généralement dégagé"
"2009-10-27 03:00","2009","10","27","03:00"," ","0,90","","-2,20","","80,00","","36,00","","9,00","","24,10","","102,26","","","","","","Généralement dégagé"
"2009-10-27 04:00","2009","10","27","04:00"," ","0,90","","-2,30","","79,00","","0,00","","0,00","","24,10","","102,28","","","","","","Généralement dégagé"
"2009-10-27 05:00","2009","10","27","05:00"," ","0,60","","-2,30","","81,00","","2,00","","6,00","","24,10","","102,31","","","","","","Généralement dégagé"
"2009-10-27 06:00","2009","10","27","06:00"," ","0,80","","-2,20","","80,00","","0,00","","0,00","","24,10","","102,35","","","","","","Généralement dégagé"
"2009-10-27 07:00","2009","10","27","07:00"," ","0,20","","-2,30","","83,00","","3,00","","6,00","","24,10","","102,37","","","","","","Nuageux"
"2009-10-27 08:00","2009","10","27","08:00"," ","2,00","","-1,90","","75,00","","5,00","","4,00","","24,10","","102,41","","","","","","Nuageux"
"2009-10-27 09:00","2009","10","27","09:00"," ","4,00","","-0,90","","70,00","","7,00","","13,00","","24,10","","102,36","","","","","","Nuageux"
"2009-10-27 10:00","2009","10","27","10:00"," ","4,40","","-2,20","","62,00","","10,00","","17,00","","24,10","","102,27","","","","","","Nuageux"
"2009-10-27 11:00","2009","10","27","11:00"," ","5,60","","-1,00","","62,00","","9,00","","15,00","","24,10","","102,26","","","","","","Nuageux"
"2009-10-27 12:00","2009","10","27","12:00"," ","5,90","","-0,90","","62,00","","13,00","","11,00","","24,10","","102,17","","","","","","Nuageux"
"2009-10-27 13:00","2009","10","27","13:00"," ","6,00","","-1,30","","59,00","","14,00","","6,00","","24,10","","102,13","","","","","","Nuageux"
"2009-10-27 14:00","2009","10","27","14:00"," ","6,30","","-1,70","","57,00","","15,00","","7,00","","24,10","","102,06","","","","","","Nuageux"
"2009-10-27 15:00","2009","10","27","15:00"," ","6,90","","0,10","","62,00","","13,00","","15,00","","24,10","","101,85","","","","","","Nuageux"
"2009-10-27 16:00","2009","10","27","16:00"," ","6,30","","0,40","","66,00","","12,00","","13,00","","24,10","","101,81","","","","","","Nuageux"
"2009-10-27 17:00","2009","10","27","17:00"," ","5,90","","1,50","","73,00","","12,00","","9,00","","24,10","","101,86","","","","","","Nuageux"
"2009-10-27 18:00","2009","10","27","18:00"," ","4,50","","0,60","","76,00","","9,00","","13,00","","24,10","","101,84","","","","","","Nuageux"
"2009-10-27 19:00","2009","10","27","19:00"," ","3,70","","0,10","","77,00","","8,00","","11,00","","24,10","","101,82","","","","","","Nuageux"
"2009-10-27 20:00","2009","10","27","20:00"," ","3,70","","0,30","","78,00","","10,00","","15,00","","24,10","","101,82","","","","","","Nuageux"
"2009-10-27 21:00","2009","10","27","21:00"," ","4,40","","1,40","","81,00","","10,00","","13,00","","24,10","","101,72","","","","","","Nuageux"
"2009-10-27 22:00","2009","10","27","22:00"," ","4,90","","2,60","","85,00","","11,00","","11,00","","24,10","","101,69","","","","","","Nuageux"
"2009-10-27 23:00","2009","10","27","23:00"," ","5,20","","3,00","","86,00","","9,00","","7,00","","24,10","","101,65","","","","","","Nuageux"
"2009-10-28 00:00","2009","10","28","00:00"," ","5,50","","3,30","","86,00","","6,00","","15,00","","24,10","","101,64","","","","","","Nuageux"
"2009-10-28 01:00","2009","10","28","01:00"," ","5,40","","3,80","","89,00","","4,00","","11,00","","19,30","","101,64","","","","","","Bruine"
"2009-10-28 02:00","2009","10","28","02:00"," ","5,30","","4,50","","95,00","","4,00","","20,00","","24,10","","101,66","","","","","","Bruine"
"2009-10-28 03:00","2009","10","28","03:00"," ","5,20","","5,20","","100,00","","4,00","","11,00","","6,40","","101,59","","","","","","Bruine,Brouillard"
"2009-10-28 04:00","2009","10","28","04:00"," ","5,20","","5,20","","100,00","","7,00","","11,00","","3,20","","101,56","","","","","","Bruine,Brouillard"
"2009-10-28 05:00","2009","10","28","05:00"," ","5,20","","5,20","","100,00","","8,00","","7,00","","14,50","","101,53","","","","","","Nuageux"
"2009-10-28 06:00","2009","10","28","06:00"," ","5,30","","5,30","","100,00","","7,00","","11,00","","19,30","","101,53","","","","","","Nuageux"
"2009-10-28 07:00","2009","10","28","07:00"," ","4,70","","4,10","","96,00","","5,00","","9,00","","24,10","","101,60","","","","","","Nuageux"
"2009-10-28 08:00","2009","10","28","08:00"," ","4,50","","3,60","","94,00","","7,00","","19,00","","24,10","","101,62","","","","","","Nuageux"
"2009-10-28 09:00","2009","10","28","09:00"," ","5,10","","3,90","","92,00","","7,00","","19,00","","24,10","","101,68","","","","","","Nuageux"
"2009-10-28 10:00","2009","10","28","10:00"," ","6,30","","4,10","","86,00","","8,00","","15,00","","24,10","","101,76","","","","","","Nuageux"
"2009-10-28 11:00","2009","10","28","11:00"," ","6,50","","4,30","","86,00","","9,00","","13,00","","24,10","","101,62","","","","","","Nuageux"
"2009-10-28 12:00","2009","10","28","12:00"," ","7,80","","4,70","","81,00","","9,00","","22,00","","24,10","","101,58","","","","","","Nuageux"
"2009-10-28 13:00","2009","10","28","13:00"," ","8,60","","4,80","","77,00","","10,00","","20,00","","24,10","","101,45","","","","","","Nuageux"
"2009-10-28 14:00","2009","10","28","14:00"," ","8,80","","4,10","","72,00","","10,00","","20,00","","24,10","","101,43","","","","","","Nuageux"
"2009-10-28 15:00","2009","10","28","15:00"," ","8,50","","3,20","","69,00","","9,00","","19,00","","24,10","","101,30","","","","","","Généralement nuageux"
"2009-10-28 16:00","2009","10","28","16:00"," ","8,10","","3,00","","70,00","","9,00","","19,00","","24,10","","101,36","","","","","","Généralement dégagé"
"2009-10-28 17:00","2009","10","28","17:00"," ","7,10","","2,80","","74,00","","9,00","","7,00","","24,10","","101,50","","","","","","Généralement nuageux"
"2009-10-28 18:00","2009","10","28","18:00"," ","6,50","","2,20","","74,00","","6,00","","15,00","","24,10","","101,50","","","","","","Nuageux"
"2009-10-28 19:00","2009","10","28","19:00"," ","5,70","","1,50","","74,00","","6,00","","15,00","","24,10","","101,59","","","","","","Nuageux"
"2009-10-28 20:00","2009","10","28","20:00"," ","5,10","","1,20","","76,00","","7,00","","7,00","","24,10","","101,61","","","","","","Nuageux"
"2009-10-28 21:00","2009","10","28","21:00"," ","4,60","","1,10","","78,00","","4,00","","6,00","","24,10","","101,64","","","","","","Nuageux"
"2009-10-28 22:00","2009","10","28","22:00"," ","4,50","","0,50","","75,00","","5,00","","19,00","","24,10","","101,63","","","","","","Nuageux"
"2009-10-28 23:00","2009","10","28","23:00"," ","4,00","","0,40","","77,00","","5,00","","20,00","","24,10","","101,59","","","","","","Nuageux"
"2009-10-29 00:00","2009","10","29","00:00"," ","3,40","","-0,20","","77,00","","5,00","","15,00","","24,10","","101,55","","","","","","Nuageux"
"2009-10-29 01:00","2009","10","29","01:00"," ","3,00","","-0,60","","77,00","","5,00","","20,00","","24,10","","101,55","","","","","","Nuageux"
"2009-10-29 02:00","2009","10","29","02:00"," ","2,70","","-0,90","","77,00","","4,00","","15,00","","24,10","","101,64","","","","","","Nuageux"
"2009-10-29 03:00","2009","10","29","03:00"," ","2,60","","-1,60","","74,00","","4,00","","15,00","","24,10","","101,65","","","","","","Nuageux"
"2009-10-29 04:00","2009","10","29","04:00"," ","2,60","","-2,10","","71,00","","4,00","","17,00","","24,10","","101,61","","","","","","Nuageux"
"2009-10-29 05:00","2009","10","29","05:00"," ","2,40","","-1,80","","74,00","","3,00","","20,00","","24,10","","101,65","","","","","","Nuageux"
"2009-10-29 06:00","2009","10","29","06:00"," ","2,60","","-1,50","","74,00","","4,00","","13,00","","24,10","","101,74","","","","","","Nuageux"
"2009-10-29 07:00","2009","10","29","07:00"," ","2,60","","-1,40","","75,00","","3,00","","13,00","","24,10","","101,86","","","","","","Nuageux"
"2009-10-29 08:00","2009","10","29","08:00"," ","2,90","","-1,30","","74,00","","3,00","","15,00","","24,10","","101,89","","","","","","Généralement nuageux"
"2009-10-29 09:00","2009","10","29","09:00"," ","4,60","","-1,00","","67,00","","4,00","","22,00","","24,10","","101,94","","","","","","Généralement dégagé"
"2009-10-29 10:00","2009","10","29","10:00"," ","5,90","","-1,60","","59,00","","4,00","","24,00","","24,10","","101,91","","","","","","Dégagé"
"2009-10-29 11:00","2009","10","29","11:00"," ","7,40","","-1,70","","52,00","","35,00","","19,00","","24,10","","101,95","","","","","","Dégagé"
"2009-10-29 12:00","2009","10","29","12:00"," ","8,60","","-2,30","","46,00","","2,00","","9,00","","24,10","","101,88","","","","","","Dégagé"
"2009-10-29 13:00","2009","10","29","13:00"," ","9,80","","-1,60","","45,00","","5,00","","4,00","","24,10","","101,87","","","","","","Dégagé"
"2009-10-29 14:00","2009","10","29","14:00"," ","8,80","","2,80","","66,00","","32,00","","19,00","","24,10","","101,86","","","","","","Dégagé"
"2009-10-29 15:00","2009","10","29","15:00"," ","9,30","","2,30","","62,00","","33,00","","22,00","","24,10","","101,84","","","","","","Dégagé"
"2009-10-29 16:00","2009","10","29","16:00"," ","9,10","","1,40","","59,00","","36,00","","17,00","","24,10","","101,81","","","","","","Généralement dégagé"
"2009-10-29 17:00","2009","10","29","17:00"," ","6,50","","1,90","","72,00","","34,00","","15,00","","24,10","","101,88","","","","","","Généralement dégagé"
"2009-10-29 18:00","2009","10","29","18:00"," ","5,10","","0,40","","72,00","","36,00","","15,00","","24,10","","101,87","","","","","","Dégagé"
"2009-10-29 19:00","2009","10","29","19:00"," ","4,00","","-1,00","","70,00","","1,00","","17,00","","24,10","","101,93","","","","","","Dégagé"
"2009-10-29 20:00","2009","10","29","20:00"," ","3,20","","-1,00","","74,00","","1,00","","13,00","","24,10","","102,02","","","","","","Généralement nuageux"
"2009-10-29 21:00","2009","10","29","21:00"," ","2,50","","-2,10","","72,00","","1,00","","11,00","","24,10","","102,04","","","","","","Généralement dégagé"
"2009-10-29 22:00","2009","10","29","22:00"," ","0,60","","-3,00","","77,00","","36,00","","6,00","","24,10","","102,11","","","","","","Généralement dégagé"
"2009-10-29 23:00","2009","10","29","23:00"," ","2,90","","-3,40","","63,00","","3,00","","6,00","","24,10","","102,10","","","","","","Dégagé"
"2009-10-30 00:00","2009","10","30","00:00"," ","2,00","","-2,90","","70,00","","6,00","","7,00","","24,10","","102,07","","","","","","Dégagé"
"2009-10-30 01:00","2009","10","30","01:00"," ","1,50","","-2,30","","76,00","","4,00","","4,00","","24,10","","102,10","","","","","","Dégagé"
"2009-10-30 02:00","2009","10","30","02:00"," ","1,20","","-1,90","","80,00","","6,00","","7,00","","24,10","","102,09","","","","","","Dégagé"
"2009-10-30 03:00","2009","10","30","03:00"," ","0,70","","-1,80","","83,00","","7,00","","6,00","","24,10","","102,02","","","","","","Dégagé"
"2009-10-30 04:00","2009","10","30","04:00"," ","-0,30","","-2,10","","88,00","","6,00","","6,00","","24,10","","102,02","","","","-2,00","","Dégagé"
"2009-10-30 05:00","2009","10","30","05:00"," ","-0,40","","-1,00","","96,00","","7,00","","6,00","","24,10","","102,05","","","","-2,00","","Dégagé"
"2009-10-30 06:00","2009","10","30","06:00"," ","0,00","","-0,70","","95,00","","0,00","","0,00","","24,10","","102,07","","","","","","Dégagé"
"2009-10-30 07:00","2009","10","30","07:00"," ","0,20","","-0,70","","94,00","","0,00","","0,00","","24,10","","102,14","","","","","","Dégagé"
"2009-10-30 08:00","2009","10","30","08:00"," ","1,50","","-0,20","","88,00","","9,00","","4,00","","24,10","","102,20","","","","","","Généralement dégagé"
"2009-10-30 09:00","2009","10","30","09:00"," ","4,40","","1,90","","84,00","","13,00","","6,00","","24,10","","102,20","","","","","","Dégagé"
"2009-10-30 10:00","2009","10","30","10:00"," ","8,20","","0,30","","57,00","","19,00","","9,00","","24,10","","102,19","","","","","","Dégagé"
"2009-10-30 11:00","2009","10","30","11:00"," ","9,80","","1,60","","57,00","","21,00","","11,00","","24,10","","102,19","","","","","","Généralement dégagé"
"2009-10-30 12:00","2009","10","30","12:00"," ","9,70","","2,80","","62,00","","29,00","","7,00","","24,10","","102,11","","","","","","Généralement dégagé"
"2009-10-30 13:00","2009","10","30","13:00"," ","10,10","","3,30","","63,00","","25,00","","11,00","","24,10","","102,07","","","","","","Généralement dégagé"
"2009-10-30 14:00","2009","10","30","14:00"," ","10,00","","3,10","","62,00","","23,00","","9,00","","24,10","","102,06","","","","","","Généralement dégagé"
"2009-10-30 15:00","2009","10","30","15:00"," ","8,90","","3,00","","66,00","","16,00","","7,00","","24,10","","102,03","","","","","","Généralement nuageux"
"2009-10-30 16:00","2009","10","30","16:00"," ","8,80","","2,90","","66,00","","19,00","","17,00","","24,10","","101,98","","","","","","Nuageux"
"2009-10-30 17:00","2009","10","30","17:00"," ","8,50","","3,90","","73,00","","19,00","","6,00","","24,10","","101,97","","","","","","Nuageux"
"2009-10-30 18:00","2009","10","30","18:00"," ","8,00","","3,30","","72,00","","22,00","","11,00","","24,10","","101,98","","","","","","Nuageux"
"2009-10-30 19:00","2009","10","30","19:00"," ","6,20","","3,20","","81,00","","21,00","","9,00","","24,10","","101,97","","","","","","Généralement nuageux"
"2009-10-30 20:00","2009","10","30","20:00"," ","6,00","","3,10","","82,00","","20,00","","7,00","","24,10","","101,95","","","","","","Généralement nuageux"
"2009-10-30 21:00","2009","10","30","21:00"," ","6,40","","2,70","","77,00","","15,00","","4,00","","24,10","","101,88","","","","","","Nuageux"
"2009-10-30 22:00","2009","10","30","22:00"," ","7,00","","2,10","","71,00","","21,00","","15,00","","24,10","","101,87","","","","","","Nuageux"
"2009-10-30 23:00","2009","10","30","23:00"," ","8,00","","5,00","","81,00","","21,00","","15,00","","24,10","","101,83","","","","","","Nuageux"
"2009-10-31 00:00","2009","10","31","00:00"," ","8,40","","5,60","","83,00","","21,00","","15,00","","24,10","","101,81","","","","","","Nuageux"
"2009-10-31 01:00","2009","10","31","01:00"," ","8,50","","5,70","","83,00","","19,00","","17,00","","24,10","","101,70","","","","","","Nuageux"
"2009-10-31 02:00","2009","10","31","02:00"," ","8,90","","6,10","","83,00","","18,00","","19,00","","24,10","","101,59","","","","","","Nuageux"
"2009-10-31 03:00","2009","10","31","03:00"," ","9,20","","6,90","","86,00","","18,00","","19,00","","24,10","","101,51","","","","","","Nuageux"
"2009-10-31 04:00","2009","10","31","04:00"," ","9,80","","8,10","","89,00","","19,00","","15,00","","24,10","","101,44","","","","","","Nuageux"
"2009-10-31 05:00","2009","10","31","05:00"," ","10,40","","7,80","","84,00","","19,00","","19,00","","24,10","","101,40","","","","","","Nuageux"
"2009-10-31 06:00","2009","10","31","06:00"," ","10,60","","8,10","","85,00","","19,00","","19,00","","24,10","","101,30","","","","","","Nuageux"
"2009-10-31 07:00","2009","10","31","07:00"," ","10,40","","8,70","","89,00","","19,00","","19,00","","24,10","","101,30","","","","","","Nuageux"
"2009-10-31 08:00","2009","10","31","08:00"," ","11,30","","10,20","","93,00","","20,00","","19,00","","24,10","","101,31","","","","","","Nuageux"
"2009-10-31 09:00","2009","10","31","09:00"," ","12,80","","11,00","","89,00","","17,00","","15,00","","24,10","","101,28","","","","","","Nuageux"
"2009-10-31 10:00","2009","10","31","10:00"," ","13,50","","11,40","","87,00","","19,00","","20,00","","19,30","","101,23","","","","","","Nuageux"
"2009-10-31 11:00","2009","10","31","11:00"," ","13,80","","11,70","","87,00","","20,00","","19,00","","24,10","","101,21","","","","","","Nuageux"
"2009-10-31 12:00","2009","10","31","12:00"," ","14,00","","12,10","","88,00","","19,00","","19,00","","19,30","","101,12","","","","","","Nuageux"
"2009-10-31 13:00","2009","10","31","13:00"," ","15,70","","13,40","","86,00","","20,00","","20,00","","16,10","","101,00","","","","","","Nuageux"
"2009-10-31 14:00","2009","10","31","14:00"," ","16,00","","13,50","","85,00","","19,00","","28,00","","16,10","","100,93","","","","","","Nuageux"
"2009-10-31 15:00","2009","10","31","15:00"," ","16,00","","13,50","","85,00","","19,00","","26,00","","16,10","","100,89","","","","","","Nuageux"
"2009-10-31 16:00","2009","10","31","16:00"," ","15,20","","13,50","","90,00","","20,00","","32,00","","16,10","","100,83","","","","","","Nuageux"
"2009-10-31 17:00","2009","10","31","17:00"," ","15,70","","13,80","","88,00","","19,00","","30,00","","12,90","","100,79","","","","","","Nuageux"
"2009-10-31 18:00","2009","10","31","18:00"," ","15,30","","13,70","","90,00","","20,00","","24,00","","19,30","","100,79","","","","","","Généralement nuageux"
"2009-10-31 19:00","2009","10","31","19:00"," ","14,90","","13,40","","91,00","","19,00","","26,00","","19,30","","100,76","","","","","","Généralement dégagé"
"2009-10-31 20:00","2009","10","31","20:00"," ","15,50","","13,70","","89,00","","19,00","","30,00","","19,30","","100,69","","","","","","Généralement nuageux"
"2009-10-31 21:00","2009","10","31","21:00"," ","15,00","","13,90","","93,00","","19,00","","35,00","","24,10","","100,62","","","","","","Généralement dégagé"
"2009-10-31 22:00","2009","10","31","22:00"," ","15,10","","14,50","","96,00","","21,00","","33,00","","19,30","","100,58","","","","","","Généralement nuageux"
"2009-10-31 23:00","2009","10","31","23:00"," ","15,10","","14,40","","96,00","","19,00","","33,00","","19,30","","100,58","","","","","","Généralement dégagé"
