"Nom de la Station","LA TUQUE"
"Province","QUEBEC"
"Latitude","47,41"
"Longitude","-72,79"
"Altitude","168,90"
"Identification Climat","707DBD4"
"Identification OMM","71378"
"Identification TC","WDQ"
"Toutes les heures sont exprimées en heure normale locale (HNL). Pour convertir l'heure locale en heure avancée de l'Est (HAE), ajoutez 1 heure s'il y a lieu."

"Légende"
"M","Données Manquantes"
"E","Valeur Estimée"
"ND","Non Disponible"
"**","Données fournies par un partenaire, non assujetties à un révision par les Archives climatiques nationales du Canada"

"Date/Heure","Année","Mois","Jour","Heure","Qualité des Données","Temp (°C)","Temp Indicateur","Point de rosée (°C)","Point de rosée Indicateur","Hum. rel (%)","Hum. rel. Indicateur","Dir. du vent (10s deg)","Dir. du vent Indicateur","Vit. du vent (km/h)","Vit. du vent Indicateur","Visibilité (km)","Visibilité Indicateur","Pression à la station (kPa)","Pression à la station Indicateur","Hmdx","Hmdx Indicateur","Refroid. éolien","Refroid. éolien Indicateur","Temps"
"2012-06-01 00:00","2012","06","01","00:00"," ","1,80","","-0,30","","86,00","","0,00","","0,00","","","","99,67","","","","","","ND"
"2012-06-01 01:00","2012","06","01","01:00"," ","1,60","","0,10","","90,00","","11,00","","2,00","","","","99,73","","","","","","ND"
"2012-06-01 02:00","2012","06","01","02:00"," ","0,90","","-0,50","","90,00","","15,00","","2,00","","","","99,77","","","","","","ND"
"2012-06-01 03:00","2012","06","01","03:00"," ","0,00","","-1,40","","90,00","","0,00","","0,00","","","","99,85","","","","","","ND"
"2012-06-01 04:00","2012","06","01","04:00"," ","-0,60","","-1,90","","91,00","","14,00","","4,00","","","","99,94","","","","-2,00","","ND"
"2012-06-01 05:00","2012","06","01","05:00"," ","2,00","","0,80","","92,00","","14,00","","2,00","","","","99,96","","","","","","ND"
"2012-06-01 06:00","2012","06","01","06:00"," ","4,80","","2,70","","86,00","","36,00","","4,00","","","","99,99","","","","","","ND"
"2012-06-01 07:00","2012","06","01","07:00"," ","6,40","","2,40","","76,00","","35,00","","2,00","","","","100,01","","","","","","ND"
"2012-06-01 08:00","2012","06","01","08:00"," ","10,00","","2,70","","60,00","","32,00","","4,00","","","","99,98","","","","","","ND"
"2012-06-01 09:00","2012","06","01","09:00"," ","13,20","","1,50","","45,00","","24,00","","4,00","","","","99,97","","","","","","ND"
"2012-06-01 10:00","2012","06","01","10:00"," ","17,10","","-0,10","","31,00","","36,00","","2,00","","","","99,94","","","","","","ND"
"2012-06-01 11:00","2012","06","01","11:00"," ","18,70","","1,10","","31,00","","28,00","","9,00","","","","99,87","","","","","","ND"
"2012-06-01 12:00","2012","06","01","12:00"," ","20,10","","2,40","","31,00","","33,00","","9,00","","","","99,79","","","","","","ND"
"2012-06-01 13:00","2012","06","01","13:00"," ","21,10","","2,60","","29,00","","27,00","","9,00","","","","99,74","","","","","","ND"
"2012-06-01 14:00","2012","06","01","14:00"," ","22,00","","3,00","","29,00","","30,00","","9,00","","","","99,69","","","","","","ND"
"2012-06-01 15:00","2012","06","01","15:00"," ","22,80","","4,00","","29,00","","27,00","","9,00","","","","99,62","","","","","","ND"
"2012-06-01 16:00","2012","06","01","16:00"," ","22,10","","3,20","","29,00","","16,00","","9,00","","","","99,58","","","","","","ND"
"2012-06-01 17:00","2012","06","01","17:00"," ","21,00","","4,50","","34,00","","18,00","","13,00","","","","99,56","","","","","","ND"
"2012-06-01 18:00","2012","06","01","18:00"," ","18,90","","4,60","","39,00","","14,00","","9,00","","","","99,59","","","","","","ND"
"2012-06-01 19:00","2012","06","01","19:00"," ","17,60","","4,80","","43,00","","16,00","","6,00","","","","99,58","","","","","","ND"
"2012-06-01 20:00","2012","06","01","20:00"," ","15,70","","6,30","","54,00","","14,00","","2,00","","","","99,57","","","","","","ND"
"2012-06-01 21:00","2012","06","01","21:00"," ","15,50","","5,80","","52,00","","14,00","","4,00","","","","99,56","","","","","","ND"
"2012-06-01 22:00","2012","06","01","22:00"," ","13,90","","7,20","","64,00","","23,00","","6,00","","","","99,52","","","","","","ND"
"2012-06-01 23:00","2012","06","01","23:00"," ","13,50","","7,10","","65,00","","30,00","","2,00","","","","99,50","","","","","","ND"
"2012-06-02 00:00","2012","06","02","00:00"," ","14,70","","4,30","","50,00","","17,00","","6,00","","","","99,47","","","","","","ND"
"2012-06-02 01:00","2012","06","02","01:00"," ","14,50","","3,70","","48,00","","17,00","","6,00","","","","99,44","","","","","","ND"
"2012-06-02 02:00","2012","06","02","02:00"," ","14,80","","4,60","","50,00","","15,00","","4,00","","","","99,35","","","","","","ND"
"2012-06-02 03:00","2012","06","02","03:00"," ","12,90","","6,20","","64,00","","17,00","","2,00","","","","99,26","","","","","","ND"
"2012-06-02 04:00","2012","06","02","04:00"," ","16,10","","3,70","","44,00","","14,00","","7,00","","","","99,18","","","","","","ND"
"2012-06-02 05:00","2012","06","02","05:00"," ","16,00","","4,00","","45,00","","15,00","","7,00","","","","99,19","","","","","","ND"
"2012-06-02 06:00","2012","06","02","06:00"," ","15,60","","4,80","","49,00","","15,00","","9,00","","","","99,20","","","","","","ND"
"2012-06-02 07:00","2012","06","02","07:00"," ","15,00","","6,20","","56,00","","14,00","","11,00","","","","99,20","","","","","","ND"
"2012-06-02 08:00","2012","06","02","08:00"," ","13,40","","8,20","","71,00","","15,00","","9,00","","","","99,22","","","","","","ND"
"2012-06-02 09:00","2012","06","02","09:00"," ","13,30","","8,30","","72,00","","14,00","","11,00","","","","99,23","","","","","","ND"
"2012-06-02 10:00","2012","06","02","10:00"," ","13,70","","8,60","","71,00","","16,00","","9,00","","","","99,22","","","","","","ND"
"2012-06-02 11:00","2012","06","02","11:00"," ","14,30","","8,00","","66,00","","15,00","","11,00","","","","99,22","","","","","","ND"
"2012-06-02 12:00","2012","06","02","12:00"," ","14,70","","8,10","","65,00","","14,00","","11,00","","","","99,17","","","","","","ND"
"2012-06-02 13:00","2012","06","02","13:00"," ","14,00","","8,60","","70,00","","16,00","","13,00","","","","99,13","","","","","","ND"
"2012-06-02 14:00","2012","06","02","14:00"," ","14,40","","8,70","","69,00","","16,00","","13,00","","","","99,15","","","","","","ND"
"2012-06-02 15:00","2012","06","02","15:00"," ","12,30","","9,20","","81,00","","16,00","","17,00","","","","99,21","","","","","","ND"
"2012-06-02 16:00","2012","06","02","16:00"," ","12,10","","8,80","","80,00","","15,00","","9,00","","","","99,14","","","","","","ND"
"2012-06-02 17:00","2012","06","02","17:00"," ","12,20","","9,60","","84,00","","16,00","","9,00","","","","99,11","","","","","","ND"
"2012-06-02 18:00","2012","06","02","18:00"," ","12,00","","8,80","","81,00","","16,00","","13,00","","","","99,12","","","","","","ND"
"2012-06-02 19:00","2012","06","02","19:00"," ","11,90","","8,90","","82,00","","15,00","","9,00","","","","99,07","","","","","","ND"
"2012-06-02 20:00","2012","06","02","20:00"," ","12,30","","9,00","","80,00","","15,00","","13,00","","","","99,06","","","","","","ND"
"2012-06-02 21:00","2012","06","02","21:00"," ","12,10","","7,70","","74,00","","16,00","","11,00","","","","99,05","","","","","","ND"
"2012-06-02 22:00","2012","06","02","22:00"," ","12,20","","7,00","","71,00","","14,00","","17,00","","","","99,01","","","","","","ND"
"2012-06-02 23:00","2012","06","02","23:00"," ","12,20","","7,00","","71,00","","14,00","","17,00","","","","98,98","","","","","","ND"
"2012-06-03 00:00","2012","06","03","00:00"," ","11,20","","7,60","","78,00","","13,00","","17,00","","","","98,98","","","","","","ND"
"2012-06-03 01:00","2012","06","03","01:00"," ","11,00","","7,50","","79,00","","14,00","","13,00","","","","98,96","","","","","","ND"
"2012-06-03 02:00","2012","06","03","02:00"," ","11,50","","6,80","","73,00","","14,00","","15,00","","","","98,98","","","","","","ND"
"2012-06-03 03:00","2012","06","03","03:00"," ","11,50","","7,20","","75,00","","15,00","","15,00","","","","98,94","","","","","","ND"
"2012-06-03 04:00","2012","06","03","04:00"," ","10,80","","7,90","","82,00","","14,00","","15,00","","","","98,92","","","","","","ND"
"2012-06-03 05:00","2012","06","03","05:00"," ","10,90","","8,40","","85,00","","14,00","","6,00","","","","98,94","","","","","","ND"
"2012-06-03 06:00","2012","06","03","06:00"," ","11,20","","8,90","","86,00","","14,00","","7,00","","","","98,94","","","","","","ND"
"2012-06-03 07:00","2012","06","03","07:00"," ","11,90","","9,00","","82,00","","15,00","","9,00","","","","98,95","","","","","","ND"
"2012-06-03 08:00","2012","06","03","08:00"," ","12,10","","8,70","","80,00","","14,00","","9,00","","","","98,94","","","","","","ND"
"2012-06-03 09:00","2012","06","03","09:00"," ","12,30","","8,90","","80,00","","15,00","","11,00","","","","98,95","","","","","","ND"
"2012-06-03 10:00","2012","06","03","10:00"," ","12,80","","9,20","","79,00","","13,00","","9,00","","","","98,96","","","","","","ND"
"2012-06-03 11:00","2012","06","03","11:00"," ","12,50","","9,00","","79,00","","14,00","","11,00","","","","98,97","","","","","","ND"
"2012-06-03 12:00","2012","06","03","12:00"," ","13,10","","8,30","","73,00","","14,00","","11,00","","","","98,98","","","","","","ND"
"2012-06-03 13:00","2012","06","03","13:00"," ","13,20","","7,90","","70,00","","14,00","","9,00","","","","99,00","","","","","","ND"
"2012-06-03 14:00","2012","06","03","14:00"," ","13,40","","7,60","","68,00","","13,00","","13,00","","","","99,03","","","","","","ND"
"2012-06-03 15:00","2012","06","03","15:00"," ","13,30","","7,00","","66,00","","13,00","","9,00","","","","99,03","","","","","","ND"
"2012-06-03 16:00","2012","06","03","16:00"," ","13,10","","7,00","","66,00","","12,00","","7,00","","","","99,04","","","","","","ND"
"2012-06-03 17:00","2012","06","03","17:00"," ","13,30","","7,40","","67,00","","7,00","","6,00","","","","99,04","","","","","","ND"
"2012-06-03 18:00","2012","06","03","18:00"," ","12,50","","8,00","","74,00","","10,00","","2,00","","","","99,10","","","","","","ND"
"2012-06-03 19:00","2012","06","03","19:00"," ","11,70","","8,50","","81,00","","1,00","","6,00","","","","99,13","","","","","","ND"
"2012-06-03 20:00","2012","06","03","20:00"," ","11,00","","8,90","","87,00","","1,00","","4,00","","","","99,17","","","","","","ND"
"2012-06-03 21:00","2012","06","03","21:00"," ","10,80","","8,80","","87,00","","1,00","","6,00","","","","99,23","","","","","","ND"
"2012-06-03 22:00","2012","06","03","22:00"," ","10,60","","9,00","","90,00","","1,00","","6,00","","","","99,22","","","","","","ND"
"2012-06-03 23:00","2012","06","03","23:00"," ","10,30","","8,70","","90,00","","1,00","","4,00","","","","99,21","","","","","","ND"
"2012-06-04 00:00","2012","06","04","00:00"," ","10,20","","8,70","","90,00","","33,00","","4,00","","","","99,19","","","","","","ND"
"2012-06-04 01:00","2012","06","04","01:00"," ","9,90","","8,50","","91,00","","32,00","","7,00","","","","99,14","","","","","","ND"
"2012-06-04 02:00","2012","06","04","02:00"," ","9,60","","8,20","","91,00","","35,00","","9,00","","","","99,11","","","","","","ND"
"2012-06-04 03:00","2012","06","04","03:00"," ","9,20","","7,60","","90,00","","34,00","","6,00","","","","99,14","","","","","","ND"
"2012-06-04 04:00","2012","06","04","04:00"," ","7,80","","6,20","","90,00","","2,00","","2,00","","","","99,19","","","","","","ND"
"2012-06-04 05:00","2012","06","04","05:00"," ","8,10","","6,10","","87,00","","35,00","","6,00","","","","99,23","","","","","","ND"
"2012-06-04 06:00","2012","06","04","06:00"," ","9,20","","6,40","","83,00","","36,00","","11,00","","","","99,31","","","","","","ND"
"2012-06-04 07:00","2012","06","04","07:00"," ","9,90","","5,90","","76,00","","36,00","","9,00","","","","99,34","","","","","","ND"
"2012-06-04 08:00","2012","06","04","08:00"," ","12,60","","7,80","","73,00","","32,00","","13,00","","","","99,34","","","","","","ND"
"2012-06-04 09:00","2012","06","04","09:00"," ","14,20","","6,90","","61,00","","36,00","","13,00","","","","99,31","","","","","","ND"
"2012-06-04 10:00","2012","06","04","10:00"," ","14,40","","5,40","","55,00","","1,00","","11,00","","","","99,34","","","","","","ND"
"2012-06-04 11:00","2012","06","04","11:00"," ","15,70","","7,30","","57,00","","34,00","","19,00","","","","99,30","","","","","","ND"
"2012-06-04 12:00","2012","06","04","12:00"," ","16,90","","7,40","","53,00","","36,00","","13,00","","","","99,28","","","","","","ND"
"2012-06-04 13:00","2012","06","04","13:00"," ","16,00","","7,60","","57,00","","2,00","","13,00","","","","99,31","","","","","","ND"
"2012-06-04 14:00","2012","06","04","14:00"," ","16,70","","6,60","","51,00","","1,00","","15,00","","","","99,30","","","","","","ND"
"2012-06-04 15:00","2012","06","04","15:00"," ","17,40","","7,80","","53,00","","36,00","","15,00","","","","99,31","","","","","","ND"
"2012-06-04 16:00","2012","06","04","16:00"," ","17,80","","6,00","","46,00","","4,00","","15,00","","","","99,28","","","","","","ND"
"2012-06-04 17:00","2012","06","04","17:00"," ","17,10","","7,20","","52,00","","1,00","","11,00","","","","99,31","","","","","","ND"
"2012-06-04 18:00","2012","06","04","18:00"," ","17,10","","5,70","","47,00","","3,00","","11,00","","","","99,34","","","","","","ND"
"2012-06-04 19:00","2012","06","04","19:00"," ","15,30","","6,10","","54,00","","1,00","","4,00","","","","99,37","","","","","","ND"
"2012-06-04 20:00","2012","06","04","20:00"," ","13,60","","3,90","","52,00","","3,00","","4,00","","","","99,35","","","","","","ND"
"2012-06-04 21:00","2012","06","04","21:00"," ","9,40","","5,20","","75,00","","3,00","","2,00","","","","99,40","","","","","","ND"
"2012-06-04 22:00","2012","06","04","22:00"," ","6,70","","4,10","","83,00","","17,00","","2,00","","","","99,39","","","","","","ND"
"2012-06-04 23:00","2012","06","04","23:00"," ","5,20","","3,60","","89,00","","0,00","","0,00","","","","99,42","","","","","","ND"
"2012-06-05 00:00","2012","06","05","00:00"," ","4,20","","2,90","","91,00","","9,00","","2,00","","","","99,46","","","","","","ND"
"2012-06-05 01:00","2012","06","05","01:00"," ","3,00","","1,70","","91,00","","0,00","","0,00","","","","99,47","","","","","","ND"
"2012-06-05 02:00","2012","06","05","02:00"," ","2,70","","1,50","","92,00","","0,00","","0,00","","","","99,47","","","","","","ND"
"2012-06-05 03:00","2012","06","05","03:00"," ","4,00","","2,90","","93,00","","11,00","","4,00","","","","99,47","","","","","","ND"
"2012-06-05 04:00","2012","06","05","04:00"," ","4,60","","3,40","","92,00","","12,00","","2,00","","","","99,50","","","","","","ND"
"2012-06-05 05:00","2012","06","05","05:00"," ","5,50","","4,30","","92,00","","10,00","","2,00","","","","99,51","","","","","","ND"
"2012-06-05 06:00","2012","06","05","06:00"," ","6,80","","5,40","","91,00","","32,00","","2,00","","","","99,52","","","","","","ND"
"2012-06-05 07:00","2012","06","05","07:00"," ","9,40","","6,70","","83,00","","34,00","","2,00","","","","99,55","","","","","","ND"
"2012-06-05 08:00","2012","06","05","08:00"," ","11,60","","7,20","","74,00","","32,00","","7,00","","","","99,51","","","","","","ND"
"2012-06-05 09:00","2012","06","05","09:00"," ","14,20","","8,70","","69,00","","32,00","","4,00","","","","99,46","","","","","","ND"
"2012-06-05 10:00","2012","06","05","10:00"," ","17,80","","8,40","","54,00","","24,00","","4,00","","","","99,40","","","","","","ND"
"2012-06-05 11:00","2012","06","05","11:00"," ","20,80","","2,00","","29,00","","7,00","","6,00","","","","99,33","","","","","","ND"
"2012-06-05 12:00","2012","06","05","12:00"," ","21,80","","4,50","","32,00","","34,00","","7,00","","","","99,29","","","","","","ND"
"2012-06-05 13:00","2012","06","05","13:00"," ","23,20","","5,60","","32,00","","36,00","","7,00","","","","99,23","","","","","","ND"
"2012-06-05 14:00","2012","06","05","14:00"," ","22,50","","4,80","","32,00","","9,00","","7,00","","","","99,20","","","","","","ND"
"2012-06-05 15:00","2012","06","05","15:00"," ","23,50","","4,70","","29,00","","7,00","","7,00","","","","99,17","","","","","","ND"
"2012-06-05 16:00","2012","06","05","16:00"," ","23,40","","3,60","","27,00","","1,00","","13,00","","","","99,16","","","","","","ND"
"2012-06-05 17:00","2012","06","05","17:00"," ","20,80","","6,80","","40,00","","11,00","","11,00","","","","99,23","","","","","","ND"
"2012-06-05 18:00","2012","06","05","18:00"," ","17,90","","7,90","","52,00","","18,00","","11,00","","","","99,30","","","","","","ND"
"2012-06-05 19:00","2012","06","05","19:00"," ","17,20","","7,10","","51,00","","17,00","","9,00","","","","99,36","","","","","","ND"
"2012-06-05 20:00","2012","06","05","20:00"," ","14,80","","7,10","","60,00","","14,00","","4,00","","","","99,39","","","","","","ND"
"2012-06-05 21:00","2012","06","05","21:00"," ","12,50","","7,40","","71,00","","11,00","","4,00","","","","99,41","","","","","","ND"
"2012-06-05 22:00","2012","06","05","22:00"," ","10,20","","6,90","","80,00","","11,00","","2,00","","","","99,46","","","","","","ND"
"2012-06-05 23:00","2012","06","05","23:00"," ","10,90","","7,60","","80,00","","11,00","","2,00","","","","99,50","","","","","","ND"
"2012-06-06 00:00","2012","06","06","00:00"," ","8,80","","6,80","","87,00","","22,00","","2,00","","","","99,54","","","","","","ND"
"2012-06-06 01:00","2012","06","06","01:00"," ","7,40","","5,90","","90,00","","22,00","","2,00","","","","99,55","","","","","","ND"
"2012-06-06 02:00","2012","06","06","02:00"," ","8,00","","6,20","","88,00","","0,00","","0,00","","","","99,54","","","","","","ND"
"2012-06-06 03:00","2012","06","06","03:00"," ","7,60","","6,10","","90,00","","21,00","","2,00","","","","99,56","","","","","","ND"
"2012-06-06 04:00","2012","06","06","04:00"," ","8,00","","6,30","","89,00","","12,00","","2,00","","","","99,58","","","","","","ND"
"2012-06-06 05:00","2012","06","06","05:00"," ","7,80","","6,30","","90,00","","0,00","","0,00","","","","99,61","","","","","","ND"
"2012-06-06 06:00","2012","06","06","06:00"," ","9,20","","7,30","","88,00","","27,00","","2,00","","","","99,62","","","","","","ND"
"2012-06-06 07:00","2012","06","06","07:00"," ","11,00","","7,50","","79,00","","9,00","","2,00","","","","99,63","","","","","","ND"
"2012-06-06 08:00","2012","06","06","08:00"," ","12,90","","8,00","","72,00","","32,00","","2,00","","","","99,63","","","","","","ND"
"2012-06-06 09:00","2012","06","06","09:00"," ","15,40","","6,40","","55,00","","34,00","","6,00","","","","99,61","","","","","","ND"
"2012-06-06 10:00","2012","06","06","10:00"," ","16,80","","6,90","","52,00","","33,00","","6,00","","","","99,59","","","","","","ND"
"2012-06-06 11:00","2012","06","06","11:00"," ","18,50","","7,10","","47,00","","21,00","","6,00","","","","99,53","","","","","","ND"
"2012-06-06 12:00","2012","06","06","12:00"," ","18,50","","6,90","","47,00","","28,00","","6,00","","","","99,49","","","","","","ND"
"2012-06-06 13:00","2012","06","06","13:00"," ","19,80","","5,60","","39,00","","35,00","","11,00","","","","99,43","","","","","","ND"
"2012-06-06 14:00","2012","06","06","14:00"," ","18,70","","7,10","","47,00","","13,00","","9,00","","","","99,42","","","","","","ND"
"2012-06-06 15:00","2012","06","06","15:00"," ","16,70","","11,00","","69,00","","14,00","","4,00","","","","99,41","","","","","","ND"
"2012-06-06 16:00","2012","06","06","16:00"," ","19,60","","8,30","","48,00","","30,00","","7,00","","","","99,37","","","","","","ND"
"2012-06-06 17:00","2012","06","06","17:00"," ","18,40","","9,40","","56,00","","20,00","","15,00","","","","99,36","","","","","","ND"
"2012-06-06 18:00","2012","06","06","18:00"," ","16,40","","9,20","","62,00","","17,00","","13,00","","","","99,41","","","","","","ND"
"2012-06-06 19:00","2012","06","06","19:00"," ","16,00","","9,60","","66,00","","15,00","","7,00","","","","99,46","","","","","","ND"
"2012-06-06 20:00","2012","06","06","20:00"," ","13,20","","11,00","","87,00","","12,00","","4,00","","","","99,53","","","","","","ND"
"2012-06-06 21:00","2012","06","06","21:00"," ","12,80","","10,80","","88,00","","16,00","","4,00","","","","99,53","","","","","","ND"
"2012-06-06 22:00","2012","06","06","22:00"," ","11,50","","10,00","","90,00","","13,00","","2,00","","","","99,55","","","","","","ND"
"2012-06-06 23:00","2012","06","06","23:00"," ","10,00","","8,70","","92,00","","10,00","","4,00","","","","99,55","","","","","","ND"
"2012-06-07 00:00","2012","06","07","00:00"," ","8,70","","7,40","","92,00","","10,00","","4,00","","","","99,56","","","","","","ND"
"2012-06-07 01:00","2012","06","07","01:00"," ","7,90","","6,80","","93,00","","13,00","","6,00","","","","99,56","","","","","","ND"
"2012-06-07 02:00","2012","06","07","02:00"," ","7,60","","6,40","","92,00","","12,00","","4,00","","","","99,54","","","","","","ND"
"2012-06-07 03:00","2012","06","07","03:00"," ","7,30","","6,30","","93,00","","11,00","","4,00","","","","99,53","","","","","","ND"
"2012-06-07 04:00","2012","06","07","04:00"," ","7,60","","6,50","","93,00","","19,00","","4,00","","","","99,54","","","","","","ND"
"2012-06-07 05:00","2012","06","07","05:00"," ","8,30","","7,10","","92,00","","16,00","","4,00","","","","99,56","","","","","","ND"
"2012-06-07 06:00","2012","06","07","06:00"," ","9,30","","7,80","","90,00","","16,00","","4,00","","","","99,58","","","","","","ND"
"2012-06-07 07:00","2012","06","07","07:00"," ","10,00","","7,50","","84,00","","17,00","","4,00","","","","99,61","","","","","","ND"
"2012-06-07 08:00","2012","06","07","08:00"," ","11,90","","8,20","","78,00","","18,00","","7,00","","","","99,59","","","","","","ND"
"2012-06-07 09:00","2012","06","07","09:00"," ","12,90","","7,00","","67,00","","17,00","","9,00","","","","99,52","","","","","","ND"
"2012-06-07 10:00","2012","06","07","10:00"," ","14,40","","8,00","","65,00","","17,00","","9,00","","","","99,45","","","","","","ND"
"2012-06-07 11:00","2012","06","07","11:00"," ","15,50","","8,70","","64,00","","17,00","","6,00","","","","99,44","","","","","","ND"
"2012-06-07 12:00","2012","06","07","12:00"," ","17,80","","8,90","","56,00","","19,00","","11,00","","","","99,37","","","","","","ND"
"2012-06-07 13:00","2012","06","07","13:00"," ","19,70","","9,40","","51,00","","18,00","","13,00","","","","99,26","","","","","","ND"
"2012-06-07 14:00","2012","06","07","14:00"," ","20,80","","7,80","","43,00","","17,00","","9,00","","","","99,18","","","","","","ND"
"2012-06-07 15:00","2012","06","07","15:00"," ","21,80","","9,10","","44,00","","19,00","","6,00","","","","99,14","","","","","","ND"
"2012-06-07 16:00","2012","06","07","16:00"," ","13,90","","11,10","","83,00","","36,00","","15,00","","","","99,20","","","","","","ND"
"2012-06-07 17:00","2012","06","07","17:00"," ","14,80","","12,30","","85,00","","26,00","","9,00","","","","99,17","","","","","","ND"
"2012-06-07 18:00","2012","06","07","18:00"," ","15,00","","12,50","","85,00","","34,00","","6,00","","","","99,15","","","","","","ND"
"2012-06-07 19:00","2012","06","07","19:00"," ","14,90","","12,80","","87,00","","18,00","","6,00","","","","99,08","","","","","","ND"
"2012-06-07 20:00","2012","06","07","20:00"," ","14,30","","12,50","","89,00","","19,00","","6,00","","","","99,08","","","","","","ND"
"2012-06-07 21:00","2012","06","07","21:00"," ","13,40","","11,20","","87,00","","14,00","","4,00","","","","99,08","","","","","","ND"
"2012-06-07 22:00","2012","06","07","22:00"," ","11,60","","10,00","","90,00","","10,00","","4,00","","","","99,09","","","","","","ND"
"2012-06-07 23:00","2012","06","07","23:00"," ","9,70","","8,30","","91,00","","10,00","","2,00","","","","99,06","","","","","","ND"
"2012-06-08 00:00","2012","06","08","00:00"," ","8,00","","6,80","","92,00","","0,00","","0,00","","","","99,04","","","","","","ND"
"2012-06-08 01:00","2012","06","08","01:00"," ","8,80","","7,80","","93,00","","13,00","","4,00","","","","98,99","","","","","","ND"
"2012-06-08 02:00","2012","06","08","02:00"," ","9,50","","8,60","","94,00","","17,00","","6,00","","","","98,93","","","","","","ND"
"2012-06-08 03:00","2012","06","08","03:00"," ","9,70","","8,70","","93,00","","14,00","","2,00","","","","98,92","","","","","","ND"
"2012-06-08 04:00","2012","06","08","04:00"," ","9,00","","8,00","","93,00","","18,00","","4,00","","","","98,88","","","","","","ND"
"2012-06-08 05:00","2012","06","08","05:00"," ","9,50","","8,60","","94,00","","16,00","","7,00","","","","98,86","","","","","","ND"
"2012-06-08 06:00","2012","06","08","06:00"," ","10,40","","9,50","","94,00","","17,00","","4,00","","","","98,85","","","","","","ND"
"2012-06-08 07:00","2012","06","08","07:00"," ","11,40","","10,40","","94,00","","19,00","","6,00","","","","98,84","","","","","","ND"
"2012-06-08 08:00","2012","06","08","08:00"," ","12,70","","10,60","","87,00","","17,00","","4,00","","","","98,90","","","","","","ND"
"2012-06-08 09:00","2012","06","08","09:00"," ","12,90","","11,20","","89,00","","7,00","","6,00","","","","98,86","","","","","","ND"
"2012-06-08 10:00","2012","06","08","10:00"," ","13,50","","12,00","","91,00","","8,00","","6,00","","","","98,79","","","","","","ND"
"2012-06-08 11:00","2012","06","08","11:00"," ","16,30","","12,60","","79,00","","20,00","","2,00","","","","98,79","","","","","","ND"
"2012-06-08 12:00","2012","06","08","12:00"," ","16,40","","11,70","","74,00","","33,00","","4,00","","","","98,77","","","","","","ND"
"2012-06-08 13:00","2012","06","08","13:00"," ","17,50","","8,20","","54,00","","35,00","","9,00","","","","98,66","","","","","","ND"
"2012-06-08 14:00","2012","06","08","14:00"," ","17,40","","8,20","","55,00","","28,00","","4,00","","","","98,63","","","","","","ND"
"2012-06-08 15:00","2012","06","08","15:00"," ","19,10","","7,70","","48,00","","33,00","","4,00","","","","98,56","","","","","","ND"
"2012-06-08 16:00","2012","06","08","16:00"," ","18,10","","9,10","","56,00","","20,00","","7,00","","","","98,53","","","","","","ND"
"2012-06-08 17:00","2012","06","08","17:00"," ","12,80","","9,90","","83,00","","34,00","","4,00","","","","98,62","","","","","","ND"
"2012-06-08 18:00","2012","06","08","18:00"," ","14,90","","10,60","","75,00","","21,00","","4,00","","","","98,60","","","","","","ND"
"2012-06-08 19:00","2012","06","08","19:00"," ","14,10","","9,60","","74,00","","31,00","","4,00","","","","98,62","","","","","","ND"
"2012-06-08 20:00","2012","06","08","20:00"," ","11,20","","9,40","","89,00","","9,00","","4,00","","","","98,66","","","","","","ND"
"2012-06-08 21:00","2012","06","08","21:00"," ","9,90","","8,60","","92,00","","11,00","","4,00","","","","98,71","","","","","","ND"
"2012-06-08 22:00","2012","06","08","22:00"," ","8,70","","7,50","","92,00","","13,00","","4,00","","","","98,75","","","","","","ND"
"2012-06-08 23:00","2012","06","08","23:00"," ","7,90","","6,70","","92,00","","17,00","","2,00","","","","98,79","","","","","","ND"
"2012-06-09 00:00","2012","06","09","00:00"," ","7,00","","5,90","","93,00","","20,00","","2,00","","","","98,83","","","","","","ND"
"2012-06-09 01:00","2012","06","09","01:00"," ","7,00","","6,00","","93,00","","10,00","","4,00","","","","98,85","","","","","","ND"
"2012-06-09 02:00","2012","06","09","02:00"," ","6,60","","5,70","","94,00","","10,00","","4,00","","","","98,86","","","","","","ND"
"2012-06-09 03:00","2012","06","09","03:00"," ","5,20","","4,30","","94,00","","10,00","","2,00","","","","98,90","","","","","","ND"
"2012-06-09 04:00","2012","06","09","04:00"," ","6,10","","5,20","","94,00","","8,00","","4,00","","","","98,97","","","","","","ND"
"2012-06-09 05:00","2012","06","09","05:00"," ","6,30","","5,50","","95,00","","8,00","","4,00","","","","99,04","","","","","","ND"
"2012-06-09 06:00","2012","06","09","06:00"," ","7,30","","6,40","","94,00","","0,00","","0,00","","","","99,09","","","","","","ND"
"2012-06-09 07:00","2012","06","09","07:00"," ","8,50","","7,60","","94,00","","30,00","","2,00","","","","99,13","","","","","","ND"
"2012-06-09 08:00","2012","06","09","08:00"," ","12,60","","10,70","","88,00","","26,00","","4,00","","","","99,15","","","","","","ND"
"2012-06-09 09:00","2012","06","09","09:00"," ","14,70","","7,80","","63,00","","27,00","","6,00","","","","99,14","","","","","","ND"
"2012-06-09 10:00","2012","06","09","10:00"," ","17,00","","6,70","","51,00","","35,00","","11,00","","","","99,12","","","","","","ND"
"2012-06-09 11:00","2012","06","09","11:00"," ","18,80","","6,80","","46,00","","34,00","","6,00","","","","99,12","","","","","","ND"
"2012-06-09 12:00","2012","06","09","12:00"," ","20,00","","4,00","","35,00","","28,00","","11,00","","","","99,09","","","","","","ND"
"2012-06-09 13:00","2012","06","09","13:00"," ","21,20","","4,90","","34,00","","32,00","","7,00","","","","99,07","","","","","","ND"
"2012-06-09 14:00","2012","06","09","14:00"," ","21,90","","3,10","","29,00","","31,00","","11,00","","","","99,06","","","","","","ND"
"2012-06-09 15:00","2012","06","09","15:00"," ","22,40","","2,50","","27,00","","31,00","","15,00","","","","99,05","","","","","","ND"
"2012-06-09 16:00","2012","06","09","16:00"," ","23,20","","3,50","","28,00","","34,00","","13,00","","","","99,08","","","","","","ND"
"2012-06-09 17:00","2012","06","09","17:00"," ","23,10","","3,00","","27,00","","32,00","","7,00","","","","99,10","","","","","","ND"
"2012-06-09 18:00","2012","06","09","18:00"," ","22,20","","0,60","","24,00","","31,00","","11,00","","","","99,13","","","","","","ND"
"2012-06-09 19:00","2012","06","09","19:00"," ","20,00","","4,10","","35,00","","29,00","","4,00","","","","99,17","","","","","","ND"
"2012-06-09 20:00","2012","06","09","20:00"," ","13,20","","6,20","","62,00","","10,00","","4,00","","","","99,25","","","","","","ND"
"2012-06-09 21:00","2012","06","09","21:00"," ","10,40","","6,60","","77,00","","11,00","","4,00","","","","99,34","","","","","","ND"
"2012-06-09 22:00","2012","06","09","22:00"," ","10,20","","6,30","","77,00","","35,00","","4,00","","","","99,43","","","","","","ND"
"2012-06-09 23:00","2012","06","09","23:00"," ","7,10","","4,90","","86,00","","0,00","","0,00","","","","99,47","","","","","","ND"
"2012-06-10 00:00","2012","06","10","00:00"," ","6,00","","4,40","","89,00","","0,00","","0,00","","","","99,49","","","","","","ND"
"2012-06-10 01:00","2012","06","10","01:00"," ","5,00","","3,40","","89,00","","12,00","","2,00","","","","99,57","","","","","","ND"
"2012-06-10 02:00","2012","06","10","02:00"," ","4,30","","3,00","","91,00","","0,00","","0,00","","","","99,61","","","","","","ND"
"2012-06-10 03:00","2012","06","10","03:00"," ","3,90","","2,60","","91,00","","11,00","","4,00","","","","99,68","","","","","","ND"
"2012-06-10 04:00","2012","06","10","04:00"," ","3,00","","1,80","","92,00","","0,00","","0,00","","","","99,75","","","","","","ND"
"2012-06-10 05:00","2012","06","10","05:00"," ","5,70","","4,70","","93,00","","0,00","","0,00","","","","99,82","","","","","","ND"
"2012-06-10 06:00","2012","06","10","06:00"," ","7,40","","6,40","","93,00","","20,00","","2,00","","","","99,91","","","","","","ND"
"2012-06-10 07:00","2012","06","10","07:00"," ","9,40","","7,00","","85,00","","21,00","","2,00","","","","99,96","","","","","","ND"
"2012-06-10 08:00","2012","06","10","08:00"," ","13,60","","7,70","","67,00","","31,00","","2,00","","","","99,99","","","","","","ND"
"2012-06-10 09:00","2012","06","10","09:00"," ","17,70","","8,00","","53,00","","30,00","","4,00","","","","99,95","","","","","","ND"
"2012-06-10 10:00","2012","06","10","10:00"," ","21,70","","6,50","","37,00","","24,00","","6,00","","","","99,86","","","","","","ND"
"2012-06-10 11:00","2012","06","10","11:00"," ","23,70","","1,30","","23,00","","25,00","","6,00","","","","99,88","","","","","","ND"
"2012-06-10 12:00","2012","06","10","12:00"," ","24,00","","-0,10","","20,00","","12,00","","7,00","","","","99,85","","","","","","ND"
"2012-06-10 13:00","2012","06","10","13:00"," ","25,40","","1,00","","20,00","","22,00","","9,00","","","","99,83","","","","","","ND"
"2012-06-10 14:00","2012","06","10","14:00"," ","26,00","","1,30","","20,00","","12,00","","6,00","","","","99,82","","","","","","ND"
"2012-06-10 15:00","2012","06","10","15:00"," ","26,80","","3,00","","22,00","","17,00","","7,00","","","","99,78","","25,00","","","","ND"
"2012-06-10 16:00","2012","06","10","16:00"," ","26,30","","3,80","","23,00","","18,00","","11,00","","","","99,78","","25,00","","","","ND"
"2012-06-10 17:00","2012","06","10","17:00"," ","24,70","","6,50","","31,00","","15,00","","13,00","","","","99,81","","25,00","","","","ND"
"2012-06-10 18:00","2012","06","10","18:00"," ","23,20","","7,40","","36,00","","16,00","","9,00","","","","99,90","","","","","","ND"
"2012-06-10 19:00","2012","06","10","19:00"," ","22,00","","6,20","","36,00","","16,00","","9,00","","","","99,91","","","","","","ND"
"2012-06-10 20:00","2012","06","10","20:00"," ","20,90","","6,40","","39,00","","16,00","","7,00","","","","99,93","","","","","","ND"
"2012-06-10 21:00","2012","06","10","21:00"," ","19,80","","6,30","","41,00","","16,00","","6,00","","","","99,98","","","","","","ND"
"2012-06-10 22:00","2012","06","10","22:00"," ","19,00","","7,00","","46,00","","15,00","","6,00","","","","99,98","","","","","","ND"
"2012-06-10 23:00","2012","06","10","23:00"," ","18,60","","8,30","","51,00","","16,00","","11,00","","","","100,02","","","","","","ND"
"2012-06-11 00:00","2012","06","11","00:00"," ","16,80","","8,50","","58,00","","15,00","","7,00","","","","100,00","","","","","","ND"
"2012-06-11 01:00","2012","06","11","01:00"," ","16,80","","8,00","","56,00","","15,00","","6,00","","","","99,98","","","","","","ND"
"2012-06-11 02:00","2012","06","11","02:00"," ","15,80","","9,20","","65,00","","15,00","","6,00","","","","99,99","","","","","","ND"
"2012-06-11 03:00","2012","06","11","03:00"," ","16,00","","8,60","","61,00","","18,00","","7,00","","","","99,98","","","","","","ND"
"2012-06-11 04:00","2012","06","11","04:00"," ","15,00","","9,40","","69,00","","12,00","","4,00","","","","100,01","","","","","","ND"
"2012-06-11 05:00","2012","06","11","05:00"," ","13,70","","11,10","","84,00","","17,00","","7,00","","","","100,06","","","","","","ND"
"2012-06-11 06:00","2012","06","11","06:00"," ","14,50","","11,00","","79,00","","13,00","","4,00","","","","100,11","","","","","","ND"
"2012-06-11 07:00","2012","06","11","07:00"," ","15,40","","11,40","","77,00","","17,00","","7,00","","","","100,16","","","","","","ND"
"2012-06-11 08:00","2012","06","11","08:00"," ","17,30","","11,70","","70,00","","18,00","","9,00","","","","100,15","","","","","","ND"
"2012-06-11 09:00","2012","06","11","09:00"," ","19,30","","11,10","","59,00","","18,00","","17,00","","","","100,09","","","","","","ND"
"2012-06-11 10:00","2012","06","11","10:00"," ","21,80","","11,70","","53,00","","17,00","","13,00","","","","100,03","","","","","","ND"
"2012-06-11 11:00","2012","06","11","11:00"," ","24,40","","12,00","","46,00","","16,00","","15,00","","","","99,94","","27,00","","","","ND"
"2012-06-11 12:00","2012","06","11","12:00"," ","26,40","","12,80","","43,00","","16,00","","13,00","","","","99,87","","29,00","","","","ND"
"2012-06-11 13:00","2012","06","11","13:00"," ","27,60","","13,10","","41,00","","14,00","","15,00","","","","99,78","","30,00","","","","ND"
"2012-06-11 14:00","2012","06","11","14:00"," ","29,20","","14,10","","40,00","","17,00","","13,00","","","","99,73","","33,00","","","","ND"
"2012-06-11 15:00","2012","06","11","15:00"," ","29,40","","14,80","","41,00","","18,00","","19,00","","","","99,68","","33,00","","","","ND"
"2012-06-11 16:00","2012","06","11","16:00"," ","29,10","","15,80","","45,00","","16,00","","17,00","","","","99,62","","34,00","","","","ND"
"2012-06-11 17:00","2012","06","11","17:00"," ","28,50","","16,30","","48,00","","17,00","","17,00","","","","99,59","","33,00","","","","ND"
"2012-06-11 18:00","2012","06","11","18:00"," ","27,80","","16,50","","50,00","","16,00","","13,00","","","","99,58","","33,00","","","","ND"
"2012-06-11 19:00","2012","06","11","19:00"," ","26,20","","16,70","","56,00","","16,00","","11,00","","","","99,57","","31,00","","","","ND"
"2012-06-11 20:00","2012","06","11","20:00"," ","24,60","","17,10","","63,00","","16,00","","9,00","","","","99,56","","30,00","","","","ND"
"2012-06-11 21:00","2012","06","11","21:00"," ","23,70","","17,40","","68,00","","16,00","","9,00","","","","99,57","","29,00","","","","ND"
"2012-06-11 22:00","2012","06","11","22:00"," ","22,30","","17,00","","72,00","","16,00","","6,00","","","","99,55","","28,00","","","","ND"
"2012-06-11 23:00","2012","06","11","23:00"," ","20,90","","17,00","","78,00","","15,00","","6,00","","","","99,50","","26,00","","","","ND"
"2012-06-12 00:00","2012","06","12","00:00"," ","19,80","","17,00","","84,00","","16,00","","4,00","","","","99,48","","","","","","ND"
"2012-06-12 01:00","2012","06","12","01:00"," ","20,50","","17,00","","80,00","","16,00","","7,00","","","","99,45","","26,00","","","","ND"
"2012-06-12 02:00","2012","06","12","02:00"," ","20,50","","17,10","","81,00","","17,00","","6,00","","","","99,45","","26,00","","","","ND"
"2012-06-12 03:00","2012","06","12","03:00"," ","20,80","","16,60","","77,00","","14,00","","7,00","","","","99,39","","26,00","","","","ND"
"2012-06-12 04:00","2012","06","12","04:00"," ","20,20","","16,00","","77,00","","15,00","","7,00","","","","99,38","","25,00","","","","ND"
"2012-06-12 05:00","2012","06","12","05:00"," ","19,90","","15,40","","75,00","","14,00","","11,00","","","","99,38","","","","","","ND"
"2012-06-12 06:00","2012","06","12","06:00"," ","20,10","","15,10","","73,00","","16,00","","11,00","","","","99,37","","","","","","ND"
"2012-06-12 07:00","2012","06","12","07:00"," ","20,20","","15,10","","72,00","","14,00","","11,00","","","","99,36","","","","","","ND"
"2012-06-12 08:00","2012","06","12","08:00"," ","21,60","","15,40","","68,00","","16,00","","13,00","","","","99,31","","26,00","","","","ND"
"2012-06-12 09:00","2012","06","12","09:00"," ","23,20","","15,60","","62,00","","16,00","","13,00","","","","99,25","","28,00","","","","ND"
"2012-06-12 10:00","2012","06","12","10:00"," ","23,70","","15,60","","60,00","","15,00","","15,00","","","","99,20","","28,00","","","","ND"
"2012-06-12 11:00","2012","06","12","11:00"," ","24,40","","15,80","","59,00","","16,00","","17,00","","","","99,14","","29,00","","","","ND"
"2012-06-12 12:00","2012","06","12","12:00"," ","25,40","","16,30","","57,00","","15,00","","13,00","","","","99,05","","30,00","","","","ND"
"2012-06-12 13:00","2012","06","12","13:00"," ","24,90","","15,10","","54,00","","18,00","","20,00","","","","99,03","","29,00","","","","ND"
"2012-06-12 14:00","2012","06","12","14:00"," ","21,80","","15,50","","67,00","","17,00","","13,00","","","","99,00","","26,00","","","","ND"
"2012-06-12 15:00","2012","06","12","15:00"," ","22,60","","17,80","","74,00","","15,00","","9,00","","","","98,89","","28,00","","","","ND"
"2012-06-12 16:00","2012","06","12","16:00"," ","22,10","","16,40","","70,00","","16,00","","11,00","","","","98,89","","27,00","","","","ND"
"2012-06-12 17:00","2012","06","12","17:00"," ","21,10","","16,90","","77,00","","17,00","","9,00","","","","98,92","","26,00","","","","ND"
"2012-06-12 18:00","2012","06","12","18:00"," ","20,20","","16,00","","77,00","","17,00","","15,00","","","","98,93","","25,00","","","","ND"
"2012-06-12 19:00","2012","06","12","19:00"," ","18,80","","15,90","","83,00","","17,00","","11,00","","","","98,93","","","","","","ND"
"2012-06-12 20:00","2012","06","12","20:00"," ","18,10","","15,40","","84,00","","17,00","","13,00","","","","98,91","","","","","","ND"
"2012-06-12 21:00","2012","06","12","21:00"," ","17,50","","14,80","","84,00","","15,00","","9,00","","","","98,89","","","","","","ND"
"2012-06-12 22:00","2012","06","12","22:00"," ","17,50","","15,00","","85,00","","16,00","","9,00","","","","98,86","","","","","","ND"
"2012-06-12 23:00","2012","06","12","23:00"," ","17,20","","15,50","","90,00","","16,00","","6,00","","","","98,83","","","","","","ND"
"2012-06-13 00:00","2012","06","13","00:00"," ","17,10","","15,40","","90,00","","16,00","","7,00","","","","98,81","","","","","","ND"
"2012-06-13 01:00","2012","06","13","01:00"," ","17,00","","15,50","","91,00","","15,00","","2,00","","","","98,78","","","","","","ND"
"2012-06-13 02:00","2012","06","13","02:00"," ","17,10","","15,60","","91,00","","16,00","","6,00","","","","98,73","","","","","","ND"
"2012-06-13 03:00","2012","06","13","03:00"," ","17,10","","15,70","","91,00","","14,00","","4,00","","","","98,74","","","","","","ND"
"2012-06-13 04:00","2012","06","13","04:00"," ","17,10","","15,70","","91,00","","17,00","","4,00","","","","98,75","","","","","","ND"
"2012-06-13 05:00","2012","06","13","05:00"," ","14,30","","11,90","","85,00","","31,00","","17,00","","","","99,00","","","","","","ND"
"2012-06-13 06:00","2012","06","13","06:00"," ","11,90","","9,30","","84,00","","33,00","","19,00","","","","99,13","","","","","","ND"
"2012-06-13 07:00","2012","06","13","07:00"," ","12,00","","9,10","","82,00","","33,00","","17,00","","","","99,28","","","","","","ND"
"2012-06-13 08:00","2012","06","13","08:00"," ","12,10","","9,10","","82,00","","30,00","","15,00","","","","99,41","","","","","","ND"
"2012-06-13 09:00","2012","06","13","09:00"," ","12,60","","8,30","","75,00","","31,00","","19,00","","","","99,49","","","","","","ND"
"2012-06-13 10:00","2012","06","13","10:00"," ","14,30","","8,50","","68,00","","33,00","","19,00","","","","99,59","","","","","","ND"
"2012-06-13 11:00","2012","06","13","11:00"," ","16,30","","7,70","","57,00","","33,00","","19,00","","","","99,61","","","","","","ND"
"2012-06-13 12:00","2012","06","13","12:00"," ","17,90","","6,90","","49,00","","34,00","","20,00","","","","99,68","","","","","","ND"
"2012-06-13 13:00","2012","06","13","13:00"," ","18,60","","6,40","","45,00","","31,00","","17,00","","","","99,72","","","","","","ND"
"2012-06-13 14:00","2012","06","13","14:00"," ","19,30","","5,20","","40,00","","33,00","","19,00","","","","99,76","","","","","","ND"
"2012-06-13 15:00","2012","06","13","15:00"," ","19,60","","4,60","","37,00","","30,00","","17,00","","","","99,82","","","","","","ND"
"2012-06-13 16:00","2012","06","13","16:00"," ","19,90","","4,20","","35,00","","31,00","","17,00","","","","99,88","","","","","","ND"
"2012-06-13 17:00","2012","06","13","17:00"," ","20,00","","3,80","","34,00","","31,00","","15,00","","","","99,92","","","","","","ND"
"2012-06-13 18:00","2012","06","13","18:00"," ","19,10","","3,00","","34,00","","32,00","","15,00","","","","99,96","","","","","","ND"
"2012-06-13 19:00","2012","06","13","19:00"," ","17,90","","3,90","","39,00","","32,00","","7,00","","","","100,05","","","","","","ND"
"2012-06-13 20:00","2012","06","13","20:00"," ","13,20","","5,50","","60,00","","1,00","","4,00","","","","100,11","","","","","","ND"
"2012-06-13 21:00","2012","06","13","21:00"," ","11,50","","5,00","","64,00","","33,00","","4,00","","","","100,19","","","","","","ND"
"2012-06-13 22:00","2012","06","13","22:00"," ","8,20","","5,20","","81,00","","11,00","","2,00","","","","100,25","","","","","","ND"
"2012-06-13 23:00","2012","06","13","23:00"," ","6,90","","4,80","","86,00","","0,00","","0,00","","","","100,31","","","","","","ND"
"2012-06-14 00:00","2012","06","14","00:00"," ","6,00","","4,50","","90,00","","14,00","","2,00","","","","100,39","","","","","","ND"
"2012-06-14 01:00","2012","06","14","01:00"," ","4,60","","3,00","","89,00","","0,00","","0,00","","","","100,41","","","","","","ND"
"2012-06-14 02:00","2012","06","14","02:00"," ","4,00","","2,80","","92,00","","15,00","","2,00","","","","100,45","","","","","","ND"
"2012-06-14 03:00","2012","06","14","03:00"," ","3,60","","2,40","","92,00","","15,00","","2,00","","","","100,52","","","","","","ND"
"2012-06-14 04:00","2012","06","14","04:00"," ","2,90","","1,80","","92,00","","0,00","","0,00","","","","100,59","","","","","","ND"
"2012-06-14 05:00","2012","06","14","05:00"," ","5,80","","4,70","","93,00","","9,00","","2,00","","","","100,68","","","","","","ND"
"2012-06-14 06:00","2012","06","14","06:00"," ","7,50","","4,80","","83,00","","33,00","","6,00","","","","100,75","","","","","","ND"
"2012-06-14 07:00","2012","06","14","07:00"," ","10,40","","5,90","","74,00","","31,00","","4,00","","","","100,83","","","","","","ND"
"2012-06-14 08:00","2012","06","14","08:00"," ","13,00","","6,00","","62,00","","34,00","","6,00","","","","100,84","","","","","","ND"
"2012-06-14 09:00","2012","06","14","09:00"," ","15,90","","5,50","","50,00","","34,00","","6,00","","","","100,84","","","","","","ND"
"2012-06-14 10:00","2012","06","14","10:00"," ","17,80","","3,80","","39,00","","3,00","","7,00","","","","100,80","","","","","","ND"
"2012-06-14 11:00","2012","06","14","11:00"," ","19,50","","3,70","","35,00","","35,00","","15,00","","","","100,76","","","","","","ND"
"2012-06-14 12:00","2012","06","14","12:00"," ","20,10","","4,20","","35,00","","36,00","","11,00","","","","100,73","","","","","","ND"
"2012-06-14 13:00","2012","06","14","13:00"," ","20,80","","4,20","","34,00","","35,00","","15,00","","","","100,69","","","","","","ND"
"2012-06-14 14:00","2012","06","14","14:00"," ","21,20","","3,00","","30,00","","30,00","","9,00","","","","100,63","","","","","","ND"
"2012-06-14 15:00","2012","06","14","15:00"," ","22,50","","4,20","","30,00","","32,00","","7,00","","","","100,56","","","","","","ND"
"2012-06-14 16:00","2012","06","14","16:00"," ","22,30","","3,80","","30,00","","33,00","","15,00","","","","100,61","","","","","","ND"
"2012-06-14 17:00","2012","06","14","17:00"," ","22,50","","4,10","","30,00","","31,00","","7,00","","","","100,66","","","","","","ND"
"2012-06-14 18:00","2012","06","14","18:00"," ","22,30","","4,50","","31,00","","30,00","","7,00","","","","100,67","","","","","","ND"
"2012-06-14 19:00","2012","06","14","19:00"," ","21,60","","6,70","","38,00","","2,00","","2,00","","","","100,65","","","","","","ND"
"2012-06-14 20:00","2012","06","14","20:00"," ","14,70","","7,50","","62,00","","10,00","","2,00","","","","100,68","","","","","","ND"
"2012-06-14 21:00","2012","06","14","21:00"," ","12,30","","6,80","","69,00","","26,00","","2,00","","","","100,72","","","","","","ND"
"2012-06-14 22:00","2012","06","14","22:00"," ","10,90","","6,20","","73,00","","15,00","","2,00","","","","100,78","","","","","","ND"
"2012-06-14 23:00","2012","06","14","23:00"," ","8,40","","5,60","","83,00","","0,00","","0,00","","","","100,78","","","","","","ND"
"2012-06-15 00:00","2012","06","15","00:00"," ","8,00","","6,30","","89,00","","14,00","","4,00","","","","100,81","","","","","","ND"
"2012-06-15 01:00","2012","06","15","01:00"," ","6,60","","4,90","","89,00","","12,00","","4,00","","","","100,82","","","","","","ND"
"2012-06-15 02:00","2012","06","15","02:00"," ","5,40","","4,10","","91,00","","0,00","","0,00","","","","100,83","","","","","","ND"
"2012-06-15 03:00","2012","06","15","03:00"," ","4,60","","3,30","","91,00","","13,00","","2,00","","","","100,89","","","","","","ND"
"2012-06-15 04:00","2012","06","15","04:00"," ","4,20","","2,90","","91,00","","11,00","","2,00","","","","100,91","","","","","","ND"
"2012-06-15 05:00","2012","06","15","05:00"," ","5,60","","4,40","","92,00","","0,00","","0,00","","","","100,98","","","","","","ND"
"2012-06-15 06:00","2012","06","15","06:00"," ","8,90","","5,50","","79,00","","35,00","","4,00","","","","101,00","","","","","","ND"
"2012-06-15 07:00","2012","06","15","07:00"," ","11,70","","5,80","","67,00","","34,00","","6,00","","","","101,06","","","","","","ND"
"2012-06-15 08:00","2012","06","15","08:00"," ","14,40","","5,80","","56,00","","33,00","","6,00","","","","101,06","","","","","","ND"
"2012-06-15 09:00","2012","06","15","09:00"," ","18,40","","7,80","","50,00","","33,00","","4,00","","","","100,98","","","","","","ND"
"2012-06-15 10:00","2012","06","15","10:00"," ","21,10","","6,30","","38,00","","25,00","","6,00","","","","100,95","","","","","","ND"
"2012-06-15 11:00","2012","06","15","11:00"," ","22,40","","4,10","","30,00","","15,00","","7,00","","","","100,89","","","","","","ND"
"2012-06-15 12:00","2012","06","15","12:00"," ","23,70","","4,40","","29,00","","15,00","","9,00","","","","100,80","","","","","","ND"
"2012-06-15 13:00","2012","06","15","13:00"," ","23,80","","4,10","","28,00","","12,00","","6,00","","","","100,76","","","","","","ND"
"2012-06-15 14:00","2012","06","15","14:00"," ","24,60","","5,00","","28,00","","24,00","","11,00","","","","100,70","","","","","","ND"
"2012-06-15 15:00","2012","06","15","15:00"," ","25,20","","4,90","","27,00","","21,00","","9,00","","","","100,64","","","","","","ND"
"2012-06-15 16:00","2012","06","15","16:00"," ","25,10","","5,10","","28,00","","21,00","","9,00","","","","100,57","","","","","","ND"
"2012-06-15 17:00","2012","06","15","17:00"," ","24,20","","6,20","","31,00","","21,00","","9,00","","","","100,54","","","","","","ND"
"2012-06-15 18:00","2012","06","15","18:00"," ","23,40","","6,70","","34,00","","19,00","","9,00","","","","100,58","","","","","","ND"
"2012-06-15 19:00","2012","06","15","19:00"," ","22,30","","6,80","","37,00","","16,00","","4,00","","","","100,58","","","","","","ND"
"2012-06-15 20:00","2012","06","15","20:00"," ","18,80","","7,70","","48,00","","13,00","","6,00","","","","100,59","","","","","","ND"
"2012-06-15 21:00","2012","06","15","21:00"," ","14,30","","8,80","","69,00","","19,00","","2,00","","","","100,62","","","","","","ND"
"2012-06-15 22:00","2012","06","15","22:00"," ","11,00","","7,80","","81,00","","11,00","","2,00","","","","100,64","","","","","","ND"
"2012-06-15 23:00","2012","06","15","23:00"," ","9,40","","7,10","","86,00","","0,00","","0,00","","","","100,66","","","","","","ND"
"2012-06-16 00:00","2012","06","16","00:00"," ","9,20","","7,00","","86,00","","17,00","","2,00","","","","100,66","","","","","","ND"
"2012-06-16 01:00","2012","06","16","01:00"," ","8,40","","6,80","","90,00","","18,00","","2,00","","","","100,66","","","","","","ND"
"2012-06-16 02:00","2012","06","16","02:00"," ","7,80","","6,50","","91,00","","18,00","","2,00","","","","100,69","","","","","","ND"
"2012-06-16 03:00","2012","06","16","03:00"," ","6,80","","5,50","","91,00","","28,00","","2,00","","","","100,70","","","","","","ND"
"2012-06-16 04:00","2012","06","16","04:00"," ","7,40","","6,10","","91,00","","11,00","","2,00","","","","100,74","","","","","","ND"
"2012-06-16 05:00","2012","06","16","05:00"," ","9,10","","7,70","","91,00","","14,00","","2,00","","","","100,77","","","","","","ND"
"2012-06-16 06:00","2012","06","16","06:00"," ","10,40","","8,50","","88,00","","0,00","","0,00","","","","100,77","","","","","","ND"
"2012-06-16 07:00","2012","06","16","07:00"," ","11,60","","9,10","","85,00","","0,00","","0,00","","","","100,77","","","","","","ND"
"2012-06-16 08:00","2012","06","16","08:00"," ","14,20","","10,00","","76,00","","25,00","","6,00","","","","100,73","","","","","","ND"
"2012-06-16 09:00","2012","06","16","09:00"," ","17,40","","9,90","","61,00","","19,00","","6,00","","","","100,70","","","","","","ND"
"2012-06-16 10:00","2012","06","16","10:00"," ","20,10","","9,60","","51,00","","22,00","","7,00","","","","100,62","","","","","","ND"
"2012-06-16 11:00","2012","06","16","11:00"," ","23,50","","9,30","","40,00","","20,00","","13,00","","","","100,55","","","","","","ND"
"2012-06-16 12:00","2012","06","16","12:00"," ","25,50","","9,60","","37,00","","18,00","","13,00","","","","100,48","","27,00","","","","ND"
"2012-06-16 13:00","2012","06","16","13:00"," ","26,30","","6,70","","29,00","","20,00","","17,00","","","","100,41","","26,00","","","","ND"
"2012-06-16 14:00","2012","06","16","14:00"," ","26,70","","7,60","","30,00","","19,00","","17,00","","","","100,34","","27,00","","","","ND"
"2012-06-16 15:00","2012","06","16","15:00"," ","27,20","","8,30","","30,00","","18,00","","15,00","","","","100,29","","28,00","","","","ND"
"2012-06-16 16:00","2012","06","16","16:00"," ","26,70","","8,90","","33,00","","17,00","","9,00","","","","100,22","","27,00","","","","ND"
"2012-06-16 17:00","2012","06","16","17:00"," ","26,20","","9,40","","35,00","","15,00","","9,00","","","","100,19","","27,00","","","","ND"
"2012-06-16 18:00","2012","06","16","18:00"," ","25,10","","9,10","","36,00","","15,00","","9,00","","","","100,16","","26,00","","","","ND"
"2012-06-16 19:00","2012","06","16","19:00"," ","23,40","","9,90","","42,00","","14,00","","11,00","","","","100,13","","25,00","","","","ND"
"2012-06-16 20:00","2012","06","16","20:00"," ","19,80","","10,00","","53,00","","18,00","","6,00","","","","100,09","","","","","","ND"
"2012-06-16 21:00","2012","06","16","21:00"," ","18,50","","11,10","","62,00","","14,00","","6,00","","","","100,12","","","","","","ND"
"2012-06-16 22:00","2012","06","16","22:00"," ","15,20","","11,50","","79,00","","13,00","","6,00","","","","100,10","","","","","","ND"
"2012-06-16 23:00","2012","06","16","23:00"," ","13,10","","10,40","","84,00","","15,00","","2,00","","","","100,09","","","","","","ND"
"2012-06-17 00:00","2012","06","17","00:00"," ","12,10","","10,00","","87,00","","0,00","","0,00","","","","100,08","","","","","","ND"
"2012-06-17 01:00","2012","06","17","01:00"," ","11,10","","9,00","","87,00","","14,00","","2,00","","","","100,06","","","","","","ND"
"2012-06-17 02:00","2012","06","17","02:00"," ","10,80","","9,10","","89,00","","11,00","","4,00","","","","100,04","","","","","","ND"
"2012-06-17 03:00","2012","06","17","03:00"," ","10,10","","8,70","","91,00","","19,00","","2,00","","","","100,03","","","","","","ND"
"2012-06-17 04:00","2012","06","17","04:00"," ","8,90","","7,50","","91,00","","11,00","","2,00","","","","100,00","","","","","","ND"
"2012-06-17 05:00","2012","06","17","05:00"," ","11,20","","10,00","","92,00","","0,00","","0,00","","","","100,01","","","","","","ND"
"2012-06-17 06:00","2012","06","17","06:00"," ","14,00","","11,30","","84,00","","20,00","","2,00","","","","100,03","","","","","","ND"
"2012-06-17 07:00","2012","06","17","07:00"," ","18,40","","12,50","","68,00","","18,00","","11,00","","","","99,98","","","","","","ND"
"2012-06-17 08:00","2012","06","17","08:00"," ","20,50","","12,50","","60,00","","18,00","","17,00","","","","99,93","","","","","","ND"
"2012-06-17 09:00","2012","06","17","09:00"," ","22,70","","14,00","","58,00","","15,00","","11,00","","","","99,85","","26,00","","","","ND"
"2012-06-17 10:00","2012","06","17","10:00"," ","24,30","","13,60","","51,00","","18,00","","15,00","","","","99,83","","27,00","","","","ND"
"2012-06-17 11:00","2012","06","17","11:00"," ","25,90","","13,60","","47,00","","17,00","","15,00","","","","99,77","","29,00","","","","ND"
"2012-06-17 12:00","2012","06","17","12:00"," ","26,20","","13,50","","45,00","","18,00","","17,00","","","","99,69","","29,00","","","","ND"
"2012-06-17 13:00","2012","06","17","13:00"," ","27,80","","13,90","","42,00","","17,00","","17,00","","","","99,60","","31,00","","","","ND"
"2012-06-17 14:00","2012","06","17","14:00"," ","27,40","","14,20","","44,00","","17,00","","19,00","","","","99,52","","31,00","","","","ND"
"2012-06-17 15:00","2012","06","17","15:00"," ","28,00","","14,20","","43,00","","17,00","","17,00","","","","99,45","","31,00","","","","ND"
"2012-06-17 16:00","2012","06","17","16:00"," ","28,30","","13,90","","41,00","","18,00","","17,00","","","","99,40","","32,00","","","","ND"
"2012-06-17 17:00","2012","06","17","17:00"," ","27,40","","14,10","","44,00","","17,00","","19,00","","","","99,36","","31,00","","","","ND"
"2012-06-17 18:00","2012","06","17","18:00"," ","25,80","","14,30","","49,00","","16,00","","13,00","","","","99,36","","29,00","","","","ND"
"2012-06-17 19:00","2012","06","17","19:00"," ","24,90","","14,40","","52,00","","15,00","","9,00","","","","99,36","","29,00","","","","ND"
"2012-06-17 20:00","2012","06","17","20:00"," ","22,70","","14,30","","59,00","","17,00","","7,00","","","","99,40","","26,00","","","","ND"
"2012-06-17 21:00","2012","06","17","21:00"," ","20,90","","14,70","","68,00","","16,00","","6,00","","","","99,44","","25,00","","","","ND"
"2012-06-17 22:00","2012","06","17","22:00"," ","19,60","","14,60","","73,00","","18,00","","6,00","","","","99,45","","","","","","ND"
"2012-06-17 23:00","2012","06","17","23:00"," ","19,00","","14,90","","77,00","","15,00","","6,00","","","","99,45","","","","","","ND"
"2012-06-18 00:00","2012","06","18","00:00"," ","18,10","","14,50","","79,00","","15,00","","6,00","","","","99,46","","","","","","ND"
"2012-06-18 01:00","2012","06","18","01:00"," ","17,70","","14,40","","81,00","","17,00","","4,00","","","","99,46","","","","","","ND"
"2012-06-18 02:00","2012","06","18","02:00"," ","17,30","","14,30","","83,00","","17,00","","6,00","","","","99,45","","","","","","ND"
"2012-06-18 03:00","2012","06","18","03:00"," ","18,60","","13,70","","73,00","","16,00","","9,00","","","","99,45","","","","","","ND"
"2012-06-18 04:00","2012","06","18","04:00"," ","18,60","","13,80","","74,00","","16,00","","7,00","","","","99,50","","","","","","ND"
"2012-06-18 05:00","2012","06","18","05:00"," ","18,20","","13,30","","73,00","","15,00","","7,00","","","","99,53","","","","","","ND"
"2012-06-18 06:00","2012","06","18","06:00"," ","18,50","","13,70","","74,00","","14,00","","9,00","","","","99,52","","","","","","ND"
"2012-06-18 07:00","2012","06","18","07:00"," ","19,40","","13,80","","70,00","","16,00","","13,00","","","","99,57","","","","","","ND"
"2012-06-18 08:00","2012","06","18","08:00"," ","21,40","","14,10","","63,00","","16,00","","11,00","","","","99,58","","25,00","","","","ND"
"2012-06-18 09:00","2012","06","18","09:00"," ","23,30","","14,80","","59,00","","15,00","","11,00","","","","99,56","","27,00","","","","ND"
"2012-06-18 10:00","2012","06","18","10:00"," ","24,00","","14,70","","56,00","","15,00","","13,00","","","","99,56","","28,00","","","","ND"
"2012-06-18 11:00","2012","06","18","11:00"," ","25,30","","14,60","","52,00","","16,00","","15,00","","","","99,55","","29,00","","","","ND"
"2012-06-18 12:00","2012","06","18","12:00"," ","27,10","","14,00","","45,00","","18,00","","19,00","","","","99,52","","30,00","","","","ND"
"2012-06-18 13:00","2012","06","18","13:00"," ","26,70","","12,00","","40,00","","16,00","","20,00","","","","99,48","","29,00","","","","ND"
"2012-06-18 14:00","2012","06","18","14:00"," ","27,70","","12,20","","38,00","","17,00","","19,00","","","","99,46","","30,00","","","","ND"
"2012-06-18 15:00","2012","06","18","15:00"," ","27,70","","11,50","","37,00","","18,00","","20,00","","","","99,44","","30,00","","","","ND"
"2012-06-18 16:00","2012","06","18","16:00"," ","26,30","","11,90","","41,00","","17,00","","17,00","","","","99,42","","29,00","","","","ND"
"2012-06-18 17:00","2012","06","18","17:00"," ","26,40","","11,90","","40,00","","17,00","","13,00","","","","99,40","","29,00","","","","ND"
"2012-06-18 18:00","2012","06","18","18:00"," ","25,30","","12,90","","46,00","","16,00","","11,00","","","","99,40","","28,00","","","","ND"
"2012-06-18 19:00","2012","06","18","19:00"," ","23,50","","12,00","","48,00","","16,00","","7,00","","","","99,43","","26,00","","","","ND"
"2012-06-18 20:00","2012","06","18","20:00"," ","21,40","","12,40","","56,00","","14,00","","6,00","","","","99,45","","","","","","ND"
"2012-06-18 21:00","2012","06","18","21:00"," ","19,60","","12,60","","64,00","","13,00","","6,00","","","","99,43","","","","","","ND"
"2012-06-18 22:00","2012","06","18","22:00"," ","18,30","","12,90","","71,00","","15,00","","6,00","","","","99,45","","","","","","ND"
"2012-06-18 23:00","2012","06","18","23:00"," ","17,40","","12,60","","73,00","","12,00","","4,00","","","","99,50","","","","","","ND"
"2012-06-19 00:00","2012","06","19","00:00"," ","16,50","","12,90","","79,00","","18,00","","6,00","","","","99,48","","","","","","ND"
"2012-06-19 01:00","2012","06","19","01:00"," ","16,10","","12,60","","80,00","","15,00","","4,00","","","","99,51","","","","","","ND"
"2012-06-19 02:00","2012","06","19","02:00"," ","17,80","","12,90","","73,00","","16,00","","6,00","","","","99,44","","","","","","ND"
"2012-06-19 03:00","2012","06","19","03:00"," ","17,00","","12,90","","77,00","","17,00","","6,00","","","","99,46","","","","","","ND"
"2012-06-19 04:00","2012","06","19","04:00"," ","17,20","","12,90","","76,00","","16,00","","7,00","","","","99,44","","","","","","ND"
"2012-06-19 05:00","2012","06","19","05:00"," ","17,50","","13,40","","77,00","","16,00","","9,00","","","","99,46","","","","","","ND"
"2012-06-19 06:00","2012","06","19","06:00"," ","18,00","","13,20","","74,00","","17,00","","11,00","","","","99,48","","","","","","ND"
"2012-06-19 07:00","2012","06","19","07:00"," ","19,00","","13,70","","71,00","","16,00","","13,00","","","","99,38","","","","","","ND"
"2012-06-19 08:00","2012","06","19","08:00"," ","20,00","","14,40","","70,00","","17,00","","13,00","","","","99,35","","","","","","ND"
"2012-06-19 09:00","2012","06","19","09:00"," ","21,70","","15,30","","67,00","","17,00","","13,00","","","","99,25","","26,00","","","","ND"
"2012-06-19 10:00","2012","06","19","10:00"," ","21,90","","15,20","","66,00","","17,00","","15,00","","","","99,27","","26,00","","","","ND"
"2012-06-19 11:00","2012","06","19","11:00"," ","21,20","","15,30","","69,00","","18,00","","17,00","","","","99,27","","25,00","","","","ND"
"2012-06-19 12:00","2012","06","19","12:00"," ","21,50","","15,60","","69,00","","18,00","","17,00","","","","99,28","","26,00","","","","ND"
"2012-06-19 13:00","2012","06","19","13:00"," ","22,60","","15,90","","66,00","","17,00","","15,00","","","","99,29","","27,00","","","","ND"
"2012-06-19 14:00","2012","06","19","14:00"," ","25,50","","17,10","","60,00","","18,00","","19,00","","","","99,15","","31,00","","","","ND"
"2012-06-19 15:00","2012","06","19","15:00"," ","24,70","","17,40","","64,00","","17,00","","17,00","","","","99,13","","30,00","","","","ND"
"2012-06-19 16:00","2012","06","19","16:00"," ","26,10","","17,80","","60,00","","18,00","","19,00","","","","99,11","","32,00","","","","ND"
"2012-06-19 17:00","2012","06","19","17:00"," ","25,50","","17,80","","62,00","","18,00","","15,00","","","","99,07","","31,00","","","","ND"
"2012-06-19 18:00","2012","06","19","18:00"," ","25,30","","17,00","","60,00","","26,00","","13,00","","","","99,20","","31,00","","","","ND"
"2012-06-19 19:00","2012","06","19","19:00"," ","24,00","","17,00","","65,00","","20,00","","9,00","","","","99,15","","29,00","","","","ND"
"2012-06-19 20:00","2012","06","19","20:00"," ","23,30","","17,20","","69,00","","13,00","","6,00","","","","99,13","","29,00","","","","ND"
"2012-06-19 21:00","2012","06","19","21:00"," ","22,80","","17,10","","70,00","","17,00","","9,00","","","","99,20","","28,00","","","","ND"
"2012-06-19 22:00","2012","06","19","22:00"," ","22,20","","17,00","","72,00","","15,00","","4,00","","","","99,20","","27,00","","","","ND"
"2012-06-19 23:00","2012","06","19","23:00"," ","21,40","","17,40","","78,00","","14,00","","2,00","","","","99,16","","27,00","","","","ND"
"2012-06-20 00:00","2012","06","20","00:00"," ","20,50","","17,40","","82,00","","12,00","","4,00","","","","99,13","","26,00","","","","ND"
"2012-06-20 01:00","2012","06","20","01:00"," ","20,20","","17,20","","83,00","","15,00","","4,00","","","","99,13","","26,00","","","","ND"
"2012-06-20 02:00","2012","06","20","02:00"," ","20,40","","17,80","","85,00","","36,00","","9,00","","","","99,22","","26,00","","","","ND"
"2012-06-20 03:00","2012","06","20","03:00"," ","18,80","","16,70","","88,00","","10,00","","2,00","","","","99,27","","","","","","ND"
"2012-06-20 04:00","2012","06","20","04:00"," ","17,90","","16,40","","91,00","","0,00","","0,00","","","","99,28","","","","","","ND"
"2012-06-20 05:00","2012","06","20","05:00"," ","18,50","","16,90","","90,00","","0,00","","0,00","","","","99,33","","","","","","ND"
"2012-06-20 06:00","2012","06","20","06:00"," ","21,00","","18,40","","85,00","","17,00","","4,00","","","","99,39","","27,00","","","","ND"
"2012-06-20 07:00","2012","06","20","07:00"," ","22,00","","16,60","","71,00","","29,00","","6,00","","","","99,46","","27,00","","","","ND"
"2012-06-20 08:00","2012","06","20","08:00"," ","21,90","","14,30","","62,00","","1,00","","4,00","","","","99,43","","25,00","","","","ND"
"2012-06-20 09:00","2012","06","20","09:00"," ","22,20","","15,20","","65,00","","35,00","","9,00","","","","99,48","","26,00","","","","ND"
"2012-06-20 10:00","2012","06","20","10:00"," ","24,20","","13,90","","53,00","","33,00","","11,00","","","","99,44","","28,00","","","","ND"
"2012-06-20 11:00","2012","06","20","11:00"," ","25,10","","13,10","","47,00","","32,00","","7,00","","","","99,40","","28,00","","","","ND"
"2012-06-20 12:00","2012","06","20","12:00"," ","27,10","","14,20","","45,00","","35,00","","13,00","","","","99,38","","31,00","","","","ND"
"2012-06-20 13:00","2012","06","20","13:00"," ","27,60","","14,90","","46,00","","2,00","","11,00","","","","99,33","","32,00","","","","ND"
"2012-06-20 14:00","2012","06","20","14:00"," ","28,00","","14,80","","45,00","","34,00","","7,00","","","","99,26","","32,00","","","","ND"
"2012-06-20 15:00","2012","06","20","15:00"," ","28,20","","15,10","","45,00","","34,00","","7,00","","","","99,20","","32,00","","","","ND"
"2012-06-20 16:00","2012","06","20","16:00"," ","28,50","","15,00","","44,00","","2,00","","6,00","","","","99,17","","32,00","","","","ND"
"2012-06-20 17:00","2012","06","20","17:00"," ","29,20","","15,50","","43,00","","32,00","","9,00","","","","99,10","","33,00","","","","ND"
"2012-06-20 18:00","2012","06","20","18:00"," ","28,50","","16,00","","47,00","","3,00","","6,00","","","","99,05","","33,00","","","","ND"
"2012-06-20 19:00","2012","06","20","19:00"," ","26,40","","15,80","","52,00","","1,00","","2,00","","","","99,04","","31,00","","","","ND"
"2012-06-20 20:00","2012","06","20","20:00"," ","24,60","","17,20","","63,00","","35,00","","7,00","","","","99,04","","30,00","","","","ND"
"2012-06-20 21:00","2012","06","20","21:00"," ","18,30","","15,30","","83,00","","35,00","","13,00","","","","99,14","","","","","","ND"
"2012-06-20 22:00","2012","06","20","22:00"," ","17,40","","14,90","","85,00","","35,00","","7,00","","","","99,13","","","","","","ND"
"2012-06-20 23:00","2012","06","20","23:00"," ","16,60","","14,50","","87,00","","1,00","","2,00","","","","99,10","","","","","","ND"
"2012-06-21 00:00","2012","06","21","00:00"," ","16,80","","14,40","","86,00","","35,00","","6,00","","","","99,10","","","","","","ND"
"2012-06-21 01:00","2012","06","21","01:00"," ","16,60","","14,60","","88,00","","33,00","","7,00","","","","99,06","","","","","","ND"
"2012-06-21 02:00","2012","06","21","02:00"," ","16,30","","14,10","","87,00","","34,00","","9,00","","","","99,07","","","","","","ND"
"2012-06-21 03:00","2012","06","21","03:00"," ","15,60","","13,60","","88,00","","33,00","","4,00","","","","99,01","","","","","","ND"
"2012-06-21 04:00","2012","06","21","04:00"," ","15,90","","13,90","","88,00","","32,00","","4,00","","","","99,01","","","","","","ND"
"2012-06-21 05:00","2012","06","21","05:00"," ","16,30","","14,10","","87,00","","33,00","","4,00","","","","99,05","","","","","","ND"
"2012-06-21 06:00","2012","06","21","06:00"," ","17,10","","14,20","","83,00","","29,00","","2,00","","","","99,07","","","","","","ND"
"2012-06-21 07:00","2012","06","21","07:00"," ","18,30","","14,30","","77,00","","23,00","","2,00","","","","99,04","","","","","","ND"
"2012-06-21 08:00","2012","06","21","08:00"," ","21,00","","16,00","","73,00","","19,00","","6,00","","","","99,02","","26,00","","","","ND"
"2012-06-21 09:00","2012","06","21","09:00"," ","22,40","","16,70","","70,00","","20,00","","6,00","","","","98,97","","27,00","","","","ND"
"2012-06-21 10:00","2012","06","21","10:00"," ","25,10","","18,60","","67,00","","16,00","","7,00","","","","98,89","","32,00","","","","ND"
"2012-06-21 11:00","2012","06","21","11:00"," ","26,70","","18,30","","60,00","","16,00","","7,00","","","","98,84","","33,00","","","","ND"
"2012-06-21 12:00","2012","06","21","12:00"," ","28,10","","19,00","","58,00","","19,00","","9,00","","","","98,79","","35,00","","","","ND"
"2012-06-21 13:00","2012","06","21","13:00"," ","30,10","","20,30","","56,00","","20,00","","11,00","","","","98,70","","38,00","","","","ND"
"2012-06-21 14:00","2012","06","21","14:00"," ","31,50","","20,40","","52,00","","18,00","","11,00","","","","98,60","","39,00","","","","ND"
"2012-06-21 15:00","2012","06","21","15:00"," ","29,90","","19,80","","55,00","","17,00","","11,00","","","","98,51","","37,00","","","","ND"
"2012-06-21 16:00","2012","06","21","16:00"," ","30,10","","19,90","","54,00","","18,00","","19,00","","","","98,47","","38,00","","","","ND"
"2012-06-21 17:00","2012","06","21","17:00"," ","30,20","","20,10","","55,00","","15,00","","13,00","","","","98,43","","38,00","","","","ND"
"2012-06-21 18:00","2012","06","21","18:00"," ","29,40","","20,30","","58,00","","15,00","","11,00","","","","98,37","","37,00","","","","ND"
"2012-06-21 19:00","2012","06","21","19:00"," ","28,30","","20,20","","62,00","","16,00","","13,00","","","","98,37","","36,00","","","","ND"
"2012-06-21 20:00","2012","06","21","20:00"," ","26,50","","20,20","","68,00","","16,00","","7,00","","","","98,36","","34,00","","","","ND"
"2012-06-21 21:00","2012","06","21","21:00"," ","25,50","","20,00","","72,00","","16,00","","7,00","","","","98,40","","33,00","","","","ND"
"2012-06-21 22:00","2012","06","21","22:00"," ","24,00","","19,90","","78,00","","14,00","","4,00","","","","98,39","","31,00","","","","ND"
"2012-06-21 23:00","2012","06","21","23:00"," ","23,20","","20,00","","82,00","","21,00","","4,00","","","","98,37","","31,00","","","","ND"
"2012-06-22 00:00","2012","06","22","00:00"," ","21,80","","19,20","","85,00","","14,00","","4,00","","","","98,38","","29,00","","","","ND"
"2012-06-22 01:00","2012","06","22","01:00"," ","21,20","","18,60","","85,00","","26,00","","4,00","","","","98,38","","28,00","","","","ND"
"2012-06-22 02:00","2012","06","22","02:00"," ","20,50","","18,60","","89,00","","17,00","","2,00","","","","98,40","","27,00","","","","ND"
"2012-06-22 03:00","2012","06","22","03:00"," ","20,10","","18,30","","89,00","","23,00","","2,00","","","","98,42","","26,00","","","","ND"
"2012-06-22 04:00","2012","06","22","04:00"," ","20,40","","18,60","","89,00","","7,00","","2,00","","","","98,43","","27,00","","","","ND"
"2012-06-22 05:00","2012","06","22","05:00"," ","20,40","","17,90","","86,00","","13,00","","2,00","","","","98,50","","26,00","","","","ND"
"2012-06-22 06:00","2012","06","22","06:00"," ","21,30","","18,00","","81,00","","14,00","","2,00","","","","98,54","","27,00","","","","ND"
"2012-06-22 07:00","2012","06","22","07:00"," ","21,80","","17,60","","77,00","","20,00","","2,00","","","","98,59","","28,00","","","","ND"
"2012-06-22 08:00","2012","06","22","08:00"," ","22,70","","17,30","","72,00","","31,00","","4,00","","","","98,60","","28,00","","","","ND"
"2012-06-22 09:00","2012","06","22","09:00"," ","24,70","","16,40","","60,00","","30,00","","7,00","","","","98,64","","30,00","","","","ND"
"2012-06-22 10:00","2012","06","22","10:00"," ","26,90","","14,40","","46,00","","28,00","","9,00","","","","98,64","","31,00","","","","ND"
"2012-06-22 11:00","2012","06","22","11:00"," ","27,90","","12,10","","38,00","","32,00","","19,00","","","","98,65","","30,00","","","","ND"
"2012-06-22 12:00","2012","06","22","12:00"," ","27,90","","12,10","","38,00","","33,00","","6,00","","","","98,65","","30,00","","","","ND"
"2012-06-22 13:00","2012","06","22","13:00"," ","29,10","","12,00","","35,00","","30,00","","13,00","","","","98,66","","31,00","","","","ND"
"2012-06-22 14:00","2012","06","22","14:00"," ","27,90","","11,80","","37,00","","32,00","","20,00","","","","98,66","","30,00","","","","ND"
"2012-06-22 15:00","2012","06","22","15:00"," ","29,10","","10,10","","31,00","","30,00","","17,00","","","","98,67","","30,00","","","","ND"
"2012-06-22 16:00","2012","06","22","16:00"," ","28,10","","9,00","","30,00","","31,00","","13,00","","","","98,66","","29,00","","","","ND"
"2012-06-22 17:00","2012","06","22","17:00"," ","26,60","","9,80","","35,00","","33,00","","13,00","","","","98,69","","28,00","","","","ND"
"2012-06-22 18:00","2012","06","22","18:00"," ","26,60","","10,50","","36,00","","32,00","","15,00","","","","98,76","","28,00","","","","ND"
"2012-06-22 19:00","2012","06","22","19:00"," ","24,20","","10,90","","43,00","","34,00","","9,00","","","","98,84","","26,00","","","","ND"
"2012-06-22 20:00","2012","06","22","20:00"," ","21,50","","13,00","","58,00","","1,00","","17,00","","","","99,00","","","","","","ND"
"2012-06-22 21:00","2012","06","22","21:00"," ","19,30","","13,10","","67,00","","2,00","","9,00","","","","99,09","","","","","","ND"
"2012-06-22 22:00","2012","06","22","22:00"," ","17,90","","13,70","","76,00","","36,00","","7,00","","","","99,13","","","","","","ND"
"2012-06-22 23:00","2012","06","22","23:00"," ","17,20","","12,20","","72,00","","35,00","","13,00","","","","99,14","","","","","","ND"
"2012-06-23 00:00","2012","06","23","00:00"," ","16,10","","12,10","","77,00","","1,00","","6,00","","","","99,19","","","","","","ND"
"2012-06-23 01:00","2012","06","23","01:00"," ","13,20","","10,50","","84,00","","33,00","","4,00","","","","99,25","","","","","","ND"
"2012-06-23 02:00","2012","06","23","02:00"," ","13,40","","10,60","","83,00","","34,00","","7,00","","","","99,30","","","","","","ND"
"2012-06-23 03:00","2012","06","23","03:00"," ","13,60","","10,50","","82,00","","35,00","","11,00","","","","99,30","","","","","","ND"
"2012-06-23 04:00","2012","06","23","04:00"," ","13,10","","9,80","","80,00","","36,00","","11,00","","","","99,36","","","","","","ND"
"2012-06-23 05:00","2012","06","23","05:00"," ","13,10","","8,50","","74,00","","36,00","","15,00","","","","99,40","","","","","","ND"
"2012-06-23 06:00","2012","06","23","06:00"," ","14,10","","8,20","","68,00","","36,00","","9,00","","","","99,41","","","","","","ND"
"2012-06-23 07:00","2012","06","23","07:00"," ","15,70","","7,90","","60,00","","35,00","","15,00","","","","99,44","","","","","","ND"
"2012-06-23 08:00","2012","06","23","08:00"," ","17,00","","7,30","","53,00","","36,00","","13,00","","","","99,46","","","","","","ND"
"2012-06-23 09:00","2012","06","23","09:00"," ","18,40","","7,30","","48,00","","35,00","","19,00","","","","99,47","","","","","","ND"
"2012-06-23 10:00","2012","06","23","10:00"," ","20,80","","6,30","","39,00","","35,00","","19,00","","","","99,46","","","","","","ND"
"2012-06-23 11:00","2012","06","23","11:00"," ","22,30","","5,50","","34,00","","35,00","","17,00","","","","99,44","","","","","","ND"
"2012-06-23 12:00","2012","06","23","12:00"," ","23,80","","3,20","","26,00","","34,00","","19,00","","","","99,40","","","","","","ND"
"2012-06-23 13:00","2012","06","23","13:00"," ","24,40","","1,70","","23,00","","34,00","","19,00","","","","99,38","","","","","","ND"
"2012-06-23 14:00","2012","06","23","14:00"," ","25,20","","0,20","","19,00","","34,00","","20,00","","","","99,37","","","","","","ND"
"2012-06-23 15:00","2012","06","23","15:00"," ","25,40","","0,70","","20,00","","35,00","","15,00","","","","99,38","","","","","","ND"
"2012-06-23 16:00","2012","06","23","16:00"," ","25,00","","2,90","","24,00","","36,00","","11,00","","","","99,38","","","","","","ND"
"2012-06-23 17:00","2012","06","23","17:00"," ","25,20","","4,50","","26,00","","5,00","","6,00","","","","99,34","","","","","","ND"
"2012-06-23 18:00","2012","06","23","18:00"," ","24,60","","4,30","","27,00","","34,00","","13,00","","","","99,36","","","","","","ND"
"2012-06-23 19:00","2012","06","23","19:00"," ","23,30","","4,50","","29,00","","4,00","","6,00","","","","99,38","","","","","","ND"
"2012-06-23 20:00","2012","06","23","20:00"," ","19,10","","5,30","","40,00","","4,00","","2,00","","","","99,38","","","","","","ND"
"2012-06-23 21:00","2012","06","23","21:00"," ","14,00","","6,60","","61,00","","17,00","","2,00","","","","99,46","","","","","","ND"
"2012-06-23 22:00","2012","06","23","22:00"," ","13,20","","7,30","","67,00","","14,00","","2,00","","","","99,49","","","","","","ND"
"2012-06-23 23:00","2012","06","23","23:00"," ","10,70","","7,60","","81,00","","17,00","","2,00","","","","99,51","","","","","","ND"
"2012-06-24 00:00","2012","06","24","00:00"," ","9,80","","6,70","","81,00","","24,00","","2,00","","","","99,50","","","","","","ND"
"2012-06-24 01:00","2012","06","24","01:00"," ","7,80","","5,80","","87,00","","0,00","","0,00","","","","99,53","","","","","","ND"
"2012-06-24 02:00","2012","06","24","02:00"," ","7,80","","6,10","","89,00","","0,00","","0,00","","","","99,54","","","","","","ND"
"2012-06-24 03:00","2012","06","24","03:00"," ","6,70","","5,10","","90,00","","12,00","","4,00","","","","99,53","","","","","","ND"
"2012-06-24 04:00","2012","06","24","04:00"," ","6,00","","4,60","","91,00","","12,00","","2,00","","","","99,49","","","","","","ND"
"2012-06-24 05:00","2012","06","24","05:00"," ","7,90","","6,70","","92,00","","10,00","","2,00","","","","99,52","","","","","","ND"
"2012-06-24 06:00","2012","06","24","06:00"," ","9,60","","7,70","","88,00","","25,00","","2,00","","","","99,50","","","","","","ND"
"2012-06-24 07:00","2012","06","24","07:00"," ","13,30","","8,40","","72,00","","29,00","","2,00","","","","99,46","","","","","","ND"
"2012-06-24 08:00","2012","06","24","08:00"," ","16,90","","9,00","","60,00","","29,00","","2,00","","","","99,42","","","","","","ND"
"2012-06-24 09:00","2012","06","24","09:00"," ","21,50","","9,10","","45,00","","7,00","","2,00","","","","99,37","","","","","","ND"
"2012-06-24 10:00","2012","06","24","10:00"," ","24,10","","7,80","","35,00","","34,00","","6,00","","","","99,31","","","","","","ND"
"2012-06-24 11:00","2012","06","24","11:00"," ","25,80","","6,40","","29,00","","30,00","","7,00","","","","99,23","","26,00","","","","ND"
"2012-06-24 12:00","2012","06","24","12:00"," ","27,30","","6,00","","26,00","","30,00","","7,00","","","","99,12","","27,00","","","","ND"
"2012-06-24 13:00","2012","06","24","13:00"," ","27,10","","6,20","","26,00","","35,00","","6,00","","","","99,04","","27,00","","","","ND"
"2012-06-24 14:00","2012","06","24","14:00"," ","26,50","","5,30","","26,00","","7,00","","6,00","","","","98,96","","26,00","","","","ND"
"2012-06-24 15:00","2012","06","24","15:00"," ","27,80","","5,80","","25,00","","11,00","","6,00","","","","98,88","","27,00","","","","ND"
"2012-06-24 16:00","2012","06","24","16:00"," ","26,90","","6,70","","28,00","","18,00","","13,00","","","","98,85","","27,00","","","","ND"
"2012-06-24 17:00","2012","06","24","17:00"," ","24,40","","8,80","","37,00","","27,00","","6,00","","","","98,83","","25,00","","","","ND"
"2012-06-24 18:00","2012","06","24","18:00"," ","20,60","","10,00","","51,00","","34,00","","7,00","","","","98,88","","","","","","ND"
"2012-06-24 19:00","2012","06","24","19:00"," ","19,60","","11,50","","59,00","","32,00","","2,00","","","","98,89","","","","","","ND"
"2012-06-24 20:00","2012","06","24","20:00"," ","18,20","","12,30","","68,00","","33,00","","6,00","","","","98,88","","","","","","ND"
"2012-06-24 21:00","2012","06","24","21:00"," ","17,30","","12,10","","71,00","","35,00","","6,00","","","","98,88","","","","","","ND"
"2012-06-24 22:00","2012","06","24","22:00"," ","16,70","","12,80","","78,00","","33,00","","7,00","","","","98,85","","","","","","ND"
"2012-06-24 23:00","2012","06","24","23:00"," ","16,90","","11,70","","71,00","","35,00","","9,00","","","","98,83","","","","","","ND"
"2012-06-25 00:00","2012","06","25","00:00"," ","15,80","","13,00","","83,00","","19,00","","11,00","","","","98,87","","","","","","ND"
"2012-06-25 01:00","2012","06","25","01:00"," ","15,00","","12,90","","87,00","","36,00","","7,00","","","","98,79","","","","","","ND"
"2012-06-25 02:00","2012","06","25","02:00"," ","15,00","","12,60","","86,00","","33,00","","6,00","","","","98,77","","","","","","ND"
"2012-06-25 03:00","2012","06","25","03:00"," ","14,50","","12,00","","85,00","","36,00","","7,00","","","","98,69","","","","","","ND"
"2012-06-25 04:00","2012","06","25","04:00"," ","14,40","","12,00","","85,00","","36,00","","9,00","","","","98,66","","","","","","ND"
"2012-06-25 05:00","2012","06","25","05:00"," ","14,50","","12,50","","88,00","","16,00","","2,00","","","","98,68","","","","","","ND"
"2012-06-25 06:00","2012","06","25","06:00"," ","14,60","","12,90","","90,00","","0,00","","0,00","","","","98,67","","","","","","ND"
"2012-06-25 07:00","2012","06","25","07:00"," ","15,10","","13,50","","90,00","","9,00","","2,00","","","","98,66","","","","","","ND"
"2012-06-25 08:00","2012","06","25","08:00"," ","15,10","","13,20","","88,00","","11,00","","4,00","","","","98,66","","","","","","ND"
"2012-06-25 09:00","2012","06","25","09:00"," ","15,30","","13,30","","88,00","","12,00","","4,00","","","","98,64","","","","","","ND"
"2012-06-25 10:00","2012","06","25","10:00"," ","16,50","","13,40","","82,00","","11,00","","2,00","","","","98,63","","","","","","ND"
"2012-06-25 11:00","2012","06","25","11:00"," ","16,20","","13,50","","84,00","","11,00","","6,00","","","","98,59","","","","","","ND"
"2012-06-25 12:00","2012","06","25","12:00"," ","17,70","","13,90","","78,00","","13,00","","6,00","","","","98,58","","","","","","ND"
"2012-06-25 13:00","2012","06","25","13:00"," ","18,30","","12,90","","71,00","","13,00","","7,00","","","","98,58","","","","","","ND"
"2012-06-25 14:00","2012","06","25","14:00"," ","18,50","","13,60","","73,00","","22,00","","6,00","","","","98,57","","","","","","ND"
"2012-06-25 15:00","2012","06","25","15:00"," ","18,10","","15,30","","84,00","","21,00","","7,00","","","","98,57","","","","","","ND"
"2012-06-25 16:00","2012","06","25","16:00"," ","17,90","","13,80","","77,00","","35,00","","15,00","","","","98,57","","","","","","ND"
"2012-06-25 17:00","2012","06","25","17:00"," ","17,80","","13,80","","77,00","","34,00","","13,00","","","","98,59","","","","","","ND"
"2012-06-25 18:00","2012","06","25","18:00"," ","16,60","","14,00","","85,00","","34,00","","13,00","","","","98,61","","","","","","ND"
"2012-06-25 19:00","2012","06","25","19:00"," ","15,70","","13,80","","88,00","","36,00","","11,00","","","","98,67","","","","","","ND"
"2012-06-25 20:00","2012","06","25","20:00"," ","14,00","","12,00","","88,00","","34,00","","17,00","","","","98,71","","","","","","ND"
"2012-06-25 21:00","2012","06","25","21:00"," ","13,70","","11,60","","87,00","","34,00","","15,00","","","","98,73","","","","","","ND"
"2012-06-25 22:00","2012","06","25","22:00"," ","13,60","","11,10","","85,00","","35,00","","17,00","","","","98,71","","","","","","ND"
"2012-06-25 23:00","2012","06","25","23:00"," ","13,30","","11,00","","86,00","","33,00","","15,00","","","","98,69","","","","","","ND"
"2012-06-26 00:00","2012","06","26","00:00"," ","13,30","","11,10","","87,00","","34,00","","13,00","","","","98,67","","","","","","ND"
"2012-06-26 01:00","2012","06","26","01:00"," ","13,00","","11,10","","88,00","","34,00","","13,00","","","","98,63","","","","","","ND"
"2012-06-26 02:00","2012","06","26","02:00"," ","12,80","","10,70","","87,00","","33,00","","11,00","","","","98,60","","","","","","ND"
"2012-06-26 03:00","2012","06","26","03:00"," ","12,70","","10,70","","88,00","","33,00","","11,00","","","","98,61","","","","","","ND"
"2012-06-26 04:00","2012","06","26","04:00"," ","12,40","","10,50","","88,00","","32,00","","9,00","","","","98,59","","","","","","ND"
"2012-06-26 05:00","2012","06","26","05:00"," ","12,80","","10,70","","87,00","","33,00","","7,00","","","","98,62","","","","","","ND"
"2012-06-26 06:00","2012","06","26","06:00"," ","12,80","","10,60","","86,00","","33,00","","15,00","","","","98,61","","","","","","ND"
"2012-06-26 07:00","2012","06","26","07:00"," ","13,30","","11,20","","87,00","","34,00","","9,00","","","","98,63","","","","","","ND"
"2012-06-26 08:00","2012","06","26","08:00"," ","13,30","","11,70","","90,00","","33,00","","11,00","","","","98,64","","","","","","ND"
"2012-06-26 09:00","2012","06","26","09:00"," ","13,90","","11,80","","87,00","","35,00","","13,00","","","","98,62","","","","","","ND"
"2012-06-26 10:00","2012","06","26","10:00"," ","14,60","","12,20","","86,00","","35,00","","13,00","","","","98,60","","","","","","ND"
"2012-06-26 11:00","2012","06","26","11:00"," ","15,10","","12,40","","84,00","","33,00","","15,00","","","","98,55","","","","","","ND"
"2012-06-26 12:00","2012","06","26","12:00"," ","15,80","","12,80","","82,00","","33,00","","13,00","","","","98,53","","","","","","ND"
"2012-06-26 13:00","2012","06","26","13:00"," ","16,00","","12,90","","82,00","","35,00","","15,00","","","","98,49","","","","","","ND"
"2012-06-26 14:00","2012","06","26","14:00"," ","16,60","","13,10","","80,00","","35,00","","13,00","","","","98,47","","","","","","ND"
"2012-06-26 15:00","2012","06","26","15:00"," ","15,60","","13,40","","87,00","","36,00","","13,00","","","","98,44","","","","","","ND"
"2012-06-26 16:00","2012","06","26","16:00"," ","16,00","","13,90","","87,00","","36,00","","13,00","","","","98,42","","","","","","ND"
"2012-06-26 17:00","2012","06","26","17:00"," ","16,40","","13,90","","85,00","","34,00","","15,00","","","","98,39","","","","","","ND"
"2012-06-26 18:00","2012","06","26","18:00"," ","16,00","","13,90","","87,00","","33,00","","17,00","","","","98,37","","","","","","ND"
"2012-06-26 19:00","2012","06","26","19:00"," ","15,50","","13,80","","90,00","","35,00","","13,00","","","","98,33","","","","","","ND"
"2012-06-26 20:00","2012","06","26","20:00"," ","15,40","","13,70","","90,00","","34,00","","15,00","","","","98,29","","","","","","ND"
"2012-06-26 21:00","2012","06","26","21:00"," ","15,40","","13,40","","88,00","","34,00","","17,00","","","","98,26","","","","","","ND"
"2012-06-26 22:00","2012","06","26","22:00"," ","15,20","","13,00","","87,00","","34,00","","19,00","","","","98,19","","","","","","ND"
"2012-06-26 23:00","2012","06","26","23:00"," ","15,00","","12,70","","86,00","","35,00","","17,00","","","","98,14","","","","","","ND"
"2012-06-27 00:00","2012","06","27","00:00"," ","14,80","","12,30","","85,00","","35,00","","13,00","","","","98,07","","","","","","ND"
"2012-06-27 01:00","2012","06","27","01:00"," ","15,00","","12,10","","83,00","","34,00","","22,00","","","","98,03","","","","","","ND"
"2012-06-27 02:00","2012","06","27","02:00"," ","14,80","","11,90","","83,00","","34,00","","20,00","","","","98,00","","","","","","ND"
"2012-06-27 03:00","2012","06","27","03:00"," ","14,20","","12,00","","87,00","","34,00","","17,00","","","","97,99","","","","","","ND"
"2012-06-27 04:00","2012","06","27","04:00"," ","14,10","","12,00","","87,00","","33,00","","13,00","","","","97,99","","","","","","ND"
"2012-06-27 05:00","2012","06","27","05:00"," ","14,20","","11,90","","86,00","","33,00","","13,00","","","","97,98","","","","","","ND"
"2012-06-27 06:00","2012","06","27","06:00"," ","14,30","","12,20","","87,00","","34,00","","13,00","","","","98,01","","","","","","ND"
"2012-06-27 07:00","2012","06","27","07:00"," ","14,20","","12,30","","88,00","","34,00","","13,00","","","","98,06","","","","","","ND"
"2012-06-27 08:00","2012","06","27","08:00"," ","14,50","","12,60","","88,00","","35,00","","11,00","","","","98,12","","","","","","ND"
"2012-06-27 09:00","2012","06","27","09:00"," ","15,60","","13,00","","85,00","","33,00","","17,00","","","","98,15","","","","","","ND"
"2012-06-27 10:00","2012","06","27","10:00"," ","16,50","","12,90","","79,00","","34,00","","17,00","","","","98,18","","","","","","ND"
"2012-06-27 11:00","2012","06","27","11:00"," ","17,40","","13,40","","77,00","","36,00","","15,00","","","","98,20","","","","","","ND"
"2012-06-27 12:00","2012","06","27","12:00"," ","18,50","","13,50","","73,00","","32,00","","15,00","","","","98,19","","","","","","ND"
"2012-06-27 13:00","2012","06","27","13:00"," ","17,50","","13,60","","78,00","","35,00","","19,00","","","","98,19","","","","","","ND"
"2012-06-27 14:00","2012","06","27","14:00"," ","19,60","","14,60","","73,00","","1,00","","13,00","","","","98,21","","","","","","ND"
"2012-06-27 15:00","2012","06","27","15:00"," ","17,80","","14,30","","80,00","","35,00","","11,00","","","","98,24","","","","","","ND"
"2012-06-27 16:00","2012","06","27","16:00"," ","20,20","","14,60","","70,00","","33,00","","13,00","","","","98,26","","","","","","ND"
"2012-06-27 17:00","2012","06","27","17:00"," ","18,70","","15,90","","84,00","","34,00","","6,00","","","","98,31","","","","","","ND"
"2012-06-27 18:00","2012","06","27","18:00"," ","18,00","","14,30","","79,00","","33,00","","13,00","","","","98,35","","","","","","ND"
"2012-06-27 19:00","2012","06","27","19:00"," ","17,50","","14,60","","83,00","","36,00","","6,00","","","","98,36","","","","","","ND"
"2012-06-27 20:00","2012","06","27","20:00"," ","16,60","","13,60","","82,00","","1,00","","6,00","","","","98,40","","","","","","ND"
"2012-06-27 21:00","2012","06","27","21:00"," ","16,50","","13,20","","81,00","","1,00","","6,00","","","","98,46","","","","","","ND"
"2012-06-27 22:00","2012","06","27","22:00"," ","15,40","","13,00","","86,00","","9,00","","2,00","","","","98,48","","","","","","ND"
"2012-06-27 23:00","2012","06","27","23:00"," ","15,90","","12,80","","82,00","","33,00","","7,00","","","","98,50","","","","","","ND"
"2012-06-28 00:00","2012","06","28","00:00"," ","15,20","","12,50","","84,00","","1,00","","6,00","","","","98,47","","","","","","ND"
"2012-06-28 01:00","2012","06","28","01:00"," ","13,20","","10,90","","86,00","","27,00","","2,00","","","","98,49","","","","","","ND"
"2012-06-28 02:00","2012","06","28","02:00"," ","12,50","","11,10","","91,00","","10,00","","4,00","","","","98,49","","","","","","ND"
"2012-06-28 03:00","2012","06","28","03:00"," ","12,30","","11,00","","92,00","","0,00","","0,00","","","","98,51","","","","","","ND"
"2012-06-28 04:00","2012","06","28","04:00"," ","13,00","","11,70","","92,00","","12,00","","2,00","","","","98,52","","","","","","ND"
"2012-06-28 05:00","2012","06","28","05:00"," ","14,00","","12,40","","90,00","","0,00","","0,00","","","","98,59","","","","","","ND"
"2012-06-28 06:00","2012","06","28","06:00"," ","14,90","","12,60","","86,00","","36,00","","4,00","","","","98,62","","","","","","ND"
"2012-06-28 07:00","2012","06","28","07:00"," ","16,40","","13,00","","80,00","","30,00","","2,00","","","","98,62","","","","","","ND"
"2012-06-28 08:00","2012","06","28","08:00"," ","17,80","","12,80","","73,00","","34,00","","4,00","","","","98,55","","","","","","ND"
"2012-06-28 09:00","2012","06","28","09:00"," ","18,70","","12,40","","67,00","","2,00","","7,00","","","","98,56","","","","","","ND"
"2012-06-28 10:00","2012","06","28","10:00"," ","19,30","","13,40","","69,00","","23,00","","7,00","","","","98,56","","","","","","ND"
"2012-06-28 11:00","2012","06","28","11:00"," ","21,60","","14,00","","62,00","","22,00","","4,00","","","","98,52","","25,00","","","","ND"
"2012-06-28 12:00","2012","06","28","12:00"," ","22,00","","13,00","","57,00","","31,00","","9,00","","","","98,52","","25,00","","","","ND"
"2012-06-28 13:00","2012","06","28","13:00"," ","22,60","","11,60","","50,00","","30,00","","15,00","","","","98,46","","25,00","","","","ND"
"2012-06-28 14:00","2012","06","28","14:00"," ","25,60","","11,60","","42,00","","30,00","","13,00","","","","98,40","","28,00","","","","ND"
"2012-06-28 15:00","2012","06","28","15:00"," ","25,10","","10,70","","40,00","","26,00","","15,00","","","","98,38","","27,00","","","","ND"
"2012-06-28 16:00","2012","06","28","16:00"," ","25,70","","11,00","","40,00","","22,00","","11,00","","","","98,36","","27,00","","","","ND"
"2012-06-28 17:00","2012","06","28","17:00"," ","25,50","","10,00","","38,00","","33,00","","7,00","","","","98,27","","27,00","","","","ND"
"2012-06-28 18:00","2012","06","28","18:00"," ","25,40","","10,80","","40,00","","28,00","","7,00","","","","98,27","","27,00","","","","ND"
"2012-06-28 19:00","2012","06","28","19:00"," ","24,00","","11,90","","47,00","","27,00","","2,00","","","","98,28","","26,00","","","","ND"
"2012-06-28 20:00","2012","06","28","20:00"," ","18,70","","13,10","","70,00","","12,00","","4,00","","","","98,25","","","","","","ND"
"2012-06-28 21:00","2012","06","28","21:00"," ","17,00","","13,50","","80,00","","13,00","","4,00","","","","98,26","","","","","","ND"
"2012-06-28 22:00","2012","06","28","22:00"," ","15,80","","12,70","","82,00","","10,00","","4,00","","","","98,22","","","","","","ND"
"2012-06-28 23:00","2012","06","28","23:00"," ","15,00","","12,70","","86,00","","16,00","","4,00","","","","98,17","","","","","","ND"
"2012-06-29 00:00","2012","06","29","00:00"," ","15,50","","12,80","","84,00","","14,00","","4,00","","","","98,12","","","","","","ND"
"2012-06-29 01:00","2012","06","29","01:00"," ","15,50","","12,90","","84,00","","12,00","","6,00","","","","98,02","","","","","","ND"
"2012-06-29 02:00","2012","06","29","02:00"," ","15,50","","13,10","","86,00","","15,00","","6,00","","","","97,97","","","","","","ND"
"2012-06-29 03:00","2012","06","29","03:00"," ","15,00","","12,50","","85,00","","12,00","","6,00","","","","97,93","","","","","","ND"
"2012-06-29 04:00","2012","06","29","04:00"," ","15,20","","12,80","","86,00","","10,00","","4,00","","","","97,88","","","","","","ND"
"2012-06-29 05:00","2012","06","29","05:00"," ","15,60","","13,00","","85,00","","11,00","","4,00","","","","97,85","","","","","","ND"
"2012-06-29 06:00","2012","06","29","06:00"," ","18,70","","14,20","","75,00","","14,00","","6,00","","","","97,84","","","","","","ND"
"2012-06-29 07:00","2012","06","29","07:00"," ","19,80","","14,90","","73,00","","19,00","","4,00","","","","97,80","","","","","","ND"
"2012-06-29 08:00","2012","06","29","08:00"," ","22,00","","15,70","","67,00","","16,00","","6,00","","","","97,76","","26,00","","","","ND"
"2012-06-29 09:00","2012","06","29","09:00"," ","24,40","","16,20","","60,00","","15,00","","7,00","","","","97,70","","29,00","","","","ND"
"2012-06-29 10:00","2012","06","29","10:00"," ","25,60","","17,30","","60,00","","17,00","","9,00","","","","97,66","","31,00","","","","ND"
"2012-06-29 11:00","2012","06","29","11:00"," ","26,90","","18,10","","59,00","","20,00","","11,00","","","","97,64","","33,00","","","","ND"
"2012-06-29 12:00","2012","06","29","12:00"," ","27,80","","15,80","","48,00","","27,00","","13,00","","","","97,58","","32,00","","","","ND"
"2012-06-29 13:00","2012","06","29","13:00"," ","30,30","","12,90","","34,00","","26,00","","19,00","","","","97,51","","33,00","","","","ND"
"2012-06-29 14:00","2012","06","29","14:00"," ","28,40","","13,00","","39,00","","31,00","","20,00","","","","97,54","","31,00","","","","ND"
"2012-06-29 15:00","2012","06","29","15:00"," ","29,70","","12,30","","34,00","","30,00","","15,00","","","","97,53","","32,00","","","","ND"
"2012-06-29 16:00","2012","06","29","16:00"," ","28,40","","11,90","","36,00","","34,00","","17,00","","","","97,55","","31,00","","","","ND"
"2012-06-29 17:00","2012","06","29","17:00"," ","28,60","","12,20","","36,00","","33,00","","17,00","","","","97,61","","31,00","","","","ND"
"2012-06-29 18:00","2012","06","29","18:00"," ","28,20","","12,60","","38,00","","31,00","","6,00","","","","97,68","","31,00","","","","ND"
"2012-06-29 19:00","2012","06","29","19:00"," ","25,50","","12,90","","46,00","","1,00","","7,00","","","","97,72","","28,00","","","","ND"
"2012-06-29 20:00","2012","06","29","20:00"," ","22,40","","13,40","","57,00","","1,00","","9,00","","","","97,81","","25,00","","","","ND"
"2012-06-29 21:00","2012","06","29","21:00"," ","21,20","","13,50","","61,00","","32,00","","9,00","","","","97,96","","","","","","ND"
"2012-06-29 22:00","2012","06","29","22:00"," ","21,10","","12,70","","59,00","","33,00","","4,00","","","","97,90","","","","","","ND"
"2012-06-29 23:00","2012","06","29","23:00"," ","18,60","","13,10","","70,00","","17,00","","2,00","","","","97,89","","","","","","ND"
"2012-06-30 00:00","2012","06","30","00:00"," ","17,30","","13,30","","77,00","","10,00","","4,00","","","","97,93","","","","","","ND"
"2012-06-30 01:00","2012","06","30","01:00"," ","16,20","","12,90","","81,00","","16,00","","2,00","","","","97,97","","","","","","ND"
"2012-06-30 02:00","2012","06","30","02:00"," ","15,50","","12,60","","83,00","","13,00","","4,00","","","","97,94","","","","","","ND"
"2012-06-30 03:00","2012","06","30","03:00"," ","14,70","","12,10","","84,00","","0,00","","0,00","","","","97,97","","","","","","ND"
"2012-06-30 04:00","2012","06","30","04:00"," ","13,50","","11,70","","89,00","","0,00","","0,00","","","","97,98","","","","","","ND"
"2012-06-30 05:00","2012","06","30","05:00"," ","14,90","","12,80","","87,00","","9,00","","4,00","","","","97,97","","","","","","ND"
"2012-06-30 06:00","2012","06","30","06:00"," ","16,90","","13,40","","80,00","","11,00","","2,00","","","","98,04","","","","","","ND"
"2012-06-30 07:00","2012","06","30","07:00"," ","19,40","","14,00","","71,00","","16,00","","6,00","","","","98,06","","","","","","ND"
"2012-06-30 08:00","2012","06","30","08:00"," ","22,00","","14,20","","61,00","","17,00","","6,00","","","","98,07","","25,00","","","","ND"
"2012-06-30 09:00","2012","06","30","09:00"," ","24,00","","14,10","","54,00","","23,00","","4,00","","","","97,99","","27,00","","","","ND"
"2012-06-30 10:00","2012","06","30","10:00"," ","25,10","","14,90","","53,00","","21,00","","11,00","","","","97,96","","29,00","","","","ND"
"2012-06-30 11:00","2012","06","30","11:00"," ","22,00","","12,00","","53,00","","28,00","","24,00","","","","98,03","","","","","","ND"
"2012-06-30 12:00","2012","06","30","12:00"," ","21,70","","16,10","","70,00","","21,00","","4,00","","","","97,94","","26,00","","","","ND"
"2012-06-30 13:00","2012","06","30","13:00"," ","25,70","","15,10","","52,00","","28,00","","13,00","","","","97,85","","30,00","","","","ND"
"2012-06-30 14:00","2012","06","30","14:00"," ","25,90","","15,50","","53,00","","20,00","","13,00","","","","97,79","","30,00","","","","ND"
"2012-06-30 15:00","2012","06","30","15:00"," ","18,40","","12,70","","69,00","","30,00","","19,00","","","","98,09","","","","","","ND"
"2012-06-30 16:00","2012","06","30","16:00"," ","18,30","","13,30","","73,00","","14,00","","2,00","","","","98,11","","","","","","ND"
"2012-06-30 17:00","2012","06","30","17:00"," ","21,00","","15,00","","69,00","","28,00","","4,00","","","","98,15","","25,00","","","","ND"
"2012-06-30 18:00","2012","06","30","18:00"," ","19,90","","12,90","","64,00","","30,00","","6,00","","","","98,23","","","","","","ND"
"2012-06-30 19:00","2012","06","30","19:00"," ","19,60","","13,60","","68,00","","22,00","","6,00","","","","98,29","","","","","","ND"
"2012-06-30 20:00","2012","06","30","20:00"," ","18,20","","13,20","","73,00","","30,00","","9,00","","","","98,36","","","","","","ND"
"2012-06-30 21:00","2012","06","30","21:00"," ","16,50","","13,30","","81,00","","28,00","","2,00","","","","98,43","","","","","","ND"
"2012-06-30 22:00","2012","06","30","22:00"," ","15,00","","12,90","","87,00","","8,00","","2,00","","","","98,45","","","","","","ND"
"2012-06-30 23:00","2012","06","30","23:00"," ","13,90","","12,30","","90,00","","8,00","","2,00","","","","98,46","","","","","","ND"
