"Nom de la Station","ESTEVAN A"
"Province","SASKATCHEWAN"
"Latitude","49,22"
"Longitude","-102,97"
"Altitude","580,60"
"Identification Climat","4012400"
"Identification OMM","71862"
"Identification TC","YEN"
"Toutes les heures sont exprimées en heure normale locale (HNL). Pour convertir l'heure locale en heure avancée de l'Est (HAE), ajoutez 1 heure s'il y a lieu."

"Légende"
"M","Données Manquantes"
"E","Valeur Estimée"
"ND","Non Disponible"
"**","Données fournies par un partenaire, non assujetties à un révision par les Archives climatiques nationales du Canada"

"Date/Heure","Année","Mois","Jour","Heure","Qualité des Données","Temp (°C)","Temp Indicateur","Point de rosée (°C)","Point de rosée Indicateur","Hum. rel (%)","Hum. rel. Indicateur","Dir. du vent (10s deg)","Dir. du vent Indicateur","Vit. du vent (km/h)","Vit. du vent Indicateur","Visibilité (km)","Visibilité Indicateur","Pression à la station (kPa)","Pression à la station Indicateur","Hmdx","Hmdx Indicateur","Refroid. éolien","Refroid. éolien Indicateur","Temps"
"2000-03-01 00:00","2000","03","01","00:00"," ","-4,20","","-5,00","","94,00","","30,00","","9,00","","19,30","","95,02","","","","-8,00","","Dégagé"
"2000-03-01 01:00","2000","03","01","01:00"," ","-3,90","","-4,60","","95,00","","33,00","","7,00","","19,30","","95,05","","","","-7,00","","Généralement dégagé"
"2000-03-01 02:00","2000","03","01","02:00"," ","-5,10","","-5,60","","96,00","","32,00","","7,00","","19,30","","95,11","","","","-8,00","","Généralement dégagé"
"2000-03-01 03:00","2000","03","01","03:00"," ","-5,80","","-6,40","","96,00","","29,00","","6,00","","16,10","","95,18","","","","-9,00","","Généralement dégagé"
"2000-03-01 04:00","2000","03","01","04:00"," ","-6,40","","-6,90","","96,00","","26,00","","6,00","","12,90","","95,24","","","","-9,00","","Dégagé"
"2000-03-01 05:00","2000","03","01","05:00"," ","-6,80","","-7,60","","94,00","","28,00","","9,00","","11,30","","95,27","","","","-11,00","","Généralement dégagé"
"2000-03-01 06:00","2000","03","01","06:00"," ","-7,40","","-8,20","","94,00","","34,00","","2,00","","16,10","","95,31","","","","-8,00","","Généralement dégagé"
"2000-03-01 07:00","2000","03","01","07:00"," ","-7,90","","-8,30","","97,00","","34,00","","4,00","","19,30","","95,37","","","","-10,00","","Généralement nuageux"
"2000-03-01 08:00","2000","03","01","08:00"," ","-7,60","","-8,40","","94,00","","2,00","","2,00","","24,10","","95,40","","","","-9,00","","Généralement nuageux"
"2000-03-01 09:00","2000","03","01","09:00"," ","-4,80","","-5,70","","93,00","","22,00","","2,00","","19,30","","95,50","","","","-6,00","","Généralement nuageux"
"2000-03-01 10:00","2000","03","01","10:00"," ","-3,20","","-4,20","","93,00","","17,00","","2,00","","19,30","","95,53","","","","-4,00","","Nuageux"
"2000-03-01 11:00","2000","03","01","11:00"," ","-1,50","","-3,50","","86,00","","13,00","","7,00","","19,30","","95,50","","","","-4,00","","Nuageux"
"2000-03-01 12:00","2000","03","01","12:00"," ","0,70","","-3,20","","75,00","","18,00","","15,00","","24,10","","95,50","","","","","","Généralement nuageux"
"2000-03-01 13:00","2000","03","01","13:00"," ","2,40","","-3,60","","65,00","","17,00","","13,00","","24,10","","95,43","","","","","","Nuageux"
"2000-03-01 14:00","2000","03","01","14:00"," ","4,00","","-3,90","","56,00","","20,00","","13,00","","24,10","","95,40","","","","","","Généralement dégagé"
"2000-03-01 15:00","2000","03","01","15:00"," ","4,60","","-6,00","","46,00","","21,00","","13,00","","24,10","","95,34","","","","","","Généralement nuageux"
"2000-03-01 16:00","2000","03","01","16:00"," ","4,90","","-5,50","","47,00","","18,00","","7,00","","24,10","","95,27","","","","","","Généralement nuageux"
"2000-03-01 17:00","2000","03","01","17:00"," ","4,00","","-7,70","","42,00","","19,00","","9,00","","24,10","","95,27","","","","","","Généralement nuageux"
"2000-03-01 18:00","2000","03","01","18:00"," ","3,00","","-4,80","","56,00","","15,00","","9,00","","24,10","","95,27","","","","","","Généralement nuageux"
"2000-03-01 19:00","2000","03","01","19:00"," ","0,30","","-5,20","","67,00","","14,00","","7,00","","24,10","","95,27","","","","","","Nuageux"
"2000-03-01 20:00","2000","03","01","20:00"," ","-1,00","","-5,40","","72,00","","13,00","","9,00","","24,10","","95,24","","","","-4,00","","Généralement dégagé"
"2000-03-01 21:00","2000","03","01","21:00"," ","-1,90","","-5,00","","79,00","","14,00","","9,00","","24,10","","95,24","","","","-5,00","","Généralement nuageux"
"2000-03-01 22:00","2000","03","01","22:00"," ","-0,40","","-4,30","","75,00","","15,00","","17,00","","24,10","","95,24","","","","-5,00","","Généralement dégagé"
"2000-03-01 23:00","2000","03","01","23:00"," ","0,00","","-3,90","","75,00","","15,00","","19,00","","24,10","","95,18","","","","-5,00","","Généralement dégagé"
"2000-03-02 00:00","2000","03","02","00:00"," ","-1,30","","-4,00","","82,00","","16,00","","13,00","","24,10","","95,15","","","","-6,00","","Dégagé"
"2000-03-02 01:00","2000","03","02","01:00"," ","-1,00","","-3,90","","81,00","","17,00","","17,00","","24,10","","95,08","","","","-6,00","","Généralement dégagé"
"2000-03-02 02:00","2000","03","02","02:00"," ","-0,70","","-3,90","","79,00","","17,00","","15,00","","24,10","","95,11","","","","-5,00","","Généralement dégagé"
"2000-03-02 03:00","2000","03","02","03:00"," ","0,10","","-3,90","","74,00","","18,00","","9,00","","24,10","","95,08","","","","","","Généralement nuageux"
"2000-03-02 04:00","2000","03","02","04:00"," ","-1,00","","-4,50","","77,00","","17,00","","9,00","","24,10","","95,05","","","","-4,00","","Généralement dégagé"
"2000-03-02 05:00","2000","03","02","05:00"," ","-1,00","","-4,60","","77,00","","18,00","","11,00","","24,10","","95,02","","","","-5,00","","Généralement dégagé"
"2000-03-02 06:00","2000","03","02","06:00"," ","-0,90","","-4,50","","77,00","","18,00","","9,00","","24,10","","94,99","","","","-4,00","","Généralement dégagé"
"2000-03-02 07:00","2000","03","02","07:00"," ","-0,50","","-4,70","","73,00","","20,00","","15,00","","24,10","","94,99","","","","-5,00","","Généralement dégagé"
"2000-03-02 08:00","2000","03","02","08:00"," ","-1,80","","-4,80","","80,00","","18,00","","11,00","","24,10","","94,99","","","","-6,00","","Généralement dégagé"
"2000-03-02 09:00","2000","03","02","09:00"," ","0,90","","-3,70","","71,00","","17,00","","11,00","","24,10","","94,99","","","","","","Généralement dégagé"
"2000-03-02 10:00","2000","03","02","10:00"," ","4,30","","-3,60","","56,00","","21,00","","19,00","","19,30","","94,99","","","","","","Généralement dégagé"
"2000-03-02 11:00","2000","03","02","11:00"," ","6,20","","-3,20","","51,00","","22,00","","20,00","","19,30","","94,95","","","","","","Généralement nuageux"
"2000-03-02 12:00","2000","03","02","12:00"," ","8,70","","-2,70","","45,00","","21,00","","15,00","","19,30","","94,92","","","","","","Généralement nuageux"
"2000-03-02 13:00","2000","03","02","13:00"," ","9,60","","-2,00","","44,00","","22,00","","17,00","","24,10","","94,89","","","","","","Généralement nuageux"
"2000-03-02 14:00","2000","03","02","14:00"," ","11,90","","-1,70","","39,00","","21,00","","20,00","","24,10","","94,79","","","","","","Généralement nuageux"
"2000-03-02 15:00","2000","03","02","15:00"," ","12,60","","-1,70","","37,00","","29,00","","11,00","","24,10","","94,79","","","","","","Généralement nuageux"
"2000-03-02 16:00","2000","03","02","16:00"," ","12,50","","-1,50","","38,00","","19,00","","19,00","","24,10","","94,73","","","","","","Généralement nuageux"
"2000-03-02 17:00","2000","03","02","17:00"," ","12,20","","-1,60","","38,00","","21,00","","19,00","","24,10","","94,70","","","","","","Généralement nuageux"
"2000-03-02 18:00","2000","03","02","18:00"," ","10,10","","-1,60","","44,00","","18,00","","13,00","","24,10","","94,70","","","","","","Généralement nuageux"
"2000-03-02 19:00","2000","03","02","19:00"," ","5,10","","-1,60","","62,00","","18,00","","11,00","","24,10","","94,67","","","","","","Généralement nuageux"
"2000-03-02 20:00","2000","03","02","20:00"," ","2,60","","-1,90","","72,00","","17,00","","11,00","","24,10","","94,63","","","","","","Généralement dégagé"
"2000-03-02 21:00","2000","03","02","21:00"," ","2,10","","-2,10","","74,00","","16,00","","15,00","","24,10","","94,60","","","","","","Généralement dégagé"
"2000-03-02 22:00","2000","03","02","22:00"," ","0,80","","-2,30","","80,00","","17,00","","13,00","","24,10","","94,57","","","","","","Généralement dégagé"
"2000-03-02 23:00","2000","03","02","23:00"," ","0,00","","-2,50","","83,00","","18,00","","13,00","","24,10","","94,51","","","","-4,00","","Généralement dégagé"
"2000-03-03 00:00","2000","03","03","00:00"," ","1,90","","-1,80","","76,00","","20,00","","13,00","","24,10","","94,47","","","","","","Dégagé"
"2000-03-03 01:00","2000","03","03","01:00"," ","0,40","","-2,30","","82,00","","22,00","","17,00","","24,10","","94,47","","","","","","Dégagé"
"2000-03-03 02:00","2000","03","03","02:00"," ","0,30","","-2,20","","83,00","","21,00","","13,00","","24,10","","94,44","","","","","","Généralement dégagé"
"2000-03-03 03:00","2000","03","03","03:00"," ","0,10","","-2,10","","85,00","","22,00","","13,00","","24,10","","94,38","","","","","","Généralement dégagé"
"2000-03-03 04:00","2000","03","03","04:00"," ","0,10","","-2,00","","86,00","","22,00","","11,00","","24,10","","94,31","","","","","","Dégagé"
"2000-03-03 05:00","2000","03","03","05:00"," ","-0,10","","-2,00","","87,00","","23,00","","15,00","","24,10","","94,31","","","","-5,00","","Dégagé"
"2000-03-03 06:00","2000","03","03","06:00"," ","-0,10","","-1,90","","88,00","","25,00","","13,00","","24,10","","94,31","","","","-4,00","","Généralement nuageux"
"2000-03-03 07:00","2000","03","03","07:00"," ","-0,30","","-2,30","","86,00","","24,00","","9,00","","24,10","","94,35","","","","-3,00","","Généralement nuageux"
"2000-03-03 08:00","2000","03","03","08:00"," ","0,80","","-1,80","","83,00","","29,00","","9,00","","24,10","","94,41","","","","","","Généralement nuageux"
"2000-03-03 09:00","2000","03","03","09:00"," ","2,10","","-0,80","","81,00","","30,00","","11,00","","24,10","","94,47","","","","","","Généralement nuageux"
"2000-03-03 10:00","2000","03","03","10:00"," ","3,00","","-0,20","","79,00","","33,00","","17,00","","24,10","","94,57","","","","","","Généralement dégagé"
"2000-03-03 11:00","2000","03","03","11:00"," ","6,30","","0,40","","66,00","","34,00","","15,00","","24,10","","94,63","","","","","","Généralement dégagé"
"2000-03-03 12:00","2000","03","03","12:00"," ","8,00","","1,10","","62,00","","32,00","","15,00","","24,10","","94,67","","","","","","Généralement dégagé"
"2000-03-03 13:00","2000","03","03","13:00"," ","9,50","","1,70","","58,00","","33,00","","11,00","","24,10","","94,60","","","","","","Généralement dégagé"
"2000-03-03 14:00","2000","03","03","14:00"," ","10,70","","1,30","","52,00","","33,00","","20,00","","24,10","","94,54","","","","","","Généralement dégagé"
"2000-03-03 15:00","2000","03","03","15:00"," ","10,70","","1,10","","51,00","","33,00","","17,00","","24,10","","94,54","","","","","","Généralement dégagé"
"2000-03-03 16:00","2000","03","03","16:00"," ","11,00","","0,50","","48,00","","31,00","","11,00","","24,10","","94,51","","","","","","Généralement nuageux"
"2000-03-03 17:00","2000","03","03","17:00"," ","10,90","","0,40","","48,00","","32,00","","15,00","","24,10","","94,51","","","","","","Généralement nuageux"
"2000-03-03 18:00","2000","03","03","18:00"," ","8,90","","1,00","","58,00","","28,00","","6,00","","24,10","","94,47","","","","","","Généralement nuageux"
"2000-03-03 19:00","2000","03","03","19:00"," ","5,20","","0,00","","69,00","","28,00","","2,00","","24,10","","94,47","","","","","","Nuageux"
"2000-03-03 20:00","2000","03","03","20:00"," ","2,50","","-0,60","","80,00","","33,00","","2,00","","24,10","","94,44","","","","","","Généralement dégagé"
"2000-03-03 21:00","2000","03","03","21:00"," ","-0,10","","-2,20","","86,00","","11,00","","9,00","","24,10","","94,38","","","","-3,00","","Généralement dégagé"
"2000-03-03 22:00","2000","03","03","22:00"," ","-0,40","","-2,10","","88,00","","14,00","","9,00","","24,10","","94,35","","","","-4,00","","Généralement dégagé"
"2000-03-03 23:00","2000","03","03","23:00"," ","-0,10","","-1,60","","90,00","","16,00","","9,00","","24,10","","94,31","","","","-3,00","","Généralement dégagé"
"2000-03-04 00:00","2000","03","04","00:00"," ","-0,20","","-1,60","","90,00","","15,00","","13,00","","24,10","","94,28","","","","-4,00","","Généralement dégagé"
"2000-03-04 01:00","2000","03","04","01:00"," ","0,70","","-1,40","","86,00","","15,00","","9,00","","24,10","","94,15","","","","","","Généralement dégagé"
"2000-03-04 02:00","2000","03","04","02:00"," ","0,70","","-1,20","","87,00","","18,00","","7,00","","24,10","","94,12","","","","","","Généralement nuageux"
"2000-03-04 03:00","2000","03","04","03:00"," ","1,80","","-0,50","","85,00","","19,00","","7,00","","24,10","","94,09","","","","","","Généralement nuageux"
"2000-03-04 04:00","2000","03","04","04:00"," ","1,90","","-0,80","","82,00","","20,00","","9,00","","24,10","","94,03","","","","","","Généralement dégagé"
"2000-03-04 05:00","2000","03","04","05:00"," ","1,90","","-0,80","","82,00","","19,00","","9,00","","24,10","","93,96","","","","","","Généralement dégagé"
"2000-03-04 06:00","2000","03","04","06:00"," ","1,50","","-1,10","","83,00","","18,00","","9,00","","24,10","","93,90","","","","","","Généralement dégagé"
"2000-03-04 07:00","2000","03","04","07:00"," ","0,60","","-1,30","","87,00","","17,00","","11,00","","24,10","","93,83","","","","","","Généralement nuageux"
"2000-03-04 08:00","2000","03","04","08:00"," ","2,50","","-0,50","","81,00","","22,00","","7,00","","24,10","","93,87","","","","","","Généralement nuageux"
"2000-03-04 09:00","2000","03","04","09:00"," ","3,10","","-0,10","","79,00","","21,00","","19,00","","24,10","","93,87","","","","","","Généralement nuageux"
"2000-03-04 10:00","2000","03","04","10:00"," ","5,00","","0,30","","72,00","","22,00","","11,00","","24,10","","93,87","","","","","","Généralement nuageux"
"2000-03-04 11:00","2000","03","04","11:00"," ","6,50","","0,80","","67,00","","25,00","","15,00","","24,10","","93,83","","","","","","Généralement nuageux"
"2000-03-04 12:00","2000","03","04","12:00"," ","8,90","","0,20","","54,00","","29,00","","15,00","","24,10","","93,83","","","","","","Généralement nuageux"
"2000-03-04 13:00","2000","03","04","13:00"," ","9,70","","0,40","","52,00","","25,00","","7,00","","24,10","","93,80","","","","","","Généralement nuageux"
"2000-03-04 14:00","2000","03","04","14:00"," ","11,30","","0,10","","46,00","","26,00","","13,00","","24,10","","93,74","","","","","","Généralement nuageux"
"2000-03-04 15:00","2000","03","04","15:00"," ","12,40","","0,20","","43,00","","29,00","","2,00","","24,10","","93,71","","","","","","Généralement nuageux"
"2000-03-04 16:00","2000","03","04","16:00"," ","11,90","","-0,20","","43,00","","27,00","","9,00","","24,10","","93,71","","","","","","Généralement nuageux"
"2000-03-04 17:00","2000","03","04","17:00"," ","13,50","","0,10","","40,00","","23,00","","6,00","","24,10","","93,71","","","","","","Généralement nuageux"
"2000-03-04 18:00","2000","03","04","18:00"," ","13,10","","0,70","","43,00","","33,00","","7,00","","24,10","","93,67","","","","","","Généralement dégagé"
"2000-03-04 19:00","2000","03","04","19:00"," ","9,80","","0,30","","52,00","","5,00","","11,00","","24,10","","93,71","","","","","","Dégagé"
"2000-03-04 20:00","2000","03","04","20:00"," ","5,50","","-0,80","","64,00","","9,00","","9,00","","24,10","","93,77","","","","","","Généralement dégagé"
"2000-03-04 21:00","2000","03","04","21:00"," ","4,20","","-0,90","","69,00","","10,00","","7,00","","24,10","","93,74","","","","","","Généralement nuageux"
"2000-03-04 22:00","2000","03","04","22:00"," ","4,90","","-0,50","","68,00","","7,00","","7,00","","24,10","","93,74","","","","","","Nuageux"
"2000-03-04 23:00","2000","03","04","23:00"," ","2,30","","-1,00","","79,00","","8,00","","4,00","","24,10","","93,77","","","","","","Généralement dégagé"
"2000-03-05 00:00","2000","03","05","00:00"," ","1,50","","-1,50","","80,00","","12,00","","11,00","","24,10","","93,74","","","","","","Dégagé"
"2000-03-05 01:00","2000","03","05","01:00"," ","1,60","","-1,80","","78,00","","6,00","","11,00","","24,10","","93,74","","","","","","Dégagé"
"2000-03-05 02:00","2000","03","05","02:00"," ","0,70","","-1,80","","83,00","","8,00","","9,00","","24,10","","93,74","","","","","","Dégagé"
"2000-03-05 03:00","2000","03","05","03:00"," ","0,10","","-2,20","","84,00","","7,00","","11,00","","24,10","","93,74","","","","","","Dégagé"
"2000-03-05 04:00","2000","03","05","04:00"," ","-1,40","","-2,70","","91,00","","9,00","","7,00","","24,10","","93,74","","","","-4,00","","Dégagé"
"2000-03-05 05:00","2000","03","05","05:00"," ","-1,70","","-3,10","","90,00","","10,00","","7,00","","24,10","","93,80","","","","-4,00","","Dégagé"
"2000-03-05 06:00","2000","03","05","06:00"," ","-0,50","","-2,30","","88,00","","9,00","","11,00","","24,10","","93,83","","","","-4,00","","Dégagé"
"2000-03-05 07:00","2000","03","05","07:00"," ","-0,20","","-2,10","","87,00","","9,00","","13,00","","24,10","","93,83","","","","-4,00","","Généralement dégagé"
"2000-03-05 08:00","2000","03","05","08:00"," ","-0,30","","-1,90","","89,00","","12,00","","11,00","","24,10","","93,87","","","","-4,00","","Généralement dégagé"
"2000-03-05 09:00","2000","03","05","09:00"," ","3,30","","0,20","","80,00","","11,00","","7,00","","24,10","","93,90","","","","","","Généralement dégagé"
"2000-03-05 10:00","2000","03","05","10:00"," ","8,00","","1,50","","63,00","","9,00","","7,00","","24,10","","93,90","","","","","","Généralement dégagé"
"2000-03-05 11:00","2000","03","05","11:00"," ","11,10","","1,60","","52,00","","9,00","","17,00","","24,10","","93,90","","","","","","Généralement dégagé"
"2000-03-05 12:00","2000","03","05","12:00"," ","13,50","","2,10","","46,00","","10,00","","19,00","","24,10","","93,90","","","","","","Généralement dégagé"
"2000-03-05 13:00","2000","03","05","13:00"," ","14,90","","2,10","","42,00","","9,00","","19,00","","24,10","","93,87","","","","","","Généralement dégagé"
"2000-03-05 14:00","2000","03","05","14:00"," ","16,10","","1,80","","38,00","","10,00","","20,00","","24,10","","93,83","","","","","","Généralement dégagé"
"2000-03-05 15:00","2000","03","05","15:00"," ","16,30","","2,60","","40,00","","9,00","","24,00","","24,10","","93,80","","","","","","Généralement dégagé"
"2000-03-05 16:00","2000","03","05","16:00"," ","16,10","","2,60","","40,00","","10,00","","24,00","","24,10","","93,83","","","","","","Dégagé"
"2000-03-05 17:00","2000","03","05","17:00"," ","15,30","","2,60","","42,00","","10,00","","22,00","","24,10","","93,83","","","","","","Généralement dégagé"
"2000-03-05 18:00","2000","03","05","18:00"," ","12,90","","2,70","","50,00","","9,00","","19,00","","24,10","","93,87","","","","","","Généralement nuageux"
"2000-03-05 19:00","2000","03","05","19:00"," ","10,50","","2,10","","56,00","","8,00","","19,00","","24,10","","93,83","","","","","","Généralement nuageux"
"2000-03-05 20:00","2000","03","05","20:00"," ","8,70","","1,10","","59,00","","8,00","","20,00","","24,10","","93,83","","","","","","Généralement dégagé"
"2000-03-05 21:00","2000","03","05","21:00"," ","7,40","","0,50","","62,00","","7,00","","20,00","","24,10","","93,83","","","","","","Généralement dégagé"
"2000-03-05 22:00","2000","03","05","22:00"," ","6,60","","0,70","","66,00","","8,00","","22,00","","24,10","","93,83","","","","","","Généralement dégagé"
"2000-03-05 23:00","2000","03","05","23:00"," ","6,20","","1,00","","69,00","","10,00","","22,00","","24,10","","93,83","","","","","","Généralement dégagé"
"2000-03-06 00:00","2000","03","06","00:00"," ","5,70","","1,40","","74,00","","8,00","","20,00","","24,10","","93,83","","","","","","Généralement dégagé"
"2000-03-06 01:00","2000","03","06","01:00"," ","5,50","","2,20","","79,00","","8,00","","24,00","","24,10","","93,80","","","","","","Généralement dégagé"
"2000-03-06 02:00","2000","03","06","02:00"," ","4,30","","2,10","","86,00","","8,00","","22,00","","24,10","","93,83","","","","","","Généralement dégagé"
"2000-03-06 03:00","2000","03","06","03:00"," ","3,80","","2,40","","91,00","","9,00","","28,00","","24,10","","93,80","","","","","","Généralement dégagé"
"2000-03-06 04:00","2000","03","06","04:00"," ","3,10","","1,60","","90,00","","9,00","","26,00","","24,10","","93,77","","","","","","Généralement dégagé"
"2000-03-06 05:00","2000","03","06","05:00"," ","2,80","","1,40","","90,00","","9,00","","28,00","","24,10","","93,77","","","","","","Dégagé"
"2000-03-06 06:00","2000","03","06","06:00"," ","3,00","","-0,10","","80,00","","8,00","","28,00","","24,10","","93,74","","","","","","Généralement dégagé"
"2000-03-06 07:00","2000","03","06","07:00"," ","2,60","","-0,40","","81,00","","8,00","","32,00","","24,10","","93,77","","","","","","Dégagé"
"2000-03-06 08:00","2000","03","06","08:00"," ","3,00","","-0,30","","79,00","","10,00","","35,00","","24,10","","93,74","","","","","","Généralement dégagé"
"2000-03-06 09:00","2000","03","06","09:00"," ","4,10","","0,40","","77,00","","8,00","","28,00","","24,10","","93,71","","","","","","Généralement dégagé"
"2000-03-06 10:00","2000","03","06","10:00"," ","6,50","","1,50","","70,00","","8,00","","35,00","","24,10","","93,67","","","","","","Généralement dégagé"
"2000-03-06 11:00","2000","03","06","11:00"," ","8,40","","2,20","","65,00","","9,00","","26,00","","24,10","","93,64","","","","","","Généralement dégagé"
"2000-03-06 12:00","2000","03","06","12:00"," ","10,40","","3,00","","60,00","","10,00","","33,00","","24,10","","93,61","","","","","","Généralement dégagé"
"2000-03-06 13:00","2000","03","06","13:00"," ","11,90","","4,00","","58,00","","10,00","","30,00","","24,10","","93,51","","","","","","Généralement nuageux"
"2000-03-06 14:00","2000","03","06","14:00"," ","12,60","","4,50","","58,00","","9,00","","28,00","","24,10","","93,48","","","","","","Généralement nuageux"
"2000-03-06 15:00","2000","03","06","15:00"," ","12,40","","4,50","","59,00","","10,00","","24,00","","24,10","","93,48","","","","","","Généralement nuageux"
"2000-03-06 16:00","2000","03","06","16:00"," ","12,10","","5,20","","63,00","","12,00","","20,00","","24,10","","93,51","","","","","","Nuageux"
"2000-03-06 17:00","2000","03","06","17:00"," ","11,40","","5,50","","67,00","","12,00","","17,00","","24,10","","93,55","","","","","","Nuageux"
"2000-03-06 18:00","2000","03","06","18:00"," ","10,70","","5,60","","71,00","","12,00","","15,00","","24,10","","93,55","","","","","","Nuageux"
"2000-03-06 19:00","2000","03","06","19:00"," ","9,90","","5,70","","75,00","","9,00","","13,00","","24,10","","93,58","","","","","","Nuageux"
"2000-03-06 20:00","2000","03","06","20:00"," ","9,10","","5,90","","80,00","","9,00","","19,00","","24,10","","93,61","","","","","","Nuageux"
"2000-03-06 21:00","2000","03","06","21:00"," ","8,60","","5,90","","83,00","","10,00","","20,00","","24,10","","93,64","","","","","","Nuageux"
"2000-03-06 22:00","2000","03","06","22:00"," ","8,20","","5,90","","85,00","","12,00","","15,00","","24,10","","93,64","","","","","","Nuageux"
"2000-03-06 23:00","2000","03","06","23:00"," ","7,50","","5,70","","88,00","","13,00","","9,00","","24,10","","93,71","","","","","","Nuageux"
"2000-03-07 00:00","2000","03","07","00:00"," ","7,00","","4,10","","82,00","","19,00","","9,00","","24,10","","93,67","","","","","","Nuageux"
"2000-03-07 01:00","2000","03","07","01:00"," ","6,70","","4,00","","83,00","","17,00","","7,00","","19,30","","93,67","","","","","","Nuageux"
"2000-03-07 02:00","2000","03","07","02:00"," ","5,70","","3,60","","86,00","","21,00","","13,00","","16,10","","93,71","","","","","","Nuageux"
"2000-03-07 03:00","2000","03","07","03:00"," ","5,20","","3,20","","87,00","","29,00","","19,00","","16,10","","93,71","","","","","","Nuageux"
"2000-03-07 04:00","2000","03","07","04:00"," ","4,30","","2,20","","86,00","","28,00","","17,00","","19,30","","93,80","","","","","","Nuageux"
"2000-03-07 05:00","2000","03","07","05:00"," ","3,70","","1,60","","86,00","","28,00","","13,00","","24,10","","93,83","","","","","","Nuageux"
"2000-03-07 06:00","2000","03","07","06:00"," ","3,20","","1,10","","86,00","","29,00","","19,00","","24,10","","93,90","","","","","","Nuageux"
"2000-03-07 07:00","2000","03","07","07:00"," ","0,70","","-1,00","","88,00","","29,00","","13,00","","24,10","","93,96","","","","","","Généralement nuageux"
"2000-03-07 08:00","2000","03","07","08:00"," ","-0,30","","-1,60","","91,00","","30,00","","28,00","","24,10","","94,06","","","","-7,00","","Nuageux"
"2000-03-07 09:00","2000","03","07","09:00"," ","-0,20","","-1,30","","92,00","","30,00","","17,00","","9,70","","94,09","","","","-5,00","","Brouillard"
"2000-03-07 10:00","2000","03","07","10:00"," ","0,30","","-0,90","","92,00","","30,00","","17,00","","9,70","","94,12","","","","","","Brouillard"
"2000-03-07 11:00","2000","03","07","11:00"," ","0,50","","-0,90","","90,00","","30,00","","19,00","","12,90","","94,19","","","","","","Nuageux"
"2000-03-07 12:00","2000","03","07","12:00"," ","2,10","","-0,40","","83,00","","29,00","","19,00","","19,30","","94,25","","","","","","Nuageux"
"2000-03-07 13:00","2000","03","07","13:00"," ","5,30","","0,20","","70,00","","30,00","","19,00","","24,10","","94,22","","","","","","Généralement nuageux"
"2000-03-07 14:00","2000","03","07","14:00"," ","7,70","","0,80","","62,00","","32,00","","15,00","","24,10","","94,25","","","","","","Généralement nuageux"
"2000-03-07 15:00","2000","03","07","15:00"," ","8,40","","0,40","","57,00","","31,00","","13,00","","24,10","","94,15","","","","","","Nuageux"
"2000-03-07 16:00","2000","03","07","16:00"," ","8,60","","1,30","","60,00","","32,00","","13,00","","24,10","","94,15","","","","","","Nuageux"
"2000-03-07 17:00","2000","03","07","17:00"," ","8,80","","-0,50","","52,00","","31,00","","22,00","","24,10","","94,15","","","","","","Nuageux"
"2000-03-07 18:00","2000","03","07","18:00"," ","6,70","","-0,50","","60,00","","33,00","","20,00","","24,10","","94,19","","","","","","Nuageux"
"2000-03-07 19:00","2000","03","07","19:00"," ","5,00","","-0,30","","69,00","","34,00","","22,00","","24,10","","94,31","","","","","","Généralement nuageux"
"2000-03-07 20:00","2000","03","07","20:00"," ","3,60","","-1,00","","72,00","","34,00","","19,00","","24,10","","94,44","","","","","","Généralement nuageux"
"2000-03-07 21:00","2000","03","07","21:00"," ","2,30","","-1,00","","79,00","","34,00","","28,00","","24,10","","94,54","","","","","","Nuageux"
"2000-03-07 22:00","2000","03","07","22:00"," ","2,00","","-1,20","","79,00","","35,00","","32,00","","24,10","","94,60","","","","","","Nuageux"
"2000-03-07 23:00","2000","03","07","23:00"," ","1,70","","-1,70","","78,00","","35,00","","22,00","","24,10","","94,63","","","","","","Nuageux"
"2000-03-08 00:00","2000","03","08","00:00"," ","1,50","","-1,90","","78,00","","35,00","","19,00","","24,10","","94,63","","","","","","Nuageux"
"2000-03-08 01:00","2000","03","08","01:00"," ","1,10","","-2,00","","80,00","","35,00","","24,00","","24,10","","94,73","","","","","","Nuageux"
"2000-03-08 02:00","2000","03","08","02:00"," ","1,00","","-2,30","","79,00","","1,00","","24,00","","24,10","","94,73","","","","","","Nuageux"
"2000-03-08 03:00","2000","03","08","03:00"," ","0,70","","-2,70","","78,00","","36,00","","28,00","","24,10","","94,76","","","","","","Nuageux"
"2000-03-08 04:00","2000","03","08","04:00"," ","0,00","","-3,20","","79,00","","1,00","","24,00","","24,10","","94,79","","","","-6,00","","Nuageux"
"2000-03-08 05:00","2000","03","08","05:00"," ","-0,50","","-3,90","","78,00","","1,00","","33,00","","24,10","","94,83","","","","-7,00","","Nuageux"
"2000-03-08 06:00","2000","03","08","06:00"," ","-0,70","","-4,00","","78,00","","1,00","","24,00","","24,10","","94,92","","","","-7,00","","Neige"
"2000-03-08 07:00","2000","03","08","07:00"," ","-1,20","","-4,70","","77,00","","1,00","","28,00","","24,10","","94,95","","","","-8,00","","Neige"
"2000-03-08 08:00","2000","03","08","08:00"," ","-2,40","","-3,90","","89,00","","36,00","","30,00","","19,30","","95,02","","","","-10,00","","Pluie verglaçante"
"2000-03-08 09:00","2000","03","08","09:00"," ","-3,20","","-5,30","","85,00","","2,00","","24,00","","19,30","","95,05","","","","-10,00","","Averses de neige"
"2000-03-08 10:00","2000","03","08","10:00"," ","-3,80","","-7,70","","74,00","","2,00","","28,00","","19,30","","95,15","","","","-11,00","","Averses de neige"
"2000-03-08 11:00","2000","03","08","11:00"," ","-3,70","","-9,10","","66,00","","2,00","","28,00","","24,10","","95,18","","","","-11,00","","Averses de neige"
"2000-03-08 12:00","2000","03","08","12:00"," ","-3,80","","-9,60","","64,00","","1,00","","24,00","","24,10","","95,24","","","","-11,00","","Nuageux"
"2000-03-08 13:00","2000","03","08","13:00"," ","-2,40","","-9,40","","59,00","","35,00","","19,00","","24,10","","95,24","","","","-8,00","","Nuageux"
"2000-03-08 14:00","2000","03","08","14:00"," ","-2,20","","-10,00","","55,00","","3,00","","22,00","","24,10","","95,24","","","","-8,00","","Nuageux"
"2000-03-08 15:00","2000","03","08","15:00"," ","-3,70","","-10,20","","61,00","","2,00","","26,00","","24,10","","95,31","","","","-11,00","","Nuageux"
"2000-03-08 16:00","2000","03","08","16:00"," ","-5,00","","-11,10","","62,00","","36,00","","28,00","","24,10","","95,40","","","","-13,00","","Neige"
"2000-03-08 17:00","2000","03","08","17:00"," ","-5,30","","-11,60","","61,00","","35,00","","26,00","","24,10","","95,43","","","","-13,00","","Nuageux"
"2000-03-08 18:00","2000","03","08","18:00"," ","-6,50","","-12,40","","63,00","","1,00","","28,00","","24,10","","95,53","","","","-15,00","","Nuageux"
"2000-03-08 19:00","2000","03","08","19:00"," ","-7,90","","-13,90","","62,00","","1,00","","20,00","","24,10","","95,63","","","","-15,00","","Généralement dégagé"
"2000-03-08 20:00","2000","03","08","20:00"," ","-8,80","","-14,90","","61,00","","1,00","","20,00","","24,10","","95,66","","","","-16,00","","Généralement dégagé"
"2000-03-08 21:00","2000","03","08","21:00"," ","-9,60","","-14,20","","69,00","","3,00","","20,00","","24,10","","95,69","","","","-17,00","","Dégagé"
"2000-03-08 22:00","2000","03","08","22:00"," ","-10,20","","-14,30","","72,00","","3,00","","15,00","","24,10","","95,69","","","","-17,00","","Dégagé"
"2000-03-08 23:00","2000","03","08","23:00"," ","-10,40","","-15,30","","67,00","","5,00","","19,00","","24,10","","95,72","","","","-18,00","","Généralement dégagé"
"2000-03-09 00:00","2000","03","09","00:00"," ","-11,20","","-18,90","","53,00","","5,00","","28,00","","24,10","","95,69","","","","-21,00","","Dégagé"
"2000-03-09 01:00","2000","03","09","01:00"," ","-11,90","","-19,60","","53,00","","5,00","","22,00","","24,10","","95,75","","","","-21,00","","Dégagé"
"2000-03-09 02:00","2000","03","09","02:00"," ","-12,50","","-19,90","","54,00","","6,00","","24,00","","24,10","","95,72","","","","-22,00","","Dégagé"
"2000-03-09 03:00","2000","03","09","03:00"," ","-13,00","","-20,10","","55,00","","7,00","","22,00","","24,10","","95,75","","","","-22,00","","Dégagé"
"2000-03-09 04:00","2000","03","09","04:00"," ","-13,50","","-19,70","","60,00","","8,00","","19,00","","24,10","","95,75","","","","-22,00","","Dégagé"
"2000-03-09 05:00","2000","03","09","05:00"," ","-14,00","","-19,20","","65,00","","9,00","","13,00","","24,10","","95,75","","","","-21,00","","Dégagé"
"2000-03-09 06:00","2000","03","09","06:00"," ","-14,40","","-18,90","","69,00","","9,00","","13,00","","24,10","","95,79","","","","-22,00","","Généralement dégagé"
"2000-03-09 07:00","2000","03","09","07:00"," ","-14,50","","-19,40","","66,00","","9,00","","13,00","","24,10","","95,75","","","","-22,00","","Nuageux"
"2000-03-09 08:00","2000","03","09","08:00"," ","-14,50","","-19,40","","66,00","","9,00","","19,00","","24,10","","95,75","","","","-23,00","","Généralement nuageux"
"2000-03-09 09:00","2000","03","09","09:00"," ","-13,50","","-19,00","","63,00","","10,00","","19,00","","24,10","","95,75","","","","-22,00","","Nuageux"
"2000-03-09 10:00","2000","03","09","10:00"," ","-11,30","","-19,10","","52,00","","9,00","","15,00","","24,10","","95,72","","","","-18,00","","Nuageux"
"2000-03-09 11:00","2000","03","09","11:00"," ","-10,20","","-19,90","","45,00","","11,00","","19,00","","24,10","","95,72","","","","-18,00","","Généralement nuageux"
"2000-03-09 12:00","2000","03","09","12:00"," ","-8,30","","-19,70","","39,00","","12,00","","19,00","","24,10","","95,66","","","","-16,00","","Généralement nuageux"
"2000-03-09 13:00","2000","03","09","13:00"," ","-7,20","","-19,90","","36,00","","11,00","","22,00","","24,10","","95,56","","","","-15,00","","Généralement nuageux"
"2000-03-09 14:00","2000","03","09","14:00"," ","-6,10","","-20,70","","30,00","","12,00","","19,00","","24,10","","95,47","","","","-13,00","","Généralement nuageux"
"2000-03-09 15:00","2000","03","09","15:00"," ","-4,80","","-20,00","","29,00","","12,00","","15,00","","24,10","","95,43","","","","-10,00","","Généralement dégagé"
"2000-03-09 16:00","2000","03","09","16:00"," ","-4,70","","-19,60","","30,00","","12,00","","11,00","","24,10","","95,40","","","","-9,00","","Généralement dégagé"
"2000-03-09 17:00","2000","03","09","17:00"," ","-4,40","","-18,70","","32,00","","11,00","","17,00","","24,10","","95,37","","","","-10,00","","Généralement dégagé"
"2000-03-09 18:00","2000","03","09","18:00"," ","-5,10","","-18,50","","34,00","","12,00","","19,00","","24,10","","95,34","","","","-12,00","","Généralement dégagé"
"2000-03-09 19:00","2000","03","09","19:00"," ","-6,30","","-17,00","","42,00","","12,00","","11,00","","24,10","","95,37","","","","-11,00","","Généralement nuageux"
"2000-03-09 20:00","2000","03","09","20:00"," ","-7,20","","-16,10","","49,00","","12,00","","11,00","","24,10","","95,37","","","","-12,00","","Généralement nuageux"
"2000-03-09 21:00","2000","03","09","21:00"," ","-8,40","","-16,20","","53,00","","12,00","","17,00","","24,10","","95,37","","","","-15,00","","Généralement dégagé"
"2000-03-09 22:00","2000","03","09","22:00"," ","-9,50","","-15,90","","60,00","","13,00","","11,00","","24,10","","95,34","","","","-15,00","","Généralement dégagé"
"2000-03-09 23:00","2000","03","09","23:00"," ","-10,30","","-15,60","","65,00","","13,00","","13,00","","24,10","","95,34","","","","-17,00","","Généralement dégagé"
"2000-03-10 00:00","2000","03","10","00:00"," ","-9,70","","-15,40","","63,00","","15,00","","13,00","","24,10","","95,31","","","","-16,00","","Généralement dégagé"
"2000-03-10 01:00","2000","03","10","01:00"," ","-10,40","","-15,00","","69,00","","14,00","","6,00","","24,10","","95,31","","","","-14,00","","Généralement dégagé"
"2000-03-10 02:00","2000","03","10","02:00"," ","-10,90","","-15,20","","71,00","","12,00","","9,00","","24,10","","95,31","","","","-16,00","","Généralement dégagé"
"2000-03-10 03:00","2000","03","10","03:00"," ","-11,50","","-14,40","","79,00","","13,00","","7,00","","24,10","","95,27","","","","-16,00","","Généralement dégagé"
"2000-03-10 04:00","2000","03","10","04:00"," ","-11,90","","-14,30","","82,00","","13,00","","4,00","","24,10","","95,27","","","","-14,00","","Généralement dégagé"
"2000-03-10 05:00","2000","03","10","05:00"," ","-12,40","","-14,70","","83,00","","12,00","","4,00","","24,10","","95,27","","","","-15,00","","Généralement dégagé"
"2000-03-10 06:00","2000","03","10","06:00"," ","-12,70","","-14,90","","84,00","","12,00","","6,00","","24,10","","95,27","","","","-17,00","","Généralement dégagé"
"2000-03-10 07:00","2000","03","10","07:00"," ","-13,00","","-14,70","","87,00","","13,00","","2,00","","24,10","","95,24","","","","-14,00","","Généralement dégagé"
"2000-03-10 08:00","2000","03","10","08:00"," ","-10,10","","-12,90","","80,00","","18,00","","4,00","","24,10","","95,27","","","","-12,00","","Nuageux"
"2000-03-10 09:00","2000","03","10","09:00"," ","-6,60","","-11,30","","69,00","","23,00","","11,00","","24,10","","95,27","","","","-12,00","","Nuageux"
"2000-03-10 10:00","2000","03","10","10:00"," ","-4,10","","-10,40","","61,00","","24,00","","15,00","","24,10","","95,31","","","","-9,00","","Nuageux"
"2000-03-10 11:00","2000","03","10","11:00"," ","-2,10","","-10,10","","54,00","","26,00","","11,00","","24,10","","95,31","","","","-6,00","","Nuageux"
"2000-03-10 12:00","2000","03","10","12:00"," ","1,10","","-9,00","","47,00","","24,00","","19,00","","24,10","","95,31","","","","","","Nuageux"
"2000-03-10 13:00","2000","03","10","13:00"," ","1,80","","-8,20","","47,00","","30,00","","13,00","","24,10","","95,27","","","","","","Nuageux"
"2000-03-10 14:00","2000","03","10","14:00"," ","3,60","","-7,50","","44,00","","29,00","","19,00","","24,10","","95,21","","","","","","Nuageux"
"2000-03-10 15:00","2000","03","10","15:00"," ","2,70","","-6,30","","51,00","","30,00","","22,00","","24,10","","95,24","","","","","","Nuageux"
"2000-03-10 16:00","2000","03","10","16:00"," ","1,60","","-7,50","","51,00","","31,00","","19,00","","24,10","","95,27","","","","","","Nuageux"
"2000-03-10 17:00","2000","03","10","17:00"," ","0,90","","-8,30","","50,00","","31,00","","28,00","","24,10","","95,31","","","","","","Nuageux"
"2000-03-10 18:00","2000","03","10","18:00"," ","-1,10","","-9,00","","55,00","","32,00","","33,00","","24,10","","95,40","","","","-8,00","","Nuageux"
"2000-03-10 19:00","2000","03","10","19:00"," ","-3,00","","-10,30","","57,00","","33,00","","30,00","","24,10","","95,50","","","","-10,00","","Nuageux"
"2000-03-10 20:00","2000","03","10","20:00"," ","-4,10","","-9,90","","64,00","","35,00","","26,00","","24,10","","95,56","","","","-11,00","","Généralement nuageux"
"2000-03-10 21:00","2000","03","10","21:00"," ","-6,10","","-10,50","","71,00","","34,00","","15,00","","24,10","","95,56","","","","-12,00","","Généralement nuageux"
"2000-03-10 22:00","2000","03","10","22:00"," ","-7,30","","-11,30","","73,00","","33,00","","15,00","","24,10","","95,59","","","","-13,00","","Généralement dégagé"
"2000-03-10 23:00","2000","03","10","23:00"," ","-8,50","","-11,50","","79,00","","33,00","","9,00","","24,10","","95,59","","","","-13,00","","Généralement dégagé"
"2000-03-11 00:00","2000","03","11","00:00"," ","-9,90","","-11,60","","87,00","","29,00","","9,00","","24,10","","95,59","","","","-15,00","","Généralement dégagé"
"2000-03-11 01:00","2000","03","11","01:00"," ","-10,80","","-12,10","","90,00","","31,00","","11,00","","24,10","","95,59","","","","-17,00","","Généralement dégagé"
"2000-03-11 02:00","2000","03","11","02:00"," ","-10,00","","-12,10","","85,00","","35,00","","11,00","","24,10","","95,59","","","","-16,00","","Généralement dégagé"
"2000-03-11 03:00","2000","03","11","03:00"," ","-9,80","","-12,00","","84,00","","34,00","","9,00","","24,10","","95,63","","","","-15,00","","Généralement nuageux"
"2000-03-11 04:00","2000","03","11","04:00"," ","-9,50","","-11,90","","83,00","","36,00","","7,00","","24,10","","95,59","","","","-13,00","","Généralement nuageux"
"2000-03-11 05:00","2000","03","11","05:00"," ","-9,40","","-12,00","","81,00","","1,00","","11,00","","24,10","","95,59","","","","-15,00","","Généralement nuageux"
"2000-03-11 06:00","2000","03","11","06:00"," ","-10,30","","-12,70","","83,00","","3,00","","9,00","","24,10","","95,63","","","","-15,00","","Généralement dégagé"
"2000-03-11 07:00","2000","03","11","07:00"," ","-9,90","","-12,80","","79,00","","4,00","","6,00","","24,10","","95,63","","","","-13,00","","Généralement nuageux"
"2000-03-11 08:00","2000","03","11","08:00"," ","-10,10","","-13,10","","79,00","","3,00","","2,00","","24,10","","95,59","","","","-11,00","","Généralement dégagé"
"2000-03-11 09:00","2000","03","11","09:00"," ","-8,00","","-12,90","","68,00","","5,00","","7,00","","24,10","","95,63","","","","-12,00","","Généralement nuageux"
"2000-03-11 10:00","2000","03","11","10:00"," ","-7,00","","-14,30","","56,00","","2,00","","11,00","","24,10","","95,66","","","","-12,00","","Généralement nuageux"
"2000-03-11 11:00","2000","03","11","11:00"," ","-6,50","","-14,10","","55,00","","4,00","","11,00","","24,10","","95,59","","","","-11,00","","Généralement nuageux"
"2000-03-11 12:00","2000","03","11","12:00"," ","-5,50","","-14,10","","51,00","","3,00","","13,00","","24,10","","95,56","","","","-11,00","","Généralement nuageux"
"2000-03-11 13:00","2000","03","11","13:00"," ","-4,80","","-14,40","","47,00","","2,00","","6,00","","24,10","","95,53","","","","-8,00","","Généralement nuageux"
"2000-03-11 14:00","2000","03","11","14:00"," ","-3,90","","-14,50","","44,00","","2,00","","7,00","","24,10","","95,43","","","","-7,00","","Généralement nuageux"
"2000-03-11 15:00","2000","03","11","15:00"," ","-3,50","","-13,60","","45,00","","32,00","","4,00","","24,10","","95,40","","","","-5,00","","Généralement nuageux"
"2000-03-11 16:00","2000","03","11","16:00"," ","-3,40","","-14,50","","42,00","","5,00","","7,00","","24,10","","95,40","","","","-6,00","","Nuageux"
"2000-03-11 17:00","2000","03","11","17:00"," ","-3,50","","-14,90","","41,00","","36,00","","4,00","","24,10","","95,40","","","","-5,00","","Nuageux"
"2000-03-11 18:00","2000","03","11","18:00"," ","-3,60","","-14,40","","43,00","","33,00","","2,00","","24,10","","95,43","","","","-4,00","","Généralement nuageux"
"2000-03-11 19:00","2000","03","11","19:00"," ","-3,90","","-13,80","","46,00","","36,00","","7,00","","24,10","","95,43","","","","-7,00","","Généralement nuageux"
"2000-03-11 20:00","2000","03","11","20:00"," ","-3,90","","-12,70","","50,00","","36,00","","13,00","","24,10","","95,47","","","","-9,00","","Nuageux"
"2000-03-11 21:00","2000","03","11","21:00"," ","-4,00","","-14,30","","45,00","","3,00","","13,00","","24,10","","95,50","","","","-9,00","","Nuageux"
"2000-03-11 22:00","2000","03","11","22:00"," ","-4,30","","-13,70","","48,00","","4,00","","19,00","","24,10","","95,50","","","","-10,00","","Nuageux"
"2000-03-11 23:00","2000","03","11","23:00"," ","-5,10","","-14,40","","48,00","","7,00","","19,00","","24,10","","95,50","","","","-12,00","","Nuageux"
"2000-03-12 00:00","2000","03","12","00:00"," ","-5,50","","-14,20","","50,00","","7,00","","15,00","","24,10","","95,53","","","","-11,00","","Nuageux"
"2000-03-12 01:00","2000","03","12","01:00"," ","-5,70","","-14,50","","50,00","","8,00","","13,00","","24,10","","95,53","","","","-11,00","","Nuageux"
"2000-03-12 02:00","2000","03","12","02:00"," ","-6,20","","-13,60","","56,00","","10,00","","7,00","","24,10","","95,53","","","","-10,00","","Nuageux"
"2000-03-12 03:00","2000","03","12","03:00"," ","-7,30","","-12,50","","66,00","","12,00","","2,00","","24,10","","95,53","","","","-8,00","","Nuageux"
"2000-03-12 04:00","2000","03","12","04:00"," ","-8,30","","-12,80","","70,00","","9,00","","2,00","","24,10","","95,53","","","","-9,00","","Généralement nuageux"
"2000-03-12 05:00","2000","03","12","05:00"," ","-8,60","","-11,90","","77,00","","0,00","","0,00","","24,10","","95,53","","","","","","Généralement nuageux"
"2000-03-12 06:00","2000","03","12","06:00"," ","-9,50","","-12,40","","79,00","","12,00","","4,00","","24,10","","95,50","","","","-12,00","","Généralement nuageux"
"2000-03-12 07:00","2000","03","12","07:00"," ","-9,60","","-12,60","","79,00","","10,00","","6,00","","24,10","","95,47","","","","-13,00","","Généralement nuageux"
"2000-03-12 08:00","2000","03","12","08:00"," ","-8,60","","-11,80","","78,00","","9,00","","6,00","","24,10","","95,50","","","","-12,00","","Généralement nuageux"
"2000-03-12 09:00","2000","03","12","09:00"," ","-6,70","","-11,60","","68,00","","11,00","","15,00","","24,10","","95,43","","","","-13,00","","Généralement nuageux"
"2000-03-12 10:00","2000","03","12","10:00"," ","-3,80","","-9,80","","63,00","","16,00","","9,00","","24,10","","95,40","","","","-8,00","","Généralement nuageux"
"2000-03-12 11:00","2000","03","12","11:00"," ","-3,20","","-9,90","","60,00","","18,00","","11,00","","24,10","","95,31","","","","-7,00","","Nuageux"
"2000-03-12 12:00","2000","03","12","12:00"," ","-2,70","","-10,40","","55,00","","19,00","","15,00","","19,30","","95,24","","","","-8,00","","Neige"
"2000-03-12 13:00","2000","03","12","13:00"," ","-1,70","","-10,20","","52,00","","20,00","","13,00","","24,10","","95,15","","","","-6,00","","Neige"
"2000-03-12 14:00","2000","03","12","14:00"," ","-1,40","","-8,70","","58,00","","22,00","","20,00","","19,30","","95,08","","","","-7,00","","Neige"
"2000-03-12 15:00","2000","03","12","15:00"," ","-2,20","","-6,40","","73,00","","22,00","","11,00","","8,00","","95,02","","","","-6,00","","Neige"
"2000-03-12 16:00","2000","03","12","16:00"," ","-2,10","","-5,60","","77,00","","22,00","","15,00","","12,90","","94,92","","","","-7,00","","Neige"
"2000-03-12 17:00","2000","03","12","17:00"," ","-1,80","","-4,80","","80,00","","25,00","","13,00","","12,90","","94,92","","","","-6,00","","Neige"
"2000-03-12 18:00","2000","03","12","18:00"," ","-1,60","","-4,70","","79,00","","27,00","","13,00","","19,30","","94,89","","","","-6,00","","Neige"
"2000-03-12 19:00","2000","03","12","19:00"," ","-1,90","","-5,10","","79,00","","29,00","","15,00","","24,10","","94,89","","","","-7,00","","Neige"
"2000-03-12 20:00","2000","03","12","20:00"," ","-2,10","","-5,20","","79,00","","30,00","","17,00","","24,10","","94,89","","","","-7,00","","Neige"
"2000-03-12 21:00","2000","03","12","21:00"," ","-3,20","","-6,20","","80,00","","30,00","","19,00","","24,10","","94,92","","","","-9,00","","Nuageux"
"2000-03-12 22:00","2000","03","12","22:00"," ","-3,90","","-7,90","","74,00","","31,00","","20,00","","24,10","","94,95","","","","-10,00","","Généralement nuageux"
"2000-03-12 23:00","2000","03","12","23:00"," ","-5,60","","-8,10","","83,00","","30,00","","9,00","","24,10","","94,95","","","","-10,00","","Généralement nuageux"
"2000-03-13 00:00","2000","03","13","00:00"," ","-7,00","","-8,60","","88,00","","27,00","","9,00","","24,10","","94,92","","","","-11,00","","Généralement nuageux"
"2000-03-13 01:00","2000","03","13","01:00"," ","-7,80","","-8,90","","92,00","","26,00","","9,00","","24,10","","94,86","","","","-12,00","","Généralement nuageux"
"2000-03-13 02:00","2000","03","13","02:00"," ","-6,50","","-7,90","","90,00","","24,00","","11,00","","24,10","","94,86","","","","-11,00","","Généralement nuageux"
"2000-03-13 03:00","2000","03","13","03:00"," ","-5,90","","-7,50","","88,00","","27,00","","9,00","","6,40","","94,83","","","","-10,00","","Brouillard"
"2000-03-13 04:00","2000","03","13","04:00"," ","-5,80","","-6,90","","92,00","","26,00","","6,00","","4,80","","94,79","","","","-9,00","","Neige,Brouillard"
"2000-03-13 05:00","2000","03","13","05:00"," ","-5,80","","-6,70","","93,00","","24,00","","2,00","","4,80","","94,79","","","","-7,00","","Neige,Brouillard"
"2000-03-13 06:00","2000","03","13","06:00"," ","-5,60","","-6,50","","93,00","","21,00","","4,00","","4,80","","94,79","","","","-7,00","","Neige"
"2000-03-13 07:00","2000","03","13","07:00"," ","-5,70","","-6,50","","94,00","","25,00","","2,00","","8,00","","94,79","","","","-7,00","","Neige"
"2000-03-13 08:00","2000","03","13","08:00"," ","-5,40","","-6,40","","93,00","","27,00","","2,00","","3,20","","94,79","","","","-6,00","","Neige"
"2000-03-13 09:00","2000","03","13","09:00"," ","-4,30","","-5,60","","91,00","","27,00","","7,00","","4,00","","94,79","","","","-7,00","","Neige"
"2000-03-13 10:00","2000","03","13","10:00"," ","-3,80","","-5,70","","87,00","","33,00","","17,00","","12,90","","94,79","","","","-10,00","","Neige"
"2000-03-13 11:00","2000","03","13","11:00"," ","-3,90","","-6,40","","83,00","","32,00","","11,00","","19,30","","94,86","","","","-8,00","","Nuageux"
"2000-03-13 12:00","2000","03","13","12:00"," ","-3,30","","-6,20","","80,00","","33,00","","11,00","","24,10","","94,83","","","","-8,00","","Nuageux"
"2000-03-13 13:00","2000","03","13","13:00"," ","-3,40","","-7,00","","76,00","","33,00","","22,00","","24,10","","94,86","","","","-10,00","","Nuageux"
"2000-03-13 14:00","2000","03","13","14:00"," ","-2,70","","-7,50","","69,00","","33,00","","15,00","","24,10","","94,86","","","","-8,00","","Nuageux"
"2000-03-13 15:00","2000","03","13","15:00"," ","-3,10","","-7,90","","69,00","","32,00","","17,00","","24,10","","94,89","","","","-9,00","","Nuageux"
"2000-03-13 16:00","2000","03","13","16:00"," ","-3,10","","-8,00","","69,00","","33,00","","22,00","","24,10","","94,92","","","","-9,00","","Nuageux"
"2000-03-13 17:00","2000","03","13","17:00"," ","-3,60","","-8,20","","70,00","","31,00","","17,00","","24,10","","94,92","","","","-9,00","","Nuageux"
"2000-03-13 18:00","2000","03","13","18:00"," ","-4,10","","-8,30","","73,00","","31,00","","22,00","","24,10","","94,92","","","","-11,00","","Généralement nuageux"
"2000-03-13 19:00","2000","03","13","19:00"," ","-4,50","","-8,70","","72,00","","31,00","","17,00","","24,10","","94,95","","","","-10,00","","Nuageux"
"2000-03-13 20:00","2000","03","13","20:00"," ","-4,60","","-8,50","","74,00","","30,00","","7,00","","24,10","","94,92","","","","-8,00","","Généralement nuageux"
"2000-03-13 21:00","2000","03","13","21:00"," ","-5,50","","-8,00","","83,00","","29,00","","4,00","","24,10","","94,92","","","","-7,00","","Généralement nuageux"
"2000-03-13 22:00","2000","03","13","22:00"," ","-7,40","","-9,10","","88,00","","30,00","","9,00","","24,10","","94,89","","","","-12,00","","Généralement dégagé"
"2000-03-13 23:00","2000","03","13","23:00"," ","-8,40","","-9,40","","92,00","","31,00","","9,00","","24,10","","94,89","","","","-13,00","","Généralement nuageux"
"2000-03-14 00:00","2000","03","14","00:00"," ","-6,50","","-7,80","","90,00","","33,00","","7,00","","24,10","","94,92","","","","-10,00","","Généralement nuageux"
"2000-03-14 01:00","2000","03","14","01:00"," ","-6,30","","-7,50","","91,00","","26,00","","2,00","","24,10","","94,89","","","","-7,00","","Nuageux"
"2000-03-14 02:00","2000","03","14","02:00"," ","-6,10","","-8,10","","86,00","","31,00","","7,00","","24,10","","94,89","","","","-9,00","","Nuageux"
"2000-03-14 03:00","2000","03","14","03:00"," ","-6,30","","-8,80","","82,00","","32,00","","11,00","","24,10","","94,86","","","","-11,00","","Neige"
"2000-03-14 04:00","2000","03","14","04:00"," ","-7,20","","-9,30","","85,00","","36,00","","19,00","","8,00","","94,83","","","","-14,00","","Neige"
"2000-03-14 05:00","2000","03","14","05:00"," ","-8,10","","-10,70","","82,00","","1,00","","15,00","","9,70","","94,79","","","","-14,00","","Neige"
"2000-03-14 06:00","2000","03","14","06:00"," ","-8,50","","-11,00","","82,00","","1,00","","11,00","","12,90","","94,79","","","","-14,00","","Neige"
"2000-03-14 07:00","2000","03","14","07:00"," ","-8,40","","-11,60","","78,00","","4,00","","17,00","","12,90","","94,79","","","","-15,00","","Neige"
"2000-03-14 08:00","2000","03","14","08:00"," ","-8,90","","-11,80","","79,00","","6,00","","9,00","","3,60","","94,79","","","","-14,00","","Neige roulée"
"2000-03-14 09:00","2000","03","14","09:00"," ","-9,20","","-11,90","","81,00","","7,00","","13,00","","2,00","","94,76","","","","-15,00","","Neige roulée"
"2000-03-14 10:00","2000","03","14","10:00"," ","-9,10","","-12,00","","79,00","","8,00","","19,00","","6,40","","94,73","","","","-17,00","","Averses de neige"
"2000-03-14 11:00","2000","03","14","11:00"," ","-8,70","","-12,20","","76,00","","8,00","","19,00","","12,90","","94,67","","","","-16,00","","Averses de neige"
"2000-03-14 12:00","2000","03","14","12:00"," ","-7,50","","-12,10","","70,00","","10,00","","17,00","","9,70","","94,63","","","","-14,00","","Averses de neige"
"2000-03-14 13:00","2000","03","14","13:00"," ","-7,50","","-12,90","","65,00","","8,00","","19,00","","9,70","","94,57","","","","-15,00","","Averses de neige"
"2000-03-14 14:00","2000","03","14","14:00"," ","-7,70","","-11,40","","75,00","","10,00","","19,00","","3,60","","94,47","","","","-15,00","","Averses de neige,Neige roulée"
"2000-03-14 15:00","2000","03","14","15:00"," ","-7,00","","-10,50","","76,00","","10,00","","15,00","","6,40","","94,44","","","","-13,00","","Averses de neige,Neige roulée"
"2000-03-14 16:00","2000","03","14","16:00"," ","-6,80","","-10,90","","73,00","","13,00","","11,00","","12,90","","94,44","","","","-12,00","","Averses de neige"
"2000-03-14 17:00","2000","03","14","17:00"," ","-6,20","","-11,10","","68,00","","11,00","","9,00","","16,10","","94,44","","","","-10,00","","Neige"
"2000-03-14 18:00","2000","03","14","18:00"," ","-6,60","","-12,20","","64,00","","12,00","","9,00","","9,70","","94,47","","","","-11,00","","Neige"
"2000-03-14 19:00","2000","03","14","19:00"," ","-7,00","","-13,20","","61,00","","11,00","","9,00","","19,30","","94,54","","","","-11,00","","Neige"
"2000-03-14 20:00","2000","03","14","20:00"," ","-7,20","","-12,10","","68,00","","11,00","","4,00","","24,10","","94,60","","","","-9,00","","Nuageux"
"2000-03-14 21:00","2000","03","14","21:00"," ","-7,90","","-10,10","","84,00","","21,00","","6,00","","24,10","","94,63","","","","-11,00","","Neige"
"2000-03-14 22:00","2000","03","14","22:00"," ","-8,10","","-9,90","","87,00","","25,00","","6,00","","24,10","","94,73","","","","-11,00","","Neige"
"2000-03-14 23:00","2000","03","14","23:00"," ","-7,90","","-13,10","","66,00","","2,00","","9,00","","24,10","","94,79","","","","-12,00","","Nuageux"
"2000-03-15 00:00","2000","03","15","00:00"," ","-9,50","","-13,90","","70,00","","1,00","","9,00","","24,10","","94,89","","","","-14,00","","Nuageux"
"2000-03-15 01:00","2000","03","15","01:00"," ","-10,00","","-15,80","","63,00","","1,00","","22,00","","24,10","","94,95","","","","-18,00","","Nuageux"
"2000-03-15 02:00","2000","03","15","02:00"," ","-11,80","","-16,70","","67,00","","36,00","","19,00","","24,10","","95,05","","","","-20,00","","Généralement dégagé"
"2000-03-15 03:00","2000","03","15","03:00"," ","-13,60","","-17,10","","75,00","","35,00","","13,00","","24,10","","95,15","","","","-21,00","","Dégagé"
"2000-03-15 04:00","2000","03","15","04:00"," ","-15,00","","-17,90","","78,00","","35,00","","15,00","","24,10","","95,21","","","","-23,00","","Généralement dégagé"
"2000-03-15 05:00","2000","03","15","05:00"," ","-16,30","","-20,30","","71,00","","34,00","","13,00","","24,10","","95,31","","","","-24,00","","Généralement dégagé"
"2000-03-15 06:00","2000","03","15","06:00"," ","-16,90","","-20,10","","76,00","","34,00","","13,00","","24,10","","95,43","","","","-25,00","","Généralement dégagé"
"2000-03-15 07:00","2000","03","15","07:00"," ","-17,50","","-21,10","","73,00","","34,00","","9,00","","24,10","","95,50","","","","-24,00","","Dégagé"
"2000-03-15 08:00","2000","03","15","08:00"," ","-16,20","","-20,30","","71,00","","33,00","","9,00","","24,10","","95,56","","","","-22,00","","Généralement dégagé"
"2000-03-15 09:00","2000","03","15","09:00"," ","-13,60","","-19,70","","60,00","","32,00","","9,00","","24,10","","95,66","","","","-19,00","","Généralement dégagé"
"2000-03-15 10:00","2000","03","15","10:00"," ","-11,20","","-19,00","","53,00","","24,00","","2,00","","24,10","","95,69","","","","-12,00","","Dégagé"
"2000-03-15 11:00","2000","03","15","11:00"," ","-10,70","","-18,60","","52,00","","25,00","","11,00","","24,10","","95,72","","","","-16,00","","Dégagé"
"2000-03-15 12:00","2000","03","15","12:00"," ","-9,60","","-18,10","","50,00","","24,00","","11,00","","24,10","","95,69","","","","-15,00","","Dégagé"
"2000-03-15 13:00","2000","03","15","13:00"," ","-7,90","","-15,40","","55,00","","27,00","","19,00","","24,10","","95,66","","","","-15,00","","Généralement dégagé"
"2000-03-15 14:00","2000","03","15","14:00"," ","-7,90","","-15,40","","55,00","","30,00","","15,00","","24,10","","95,66","","","","-14,00","","Généralement dégagé"
"2000-03-15 15:00","2000","03","15","15:00"," ","-6,50","","-15,20","","50,00","","30,00","","19,00","","24,10","","95,63","","","","-13,00","","Généralement dégagé"
"2000-03-15 16:00","2000","03","15","16:00"," ","-6,90","","-15,40","","51,00","","29,00","","19,00","","24,10","","95,59","","","","-14,00","","Généralement dégagé"
"2000-03-15 17:00","2000","03","15","17:00"," ","-6,10","","-16,00","","45,00","","28,00","","19,00","","24,10","","95,59","","","","-13,00","","Généralement dégagé"
"2000-03-15 18:00","2000","03","15","18:00"," ","-7,20","","-16,90","","46,00","","28,00","","20,00","","24,10","","95,59","","","","-14,00","","Généralement dégagé"
"2000-03-15 19:00","2000","03","15","19:00"," ","-9,10","","-17,00","","53,00","","28,00","","7,00","","24,10","","95,56","","","","-13,00","","Dégagé"
"2000-03-15 20:00","2000","03","15","20:00"," ","-12,10","","-16,80","","68,00","","25,00","","7,00","","24,10","","95,63","","","","-16,00","","Dégagé"
"2000-03-15 21:00","2000","03","15","21:00"," ","-13,00","","-16,90","","72,00","","22,00","","11,00","","24,10","","95,59","","","","-19,00","","Généralement dégagé"
"2000-03-15 22:00","2000","03","15","22:00"," ","-12,40","","-16,30","","73,00","","21,00","","9,00","","24,10","","95,59","","","","-18,00","","Nuageux"
"2000-03-15 23:00","2000","03","15","23:00"," ","-9,70","","-14,20","","70,00","","23,00","","9,00","","24,10","","95,53","","","","-15,00","","Nuageux"
"2000-03-16 00:00","2000","03","16","00:00"," ","-9,70","","-14,30","","69,00","","22,00","","11,00","","24,10","","95,50","","","","-15,00","","Nuageux"
"2000-03-16 01:00","2000","03","16","01:00"," ","-9,40","","-14,30","","67,00","","22,00","","13,00","","24,10","","95,43","","","","-15,00","","Nuageux"
"2000-03-16 02:00","2000","03","16","02:00"," ","-9,10","","-12,60","","76,00","","22,00","","13,00","","24,10","","95,43","","","","-15,00","","Nuageux"
"2000-03-16 03:00","2000","03","16","03:00"," ","-8,70","","-12,20","","76,00","","23,00","","11,00","","24,10","","95,43","","","","-14,00","","Nuageux"
"2000-03-16 04:00","2000","03","16","04:00"," ","-8,70","","-11,90","","78,00","","23,00","","11,00","","24,10","","95,43","","","","-14,00","","Nuageux"
"2000-03-16 05:00","2000","03","16","05:00"," ","-8,50","","-11,50","","79,00","","23,00","","6,00","","24,10","","95,40","","","","-12,00","","Nuageux"
"2000-03-16 06:00","2000","03","16","06:00"," ","-8,30","","-11,20","","80,00","","28,00","","2,00","","24,10","","95,47","","","","-9,00","","Nuageux"
"2000-03-16 07:00","2000","03","16","07:00"," ","-8,40","","-11,00","","81,00","","27,00","","2,00","","24,10","","95,50","","","","-9,00","","Nuageux"
"2000-03-16 08:00","2000","03","16","08:00"," ","-7,90","","-10,70","","80,00","","2,00","","2,00","","24,10","","95,53","","","","-9,00","","Nuageux"
"2000-03-16 09:00","2000","03","16","09:00"," ","-7,00","","-12,40","","65,00","","7,00","","13,00","","24,10","","95,56","","","","-13,00","","Généralement nuageux"
"2000-03-16 10:00","2000","03","16","10:00"," ","-5,70","","-13,70","","53,00","","9,00","","11,00","","24,10","","95,59","","","","-10,00","","Dégagé"
"2000-03-16 11:00","2000","03","16","11:00"," ","-4,60","","-14,30","","47,00","","9,00","","11,00","","24,10","","95,59","","","","-9,00","","Dégagé"
"2000-03-16 12:00","2000","03","16","12:00"," ","-3,40","","-14,80","","41,00","","11,00","","11,00","","24,10","","95,59","","","","-8,00","","Dégagé"
"2000-03-16 13:00","2000","03","16","13:00"," ","-2,50","","-14,40","","40,00","","12,00","","6,00","","24,10","","95,53","","","","-5,00","","Généralement dégagé"
"2000-03-16 14:00","2000","03","16","14:00"," ","-1,90","","-13,90","","39,00","","10,00","","9,00","","24,10","","95,47","","","","-5,00","","Généralement dégagé"
"2000-03-16 15:00","2000","03","16","15:00"," ","-1,60","","-14,10","","38,00","","11,00","","17,00","","24,10","","95,40","","","","-7,00","","Généralement nuageux"
"2000-03-16 16:00","2000","03","16","16:00"," ","-1,10","","-13,10","","40,00","","15,00","","28,00","","24,10","","95,37","","","","-8,00","","Nuageux"
"2000-03-16 17:00","2000","03","16","17:00"," ","-1,80","","-12,20","","45,00","","14,00","","24,00","","24,10","","95,34","","","","-8,00","","Nuageux"
"2000-03-16 18:00","2000","03","16","18:00"," ","-3,30","","-11,90","","51,00","","16,00","","28,00","","24,10","","95,27","","","","-11,00","","Nuageux"
"2000-03-16 19:00","2000","03","16","19:00"," ","-4,60","","-11,00","","61,00","","14,00","","19,00","","24,10","","95,27","","","","-11,00","","Généralement nuageux"
"2000-03-16 20:00","2000","03","16","20:00"," ","-5,70","","-11,20","","65,00","","14,00","","24,00","","24,10","","95,27","","","","-13,00","","Nuageux"
"2000-03-16 21:00","2000","03","16","21:00"," ","-6,10","","-10,90","","69,00","","14,00","","24,00","","24,10","","95,27","","","","-14,00","","Nuageux"
"2000-03-16 22:00","2000","03","16","22:00"," ","-6,00","","-10,90","","68,00","","14,00","","32,00","","24,10","","95,18","","","","-15,00","","Nuageux"
"2000-03-16 23:00","2000","03","16","23:00"," ","-6,00","","-11,40","","66,00","","14,00","","28,00","","24,10","","95,11","","","","-14,00","","Nuageux"
"2000-03-17 00:00","2000","03","17","00:00"," ","-6,10","","-10,80","","69,00","","14,00","","33,00","","24,10","","94,99","","","","-15,00","","Nuageux"
"2000-03-17 01:00","2000","03","17","01:00"," ","-6,30","","-11,30","","68,00","","14,00","","32,00","","24,10","","94,92","","","","-15,00","","Nuageux"
"2000-03-17 02:00","2000","03","17","02:00"," ","-6,20","","-10,60","","71,00","","13,00","","26,00","","24,10","","94,79","","","","-14,00","","Nuageux"
"2000-03-17 03:00","2000","03","17","03:00"," ","-5,90","","-8,70","","81,00","","13,00","","28,00","","24,10","","94,70","","","","-14,00","","Nuageux"
"2000-03-17 04:00","2000","03","17","04:00"," ","-5,50","","-6,80","","91,00","","13,00","","22,00","","12,90","","94,57","","","","-13,00","","Neige"
"2000-03-17 05:00","2000","03","17","05:00"," ","-4,50","","-7,00","","83,00","","14,00","","24,00","","16,10","","94,44","","","","-12,00","","Neige"
"2000-03-17 06:00","2000","03","17","06:00"," ","-4,10","","-6,80","","81,00","","15,00","","22,00","","24,10","","94,41","","","","-11,00","","Nuageux"
"2000-03-17 07:00","2000","03","17","07:00"," ","-3,60","","-6,10","","83,00","","16,00","","28,00","","2,40","","94,28","","","","-11,00","","Neige"
"2000-03-17 08:00","2000","03","17","08:00"," ","-3,10","","-5,40","","84,00","","16,00","","20,00","","2,40","","94,22","","","","-9,00","","Neige"
"2000-03-17 09:00","2000","03","17","09:00"," ","-2,90","","-3,90","","93,00","","17,00","","22,00","","1,20","","94,12","","","","-9,00","","Neige"
"2000-03-17 10:00","2000","03","17","10:00"," ","-1,50","","-2,70","","92,00","","18,00","","22,00","","4,00","","94,03","","","","-7,00","","Neige"
"2000-03-17 11:00","2000","03","17","11:00"," ","0,50","","-2,10","","83,00","","20,00","","24,00","","19,30","","93,96","","","","","","Nuageux"
"2000-03-17 12:00","2000","03","17","12:00"," ","1,90","","-1,00","","81,00","","22,00","","22,00","","24,10","","93,93","","","","","","Nuageux"
"2000-03-17 13:00","2000","03","17","13:00"," ","3,70","","0,20","","78,00","","24,00","","20,00","","24,10","","93,90","","","","","","Nuageux"
"2000-03-17 14:00","2000","03","17","14:00"," ","6,40","","0,50","","66,00","","29,00","","28,00","","24,10","","93,87","","","","","","Généralement nuageux"
"2000-03-17 15:00","2000","03","17","15:00"," ","7,90","","-0,20","","57,00","","32,00","","19,00","","24,10","","93,90","","","","","","Généralement nuageux"
"2000-03-17 16:00","2000","03","17","16:00"," ","8,90","","-0,30","","52,00","","31,00","","19,00","","24,10","","93,93","","","","","","Généralement nuageux"
"2000-03-17 17:00","2000","03","17","17:00"," ","9,00","","-1,90","","46,00","","30,00","","20,00","","24,10","","93,96","","","","","","Généralement nuageux"
"2000-03-17 18:00","2000","03","17","18:00"," ","7,10","","-1,80","","53,00","","28,00","","11,00","","24,10","","93,99","","","","","","Généralement dégagé"
"2000-03-17 19:00","2000","03","17","19:00"," ","4,00","","-1,70","","66,00","","29,00","","19,00","","24,10","","94,06","","","","","","Généralement nuageux"
"2000-03-17 20:00","2000","03","17","20:00"," ","2,50","","1,30","","92,00","","30,00","","15,00","","24,10","","94,19","","","","","","Averses de pluie"
"2000-03-17 21:00","2000","03","17","21:00"," ","1,70","","0,60","","92,00","","30,00","","24,00","","19,30","","94,28","","","","","","Averses de pluie"
"2000-03-17 22:00","2000","03","17","22:00"," ","0,20","","-0,20","","97,00","","27,00","","9,00","","24,10","","94,28","","","","","","Généralement nuageux"
"2000-03-17 23:00","2000","03","17","23:00"," ","-0,50","","-0,80","","98,00","","25,00","","9,00","","24,10","","94,31","","","","-4,00","","Dégagé"
"2000-03-18 00:00","2000","03","18","00:00"," ","-1,70","","-2,00","","98,00","","24,00","","7,00","","24,10","","94,38","","","","-4,00","","Généralement dégagé"
"2000-03-18 01:00","2000","03","18","01:00"," ","-1,70","","-2,50","","94,00","","23,00","","15,00","","24,10","","94,44","","","","-7,00","","Généralement dégagé"
"2000-03-18 02:00","2000","03","18","02:00"," ","-2,00","","-3,40","","90,00","","27,00","","13,00","","24,10","","94,47","","","","-6,00","","Généralement nuageux"
"2000-03-18 03:00","2000","03","18","03:00"," ","-2,90","","-3,80","","93,00","","24,00","","9,00","","24,10","","94,47","","","","-6,00","","Généralement nuageux"
"2000-03-18 04:00","2000","03","18","04:00"," ","-4,10","","-5,20","","92,00","","23,00","","7,00","","24,10","","94,51","","","","-7,00","","Généralement dégagé"
"2000-03-18 05:00","2000","03","18","05:00"," ","-3,30","","-4,50","","91,00","","23,00","","11,00","","24,10","","94,54","","","","-8,00","","Dégagé"
"2000-03-18 06:00","2000","03","18","06:00"," ","-3,30","","-4,50","","91,00","","24,00","","11,00","","24,10","","94,63","","","","-8,00","","Généralement dégagé"
"2000-03-18 07:00","2000","03","18","07:00"," ","-4,10","","-5,20","","92,00","","25,00","","4,00","","24,10","","94,73","","","","-6,00","","Généralement nuageux"
"2000-03-18 08:00","2000","03","18","08:00"," ","-2,50","","-3,60","","92,00","","24,00","","15,00","","24,10","","94,76","","","","-7,00","","Généralement dégagé"
"2000-03-18 09:00","2000","03","18","09:00"," ","-1,00","","-2,30","","91,00","","24,00","","13,00","","24,10","","94,79","","","","-5,00","","Dégagé"
"2000-03-18 10:00","2000","03","18","10:00"," ","1,70","","-0,70","","84,00","","27,00","","19,00","","24,10","","94,83","","","","","","Dégagé"
"2000-03-18 11:00","2000","03","18","11:00"," ","3,50","","-0,60","","74,00","","27,00","","19,00","","24,10","","94,86","","","","","","Dégagé"
"2000-03-18 12:00","2000","03","18","12:00"," ","5,10","","0,90","","74,00","","26,00","","13,00","","24,10","","94,86","","","","","","Dégagé"
"2000-03-18 13:00","2000","03","18","13:00"," ","7,10","","-0,30","","59,00","","25,00","","15,00","","24,10","","94,86","","","","","","Généralement dégagé"
"2000-03-18 14:00","2000","03","18","14:00"," ","8,80","","-1,00","","50,00","","29,00","","13,00","","24,10","","94,79","","","","","","Généralement dégagé"
"2000-03-18 15:00","2000","03","18","15:00"," ","9,70","","-3,00","","41,00","","26,00","","11,00","","24,10","","94,73","","","","","","Généralement dégagé"
"2000-03-18 16:00","2000","03","18","16:00"," ","10,60","","-6,50","","29,00","","30,00","","13,00","","24,10","","94,67","","","","","","Généralement dégagé"
"2000-03-18 17:00","2000","03","18","17:00"," ","10,40","","-6,10","","31,00","","29,00","","15,00","","24,10","","94,63","","","","","","Généralement dégagé"
"2000-03-18 18:00","2000","03","18","18:00"," ","10,00","","-6,60","","30,00","","29,00","","7,00","","24,10","","94,57","","","","","","Généralement dégagé"
"2000-03-18 19:00","2000","03","18","19:00"," ","4,90","","-4,20","","52,00","","15,00","","4,00","","24,10","","94,47","","","","","","Dégagé"
"2000-03-18 20:00","2000","03","18","20:00"," ","2,40","","-5,70","","55,00","","18,00","","9,00","","24,10","","94,47","","","","","","Dégagé"
"2000-03-18 21:00","2000","03","18","21:00"," ","-0,10","","-6,70","","61,00","","21,00","","11,00","","24,10","","94,44","","","","-4,00","","Dégagé"
"2000-03-18 22:00","2000","03","18","22:00"," ","-0,60","","-7,00","","62,00","","20,00","","11,00","","24,10","","94,38","","","","-4,00","","Dégagé"
"2000-03-18 23:00","2000","03","18","23:00"," ","-1,80","","-6,70","","69,00","","18,00","","11,00","","24,10","","94,28","","","","-6,00","","Généralement dégagé"
"2000-03-19 00:00","2000","03","19","00:00"," ","-2,50","","-6,40","","75,00","","16,00","","13,00","","24,10","","94,22","","","","-7,00","","Généralement dégagé"
"2000-03-19 01:00","2000","03","19","01:00"," ","-1,80","","-6,40","","71,00","","16,00","","11,00","","24,10","","94,12","","","","-6,00","","Généralement nuageux"
"2000-03-19 02:00","2000","03","19","02:00"," ","-0,60","","-6,20","","66,00","","16,00","","15,00","","24,10","","93,99","","","","-5,00","","Nuageux"
"2000-03-19 03:00","2000","03","19","03:00"," ","1,10","","-5,90","","60,00","","16,00","","17,00","","24,10","","93,87","","","","","","Nuageux"
"2000-03-19 04:00","2000","03","19","04:00"," ","3,20","","-5,70","","52,00","","16,00","","19,00","","24,10","","93,71","","","","","","Nuageux"
"2000-03-19 05:00","2000","03","19","05:00"," ","5,50","","-6,80","","41,00","","18,00","","30,00","","24,10","","93,61","","","","","","Nuageux"
"2000-03-19 06:00","2000","03","19","06:00"," ","5,50","","-6,30","","42,00","","18,00","","32,00","","24,10","","93,51","","","","","","Généralement nuageux"
"2000-03-19 07:00","2000","03","19","07:00"," ","4,80","","-6,30","","44,00","","18,00","","28,00","","24,10","","93,55","","","","","","Généralement nuageux"
"2000-03-19 08:00","2000","03","19","08:00"," ","4,40","","-5,50","","49,00","","19,00","","24,00","","24,10","","93,48","","","","","","Généralement nuageux"
"2000-03-19 09:00","2000","03","19","09:00"," ","5,10","","-5,10","","48,00","","18,00","","20,00","","24,10","","93,42","","","","","","Généralement nuageux"
"2000-03-19 10:00","2000","03","19","10:00"," ","7,90","","-5,10","","39,00","","19,00","","26,00","","24,10","","93,35","","","","","","Nuageux"
"2000-03-19 11:00","2000","03","19","11:00"," ","9,40","","-5,20","","35,00","","18,00","","19,00","","12,90","","93,29","","","","","","Nuageux"
"2000-03-19 12:00","2000","03","19","12:00"," ","10,00","","-5,10","","34,00","","17,00","","24,00","","24,10","","93,19","","","","","","Nuageux"
"2000-03-19 13:00","2000","03","19","13:00"," ","9,70","","-4,50","","36,00","","20,00","","17,00","","24,10","","93,23","","","","","","Nuageux"
"2000-03-19 14:00","2000","03","19","14:00"," ","8,60","","-2,50","","46,00","","25,00","","28,00","","24,10","","93,29","","","","","","Nuageux"
"2000-03-19 15:00","2000","03","19","15:00"," ","4,60","","1,90","","83,00","","24,00","","24,00","","24,10","","93,35","","","","","","Pluie"
"2000-03-19 16:00","2000","03","19","16:00"," ","4,50","","3,20","","91,00","","25,00","","11,00","","24,10","","93,39","","","","","","Pluie"
"2000-03-19 17:00","2000","03","19","17:00"," ","4,10","","2,20","","87,00","","27,00","","7,00","","24,10","","93,45","","","","","","Pluie"
"2000-03-19 18:00","2000","03","19","18:00"," ","3,70","","1,80","","87,00","","20,00","","7,00","","24,10","","93,42","","","","","","Pluie"
"2000-03-19 19:00","2000","03","19","19:00"," ","3,00","","1,00","","87,00","","19,00","","13,00","","24,10","","93,51","","","","","","Généralement nuageux"
"2000-03-19 20:00","2000","03","19","20:00"," ","2,60","","0,90","","89,00","","19,00","","17,00","","24,10","","93,58","","","","","","Généralement nuageux"
"2000-03-19 21:00","2000","03","19","21:00"," ","1,80","","0,60","","92,00","","18,00","","17,00","","24,10","","93,51","","","","","","Généralement nuageux"
"2000-03-19 22:00","2000","03","19","22:00"," ","1,70","","0,50","","92,00","","18,00","","17,00","","24,10","","93,58","","","","","","Généralement nuageux"
"2000-03-19 23:00","2000","03","19","23:00"," ","1,60","","0,10","","90,00","","22,00","","15,00","","24,10","","93,67","","","","","","Nuageux"
"2000-03-20 00:00","2000","03","20","00:00"," ","0,70","","-0,50","","92,00","","22,00","","13,00","","24,10","","93,67","","","","","","Généralement nuageux"
"2000-03-20 01:00","2000","03","20","01:00"," ","0,30","","-0,90","","92,00","","26,00","","15,00","","24,10","","93,77","","","","","","Généralement nuageux"
"2000-03-20 02:00","2000","03","20","02:00"," ","0,40","","-1,00","","90,00","","28,00","","15,00","","24,10","","93,87","","","","","","Nuageux"
"2000-03-20 03:00","2000","03","20","03:00"," ","0,10","","-1,10","","92,00","","31,00","","13,00","","24,10","","93,93","","","","","","Généralement nuageux"
"2000-03-20 04:00","2000","03","20","04:00"," ","-1,40","","-2,10","","95,00","","29,00","","7,00","","24,10","","93,96","","","","-4,00","","Généralement dégagé"
"2000-03-20 05:00","2000","03","20","05:00"," ","0,10","","-0,70","","94,00","","29,00","","11,00","","24,10","","94,06","","","","","","Nuageux"
"2000-03-20 06:00","2000","03","20","06:00"," ","0,00","","-1,50","","90,00","","31,00","","15,00","","24,10","","94,09","","","","-4,00","","Généralement nuageux"
"2000-03-20 07:00","2000","03","20","07:00"," ","-0,40","","-1,80","","90,00","","30,00","","13,00","","24,10","","94,25","","","","-5,00","","Nuageux"
"2000-03-20 08:00","2000","03","20","08:00"," ","-0,70","","-1,90","","92,00","","31,00","","17,00","","24,10","","94,31","","","","-6,00","","Nuageux"
"2000-03-20 09:00","2000","03","20","09:00"," ","0,00","","-1,60","","89,00","","31,00","","15,00","","24,10","","94,44","","","","-4,00","","Généralement nuageux"
"2000-03-20 10:00","2000","03","20","10:00"," ","1,10","","-0,80","","87,00","","32,00","","28,00","","24,10","","94,47","","","","","","Nuageux"
"2000-03-20 11:00","2000","03","20","11:00"," ","1,30","","-0,60","","87,00","","31,00","","19,00","","24,10","","94,57","","","","","","Nuageux"
"2000-03-20 12:00","2000","03","20","12:00"," ","2,00","","0,00","","87,00","","32,00","","19,00","","24,10","","94,60","","","","","","Nuageux"
"2000-03-20 13:00","2000","03","20","13:00"," ","4,40","","0,70","","77,00","","32,00","","20,00","","24,10","","94,67","","","","","","Nuageux"
"2000-03-20 14:00","2000","03","20","14:00"," ","5,60","","-0,20","","66,00","","32,00","","26,00","","24,10","","94,70","","","","","","Nuageux"
"2000-03-20 15:00","2000","03","20","15:00"," ","4,80","","-0,60","","68,00","","31,00","","22,00","","24,10","","94,76","","","","","","Nuageux"
"2000-03-20 16:00","2000","03","20","16:00"," ","5,10","","-1,50","","62,00","","31,00","","19,00","","24,10","","94,79","","","","","","Nuageux"
"2000-03-20 17:00","2000","03","20","17:00"," ","4,90","","-1,30","","64,00","","33,00","","19,00","","24,10","","94,86","","","","","","Nuageux"
"2000-03-20 18:00","2000","03","20","18:00"," ","4,40","","-1,00","","68,00","","33,00","","17,00","","24,10","","94,92","","","","","","Nuageux"
"2000-03-20 19:00","2000","03","20","19:00"," ","3,20","","-1,50","","71,00","","31,00","","7,00","","24,10","","95,02","","","","","","Nuageux"
"2000-03-20 20:00","2000","03","20","20:00"," ","2,20","","-1,70","","75,00","","27,00","","7,00","","24,10","","95,11","","","","","","Nuageux"
"2000-03-20 21:00","2000","03","20","21:00"," ","1,50","","-2,10","","77,00","","29,00","","9,00","","24,10","","95,18","","","","","","Nuageux"
"2000-03-20 22:00","2000","03","20","22:00"," ","1,30","","-2,10","","78,00","","28,00","","9,00","","24,10","","95,18","","","","","","Nuageux"
"2000-03-20 23:00","2000","03","20","23:00"," ","1,20","","-1,80","","80,00","","28,00","","11,00","","24,10","","95,24","","","","","","Nuageux"
"2000-03-21 00:00","2000","03","21","00:00"," ","0,80","","-1,80","","83,00","","28,00","","9,00","","24,10","","95,27","","","","","","Nuageux"
"2000-03-21 01:00","2000","03","21","01:00"," ","-0,10","","-2,20","","86,00","","25,00","","7,00","","24,10","","95,27","","","","-3,00","","Généralement nuageux"
"2000-03-21 02:00","2000","03","21","02:00"," ","-2,00","","-3,40","","90,00","","27,00","","11,00","","24,10","","95,31","","","","-6,00","","Dégagé"
"2000-03-21 03:00","2000","03","21","03:00"," ","-3,00","","-4,30","","91,00","","25,00","","9,00","","24,10","","95,31","","","","-7,00","","Dégagé"
"2000-03-21 04:00","2000","03","21","04:00"," ","-5,10","","-5,90","","94,00","","21,00","","9,00","","24,10","","95,31","","","","-9,00","","Dégagé"
"2000-03-21 05:00","2000","03","21","05:00"," ","-4,70","","-5,70","","93,00","","22,00","","7,00","","24,10","","95,31","","","","-8,00","","Dégagé"
"2000-03-21 06:00","2000","03","21","06:00"," ","-4,60","","-5,80","","91,00","","20,00","","7,00","","24,10","","95,27","","","","-8,00","","Dégagé"
"2000-03-21 07:00","2000","03","21","07:00"," ","-5,30","","-6,40","","92,00","","21,00","","9,00","","24,10","","95,24","","","","-9,00","","Dégagé"
"2000-03-21 08:00","2000","03","21","08:00"," ","-2,90","","-4,50","","89,00","","22,00","","11,00","","24,10","","95,24","","","","-7,00","","Dégagé"
"2000-03-21 09:00","2000","03","21","09:00"," ","0,10","","-2,50","","83,00","","22,00","","20,00","","24,10","","95,24","","","","","","Dégagé"
"2000-03-21 10:00","2000","03","21","10:00"," ","2,90","","-2,20","","69,00","","22,00","","22,00","","24,10","","95,21","","","","","","Dégagé"
"2000-03-21 11:00","2000","03","21","11:00"," ","5,30","","-2,40","","58,00","","23,00","","22,00","","24,10","","95,15","","","","","","Dégagé"
"2000-03-21 12:00","2000","03","21","12:00"," ","6,80","","-4,70","","44,00","","21,00","","33,00","","24,10","","95,02","","","","","","Dégagé"
"2000-03-21 13:00","2000","03","21","13:00"," ","8,80","","-4,60","","38,00","","23,00","","28,00","","24,10","","94,95","","","","","","Dégagé"
"2000-03-21 14:00","2000","03","21","14:00"," ","9,70","","-4,20","","37,00","","21,00","","35,00","","24,10","","94,79","","","","","","Généralement dégagé"
"2000-03-21 15:00","2000","03","21","15:00"," ","9,80","","-4,50","","36,00","","21,00","","33,00","","24,10","","94,73","","","","","","Généralement dégagé"
"2000-03-21 16:00","2000","03","21","16:00"," ","10,40","","-4,20","","36,00","","22,00","","33,00","","24,10","","94,63","","","","","","Généralement nuageux"
"2000-03-21 17:00","2000","03","21","17:00"," ","10,00","","-5,60","","33,00","","21,00","","37,00","","24,10","","94,60","","","","","","Généralement nuageux"
"2000-03-21 18:00","2000","03","21","18:00"," ","9,10","","-7,00","","31,00","","20,00","","32,00","","24,10","","94,47","","","","","","Nuageux"
"2000-03-21 19:00","2000","03","21","19:00"," ","7,50","","-6,50","","36,00","","20,00","","20,00","","24,10","","94,54","","","","","","Généralement nuageux"
"2000-03-21 20:00","2000","03","21","20:00"," ","6,20","","-7,00","","38,00","","20,00","","17,00","","24,10","","94,54","","","","","","Généralement nuageux"
"2000-03-21 21:00","2000","03","21","21:00"," ","5,50","","-6,70","","41,00","","21,00","","20,00","","24,10","","94,51","","","","","","Généralement dégagé"
"2000-03-21 22:00","2000","03","21","22:00"," ","1,40","","-6,00","","58,00","","22,00","","17,00","","24,10","","94,60","","","","","","Dégagé"
"2000-03-21 23:00","2000","03","21","23:00"," ","0,40","","-6,20","","61,00","","23,00","","15,00","","24,10","","94,57","","","","","","Dégagé"
"2000-03-22 00:00","2000","03","22","00:00"," ","-0,10","","-6,30","","63,00","","23,00","","13,00","","24,10","","94,63","","","","-4,00","","Dégagé"
"2000-03-22 01:00","2000","03","22","01:00"," ","-0,40","","-6,40","","64,00","","23,00","","13,00","","24,10","","94,63","","","","-5,00","","Dégagé"
"2000-03-22 02:00","2000","03","22","02:00"," ","-1,80","","-7,10","","67,00","","21,00","","13,00","","24,10","","94,70","","","","-6,00","","Dégagé"
"2000-03-22 03:00","2000","03","22","03:00"," ","-2,50","","-6,70","","73,00","","21,00","","9,00","","24,10","","94,73","","","","-6,00","","Dégagé"
"2000-03-22 04:00","2000","03","22","04:00"," ","-2,30","","-6,20","","75,00","","23,00","","13,00","","24,10","","94,83","","","","-7,00","","Dégagé"
"2000-03-22 05:00","2000","03","22","05:00"," ","-2,70","","-6,20","","77,00","","22,00","","13,00","","24,10","","94,86","","","","-7,00","","Généralement dégagé"
"2000-03-22 06:00","2000","03","22","06:00"," ","-1,80","","-5,70","","75,00","","24,00","","15,00","","24,10","","94,99","","","","-7,00","","Généralement dégagé"
"2000-03-22 07:00","2000","03","22","07:00"," ","-2,80","","-6,00","","79,00","","21,00","","11,00","","24,10","","95,05","","","","-7,00","","Généralement nuageux"
"2000-03-22 08:00","2000","03","22","08:00"," ","-0,20","","-4,20","","74,00","","25,00","","13,00","","24,10","","95,15","","","","-4,00","","Généralement dégagé"
"2000-03-22 09:00","2000","03","22","09:00"," ","2,70","","-3,10","","66,00","","25,00","","13,00","","24,10","","95,24","","","","","","Dégagé"
"2000-03-22 10:00","2000","03","22","10:00"," ","5,10","","-2,10","","60,00","","32,00","","19,00","","24,10","","95,27","","","","","","Généralement dégagé"
"2000-03-22 11:00","2000","03","22","11:00"," ","7,30","","-1,40","","54,00","","32,00","","7,00","","24,10","","95,31","","","","","","Généralement dégagé"
"2000-03-22 12:00","2000","03","22","12:00"," ","9,50","","-2,00","","44,00","","31,00","","2,00","","24,10","","95,27","","","","","","Généralement nuageux"
"2000-03-22 13:00","2000","03","22","13:00"," ","11,20","","-3,60","","35,00","","33,00","","4,00","","24,10","","95,27","","","","","","Généralement nuageux"
"2000-03-22 14:00","2000","03","22","14:00"," ","12,50","","-3,80","","32,00","","21,00","","2,00","","24,10","","95,18","","","","","","Généralement dégagé"
"2000-03-22 15:00","2000","03","22","15:00"," ","13,00","","-5,20","","28,00","","26,00","","2,00","","24,10","","95,15","","","","","","Généralement dégagé"
"2000-03-22 16:00","2000","03","22","16:00"," ","14,80","","-4,50","","26,00","","18,00","","9,00","","24,10","","95,08","","","","","","Généralement dégagé"
"2000-03-22 17:00","2000","03","22","17:00"," ","14,10","","-7,40","","22,00","","15,00","","2,00","","24,10","","95,02","","","","","","Généralement dégagé"
"2000-03-22 18:00","2000","03","22","18:00"," ","13,80","","-6,70","","23,00","","8,00","","6,00","","24,10","","94,95","","","","","","Dégagé"
"2000-03-22 19:00","2000","03","22","19:00"," ","9,40","","-5,70","","34,00","","9,00","","7,00","","24,10","","94,92","","","","","","Généralement dégagé"
"2000-03-22 20:00","2000","03","22","20:00"," ","4,70","","-5,30","","48,00","","9,00","","15,00","","24,10","","94,89","","","","","","Généralement dégagé"
"2000-03-22 21:00","2000","03","22","21:00"," ","3,80","","-5,60","","50,00","","11,00","","17,00","","24,10","","94,89","","","","","","Dégagé"
"2000-03-22 22:00","2000","03","22","22:00"," ","3,20","","-4,60","","57,00","","12,00","","15,00","","24,10","","94,83","","","","","","Généralement dégagé"
"2000-03-22 23:00","2000","03","22","23:00"," ","2,90","","-3,10","","65,00","","12,00","","17,00","","24,10","","94,76","","","","","","Généralement dégagé"
"2000-03-23 00:00","2000","03","23","00:00"," ","4,60","","-2,60","","60,00","","13,00","","26,00","","24,10","","94,67","","","","","","Dégagé"
"2000-03-23 01:00","2000","03","23","01:00"," ","3,40","","-2,60","","65,00","","13,00","","19,00","","24,10","","94,63","","","","","","Généralement dégagé"
"2000-03-23 02:00","2000","03","23","02:00"," ","4,40","","-2,90","","59,00","","15,00","","19,00","","24,10","","94,54","","","","","","Généralement dégagé"
"2000-03-23 03:00","2000","03","23","03:00"," ","2,70","","-3,00","","66,00","","15,00","","15,00","","24,10","","94,51","","","","","","Généralement dégagé"
"2000-03-23 04:00","2000","03","23","04:00"," ","2,30","","-2,50","","71,00","","15,00","","17,00","","24,10","","94,44","","","","","","Dégagé"
"2000-03-23 05:00","2000","03","23","05:00"," ","1,70","","-2,30","","75,00","","12,00","","15,00","","24,10","","94,41","","","","","","Généralement dégagé"
"2000-03-23 06:00","2000","03","23","06:00"," ","0,10","","-2,80","","81,00","","12,00","","13,00","","24,10","","94,41","","","","","","Généralement nuageux"
"2000-03-23 07:00","2000","03","23","07:00"," ","-0,70","","-2,70","","86,00","","12,00","","19,00","","24,10","","94,31","","","","-6,00","","Généralement dégagé"
"2000-03-23 08:00","2000","03","23","08:00"," ","1,70","","-1,10","","82,00","","12,00","","20,00","","24,10","","94,25","","","","","","Généralement nuageux"
"2000-03-23 09:00","2000","03","23","09:00"," ","5,50","","0,90","","72,00","","13,00","","15,00","","24,10","","94,15","","","","","","Nuageux"
"2000-03-23 10:00","2000","03","23","10:00"," ","8,50","","1,80","","63,00","","14,00","","24,00","","24,10","","94,03","","","","","","Nuageux"
"2000-03-23 11:00","2000","03","23","11:00"," ","12,40","","2,80","","52,00","","15,00","","22,00","","24,10","","93,96","","","","","","Nuageux"
"2000-03-23 12:00","2000","03","23","12:00"," ","13,50","","1,80","","45,00","","15,00","","22,00","","24,10","","93,87","","","","","","Nuageux"
"2000-03-23 13:00","2000","03","23","13:00"," ","15,50","","0,00","","35,00","","16,00","","33,00","","24,10","","93,80","","","","","","Nuageux"
"2000-03-23 14:00","2000","03","23","14:00"," ","14,90","","1,00","","39,00","","16,00","","37,00","","24,10","","93,67","","","","","","Nuageux"
"2000-03-23 15:00","2000","03","23","15:00"," ","15,10","","2,40","","42,00","","16,00","","28,00","","24,10","","93,58","","","","","","Nuageux"
"2000-03-23 16:00","2000","03","23","16:00"," ","15,10","","2,80","","44,00","","18,00","","15,00","","24,10","","93,55","","","","","","Nuageux"
"2000-03-23 17:00","2000","03","23","17:00"," ","14,80","","3,30","","46,00","","25,00","","2,00","","24,10","","93,51","","","","","","Nuageux"
"2000-03-23 18:00","2000","03","23","18:00"," ","14,50","","3,70","","48,00","","19,00","","2,00","","24,10","","93,45","","","","","","Nuageux"
"2000-03-23 19:00","2000","03","23","19:00"," ","13,10","","6,20","","63,00","","14,00","","20,00","","24,10","","93,39","","","","","","Nuageux"
"2000-03-23 20:00","2000","03","23","20:00"," ","10,80","","7,40","","79,00","","13,00","","22,00","","24,10","","93,35","","","","","","Nuageux"
"2000-03-23 21:00","2000","03","23","21:00"," ","9,80","","7,10","","83,00","","16,00","","17,00","","24,10","","93,32","","","","","","Nuageux"
"2000-03-23 22:00","2000","03","23","22:00"," ","8,60","","6,70","","88,00","","21,00","","15,00","","24,10","","93,29","","","","","","Nuageux"
"2000-03-23 23:00","2000","03","23","23:00"," ","7,60","","5,90","","89,00","","23,00","","15,00","","24,10","","93,29","","","","","","Nuageux"
"2000-03-24 00:00","2000","03","24","00:00"," ","5,70","","1,30","","73,00","","31,00","","28,00","","24,10","","93,35","","","","","","Nuageux"
"2000-03-24 01:00","2000","03","24","01:00"," ","3,50","","0,10","","78,00","","30,00","","28,00","","24,10","","93,39","","","","","","Généralement dégagé"
"2000-03-24 02:00","2000","03","24","02:00"," ","2,00","","-0,80","","82,00","","30,00","","20,00","","24,10","","93,45","","","","","","Généralement nuageux"
"2000-03-24 03:00","2000","03","24","03:00"," ","1,40","","-0,80","","85,00","","29,00","","19,00","","24,10","","93,51","","","","","","Généralement dégagé"
"2000-03-24 04:00","2000","03","24","04:00"," ","1,60","","-0,30","","87,00","","28,00","","17,00","","24,10","","93,55","","","","","","Généralement nuageux"
"2000-03-24 05:00","2000","03","24","05:00"," ","2,60","","1,00","","89,00","","27,00","","11,00","","24,10","","93,61","","","","","","Généralement nuageux"
"2000-03-24 06:00","2000","03","24","06:00"," ","3,30","","1,10","","85,00","","29,00","","19,00","","24,10","","93,64","","","","","","Nuageux"
"2000-03-24 07:00","2000","03","24","07:00"," ","2,60","","0,60","","87,00","","29,00","","26,00","","24,10","","93,71","","","","","","Nuageux"
"2000-03-24 08:00","2000","03","24","08:00"," ","2,60","","0,70","","87,00","","27,00","","22,00","","24,10","","93,74","","","","","","Nuageux"
"2000-03-24 09:00","2000","03","24","09:00"," ","3,20","","0,60","","83,00","","29,00","","28,00","","24,10","","93,80","","","","","","Nuageux"
"2000-03-24 10:00","2000","03","24","10:00"," ","3,10","","0,20","","81,00","","28,00","","28,00","","24,10","","93,83","","","","","","Nuageux"
"2000-03-24 11:00","2000","03","24","11:00"," ","4,30","","0,90","","79,00","","30,00","","35,00","","24,10","","93,80","","","","","","Averses de pluie"
"2000-03-24 12:00","2000","03","24","12:00"," ","4,30","","0,80","","78,00","","30,00","","37,00","","24,10","","93,83","","","","","","Nuageux"
"2000-03-24 13:00","2000","03","24","13:00"," ","4,20","","0,90","","79,00","","29,00","","39,00","","24,10","","93,87","","","","","","Averses de pluie"
"2000-03-24 14:00","2000","03","24","14:00"," ","4,00","","0,80","","80,00","","30,00","","33,00","","24,10","","93,93","","","","","","Averses de pluie"
"2000-03-24 15:00","2000","03","24","15:00"," ","6,40","","-0,40","","62,00","","31,00","","37,00","","24,10","","93,96","","","","","","Averses de pluie"
"2000-03-24 16:00","2000","03","24","16:00"," ","5,40","","1,10","","74,00","","31,00","","43,00","","24,10","","93,99","","","","","","Averses de pluie"
"2000-03-24 17:00","2000","03","24","17:00"," ","6,50","","-1,80","","55,00","","32,00","","39,00","","24,10","","93,99","","","","","","Nuageux"
"2000-03-24 18:00","2000","03","24","18:00"," ","7,70","","-2,90","","47,00","","32,00","","33,00","","24,10","","94,03","","","","","","Généralement nuageux"
"2000-03-24 19:00","2000","03","24","19:00"," ","5,80","","-3,90","","50,00","","29,00","","19,00","","24,10","","94,09","","","","","","Nuageux"
"2000-03-24 20:00","2000","03","24","20:00"," ","4,00","","-4,00","","56,00","","30,00","","15,00","","24,10","","94,15","","","","","","Généralement nuageux"
"2000-03-24 21:00","2000","03","24","21:00"," ","1,10","","-4,80","","65,00","","28,00","","11,00","","24,10","","94,25","","","","","","Généralement dégagé"
"2000-03-24 22:00","2000","03","24","22:00"," ","1,00","","-5,20","","63,00","","30,00","","19,00","","24,10","","94,31","","","","","","Généralement dégagé"
"2000-03-24 23:00","2000","03","24","23:00"," ","-0,40","","-5,80","","67,00","","28,00","","19,00","","24,10","","94,35","","","","-6,00","","Dégagé"
"2000-03-25 00:00","2000","03","25","00:00"," ","-0,30","","-6,20","","64,00","","29,00","","20,00","","24,10","","94,38","","","","-6,00","","Dégagé"
"2000-03-25 01:00","2000","03","25","01:00"," ","-1,80","","-6,00","","73,00","","28,00","","17,00","","24,10","","94,41","","","","-7,00","","Généralement dégagé"
"2000-03-25 02:00","2000","03","25","02:00"," ","-1,90","","-5,70","","75,00","","28,00","","20,00","","24,10","","94,44","","","","-8,00","","Dégagé"
"2000-03-25 03:00","2000","03","25","03:00"," ","-2,30","","-5,50","","79,00","","29,00","","19,00","","24,10","","94,47","","","","-8,00","","Dégagé"
"2000-03-25 04:00","2000","03","25","04:00"," ","-3,20","","-5,90","","82,00","","27,00","","17,00","","24,10","","94,51","","","","-9,00","","Dégagé"
"2000-03-25 05:00","2000","03","25","05:00"," ","-3,60","","-6,10","","83,00","","27,00","","19,00","","24,10","","94,57","","","","-10,00","","Dégagé"
"2000-03-25 06:00","2000","03","25","06:00"," ","-3,50","","-6,30","","81,00","","27,00","","15,00","","24,10","","94,57","","","","-9,00","","Dégagé"
"2000-03-25 07:00","2000","03","25","07:00"," ","-3,60","","-6,50","","80,00","","27,00","","19,00","","24,10","","94,67","","","","-10,00","","Dégagé"
"2000-03-25 08:00","2000","03","25","08:00"," ","-1,60","","-6,00","","72,00","","29,00","","17,00","","24,10","","94,70","","","","-7,00","","Dégagé"
"2000-03-25 09:00","2000","03","25","09:00"," ","1,70","","-5,30","","60,00","","28,00","","20,00","","24,10","","94,70","","","","","","Dégagé"
"2000-03-25 10:00","2000","03","25","10:00"," ","4,60","","-4,60","","51,00","","28,00","","19,00","","24,10","","94,70","","","","","","Généralement dégagé"
"2000-03-25 11:00","2000","03","25","11:00"," ","6,80","","-6,40","","38,00","","28,00","","24,00","","24,10","","94,63","","","","","","Généralement nuageux"
"2000-03-25 12:00","2000","03","25","12:00"," ","8,30","","-6,20","","35,00","","30,00","","22,00","","24,10","","94,57","","","","","","Nuageux"
"2000-03-25 13:00","2000","03","25","13:00"," ","8,40","","-6,50","","34,00","","28,00","","17,00","","24,10","","94,47","","","","","","Nuageux"
"2000-03-25 14:00","2000","03","25","14:00"," ","10,50","","-5,30","","32,00","","25,00","","24,00","","24,10","","94,38","","","","","","Généralement nuageux"
"2000-03-25 15:00","2000","03","25","15:00"," ","10,90","","-5,00","","32,00","","25,00","","19,00","","24,10","","94,25","","","","","","Généralement nuageux"
"2000-03-25 16:00","2000","03","25","16:00"," ","11,50","","-4,40","","33,00","","24,00","","22,00","","24,10","","94,15","","","","","","Nuageux"
"2000-03-25 17:00","2000","03","25","17:00"," ","11,10","","-4,90","","32,00","","23,00","","20,00","","24,10","","94,06","","","","","","Nuageux"
"2000-03-25 18:00","2000","03","25","18:00"," ","9,80","","-4,00","","38,00","","21,00","","9,00","","24,10","","93,99","","","","","","Nuageux"
"2000-03-25 19:00","2000","03","25","19:00"," ","8,70","","-3,40","","42,00","","18,00","","11,00","","24,10","","93,87","","","","","","Nuageux"
"2000-03-25 20:00","2000","03","25","20:00"," ","5,10","","-3,90","","52,00","","18,00","","13,00","","24,10","","93,80","","","","","","Nuageux"
"2000-03-25 21:00","2000","03","25","21:00"," ","3,40","","-4,20","","57,00","","23,00","","13,00","","24,10","","93,77","","","","","","Nuageux"
"2000-03-25 22:00","2000","03","25","22:00"," ","5,50","","-5,00","","47,00","","25,00","","17,00","","24,10","","93,77","","","","","","Nuageux"
"2000-03-25 23:00","2000","03","25","23:00"," ","5,40","","-5,50","","45,00","","27,00","","19,00","","24,10","","93,77","","","","","","Nuageux"
"2000-03-26 00:00","2000","03","26","00:00"," ","5,70","","-4,50","","48,00","","28,00","","13,00","","24,10","","93,83","","","","","","Nuageux"
"2000-03-26 01:00","2000","03","26","01:00"," ","4,90","","-3,90","","53,00","","30,00","","20,00","","24,10","","93,83","","","","","","Généralement nuageux"
"2000-03-26 02:00","2000","03","26","02:00"," ","4,10","","-3,10","","59,00","","29,00","","19,00","","24,10","","93,87","","","","","","Nuageux"
"2000-03-26 03:00","2000","03","26","03:00"," ","2,70","","-3,10","","66,00","","28,00","","22,00","","24,10","","93,90","","","","","","Généralement nuageux"
"2000-03-26 04:00","2000","03","26","04:00"," ","1,50","","-3,00","","72,00","","29,00","","26,00","","24,10","","93,96","","","","","","Généralement dégagé"
"2000-03-26 05:00","2000","03","26","05:00"," ","1,00","","-2,60","","77,00","","30,00","","22,00","","24,10","","93,99","","","","","","Généralement nuageux"
"2000-03-26 06:00","2000","03","26","06:00"," ","1,40","","-2,30","","76,00","","29,00","","28,00","","24,10","","94,06","","","","","","Généralement dégagé"
"2000-03-26 07:00","2000","03","26","07:00"," ","0,70","","-2,20","","81,00","","29,00","","24,00","","24,10","","94,15","","","","","","Généralement nuageux"
"2000-03-26 08:00","2000","03","26","08:00"," ","1,60","","-2,00","","77,00","","30,00","","24,00","","24,10","","94,19","","","","","","Dégagé"
"2000-03-26 09:00","2000","03","26","09:00"," ","3,30","","-2,00","","68,00","","31,00","","33,00","","24,10","","94,22","","","","","","Dégagé"
"2000-03-26 10:00","2000","03","26","10:00"," ","5,60","","-1,70","","59,00","","30,00","","33,00","","24,10","","94,22","","","","","","Dégagé"
"2000-03-26 11:00","2000","03","26","11:00"," ","7,70","","-2,10","","50,00","","30,00","","35,00","","24,10","","94,22","","","","","","Dégagé"
"2000-03-26 12:00","2000","03","26","12:00"," ","9,00","","-4,50","","38,00","","30,00","","44,00","","24,10","","94,19","","","","","","Généralement dégagé"
"2000-03-26 13:00","2000","03","26","13:00"," ","10,00","","-5,50","","33,00","","32,00","","41,00","","24,10","","94,15","","","","","","Généralement dégagé"
"2000-03-26 14:00","2000","03","26","14:00"," ","10,20","","-6,40","","30,00","","30,00","","41,00","","24,10","","94,09","","","","","","Généralement nuageux"
"2000-03-26 15:00","2000","03","26","15:00"," ","10,20","","-6,10","","31,00","","31,00","","43,00","","24,10","","94,09","","","","","","Généralement nuageux"
"2000-03-26 16:00","2000","03","26","16:00"," ","9,30","","-5,90","","34,00","","31,00","","44,00","","24,10","","94,09","","","","","","Généralement nuageux"
"2000-03-26 17:00","2000","03","26","17:00"," ","9,10","","-4,80","","37,00","","32,00","","46,00","","24,10","","94,09","","","","","","Généralement nuageux"
"2000-03-26 18:00","2000","03","26","18:00"," ","8,00","","-5,90","","37,00","","31,00","","33,00","","24,10","","94,09","","","","","","Généralement dégagé"
"2000-03-26 19:00","2000","03","26","19:00"," ","7,00","","-5,50","","41,00","","31,00","","30,00","","24,10","","94,06","","","","","","Généralement dégagé"
"2000-03-26 20:00","2000","03","26","20:00"," ","4,00","","-5,70","","49,00","","29,00","","19,00","","24,10","","94,03","","","","","","Généralement dégagé"
"2000-03-26 21:00","2000","03","26","21:00"," ","2,40","","-5,30","","57,00","","29,00","","20,00","","24,10","","93,99","","","","","","Généralement dégagé"
"2000-03-26 22:00","2000","03","26","22:00"," ","1,90","","-5,50","","58,00","","28,00","","20,00","","24,10","","93,99","","","","","","Généralement dégagé"
"2000-03-26 23:00","2000","03","26","23:00"," ","0,70","","-5,80","","62,00","","29,00","","22,00","","24,10","","93,96","","","","","","Généralement dégagé"
"2000-03-27 00:00","2000","03","27","00:00"," ","1,10","","-5,90","","60,00","","30,00","","22,00","","24,10","","93,96","","","","","","Généralement dégagé"
"2000-03-27 01:00","2000","03","27","01:00"," ","-0,50","","-5,80","","67,00","","28,00","","17,00","","24,10","","93,96","","","","-5,00","","Généralement dégagé"
"2000-03-27 02:00","2000","03","27","02:00"," ","-0,30","","-5,60","","67,00","","30,00","","20,00","","24,10","","93,93","","","","-6,00","","Généralement dégagé"
"2000-03-27 03:00","2000","03","27","03:00"," ","-1,40","","-5,50","","74,00","","30,00","","19,00","","24,10","","93,90","","","","-7,00","","Généralement dégagé"
"2000-03-27 04:00","2000","03","27","04:00"," ","-1,80","","-5,30","","77,00","","30,00","","17,00","","24,10","","93,83","","","","-7,00","","Généralement dégagé"
"2000-03-27 05:00","2000","03","27","05:00"," ","-2,10","","-5,30","","79,00","","29,00","","22,00","","24,10","","93,87","","","","-8,00","","Généralement dégagé"
"2000-03-27 06:00","2000","03","27","06:00"," ","-2,00","","-5,00","","80,00","","30,00","","20,00","","24,10","","93,90","","","","-8,00","","Généralement dégagé"
"2000-03-27 07:00","2000","03","27","07:00"," ","-2,30","","-4,90","","82,00","","29,00","","20,00","","24,10","","93,93","","","","-8,00","","Généralement dégagé"
"2000-03-27 08:00","2000","03","27","08:00"," ","-0,60","","-4,50","","75,00","","32,00","","22,00","","24,10","","93,96","","","","-6,00","","Généralement dégagé"
"2000-03-27 09:00","2000","03","27","09:00"," ","1,70","","-5,70","","58,00","","34,00","","24,00","","24,10","","93,96","","","","","","Généralement dégagé"
"2000-03-27 10:00","2000","03","27","10:00"," ","3,70","","-5,70","","50,00","","36,00","","22,00","","24,10","","93,99","","","","","","Généralement dégagé"
"2000-03-27 11:00","2000","03","27","11:00"," ","4,60","","-7,30","","42,00","","35,00","","28,00","","24,10","","94,06","","","","","","Généralement nuageux"
"2000-03-27 12:00","2000","03","27","12:00"," ","5,30","","-6,80","","41,00","","2,00","","19,00","","24,10","","94,03","","","","","","Généralement nuageux"
"2000-03-27 13:00","2000","03","27","13:00"," ","6,20","","-6,90","","38,00","","2,00","","20,00","","24,10","","94,09","","","","","","Généralement nuageux"
"2000-03-27 14:00","2000","03","27","14:00"," ","6,30","","-7,40","","37,00","","4,00","","13,00","","24,10","","94,09","","","","","","Généralement nuageux"
"2000-03-27 15:00","2000","03","27","15:00"," ","6,60","","-7,60","","35,00","","4,00","","7,00","","24,10","","94,09","","","","","","Généralement nuageux"
"2000-03-27 16:00","2000","03","27","16:00"," ","7,00","","-8,40","","32,00","","9,00","","9,00","","24,10","","94,09","","","","","","Généralement nuageux"
"2000-03-27 17:00","2000","03","27","17:00"," ","7,00","","-8,20","","33,00","","9,00","","15,00","","24,10","","94,09","","","","","","Généralement dégagé"
"2000-03-27 18:00","2000","03","27","18:00"," ","6,00","","-7,80","","36,00","","12,00","","20,00","","24,10","","94,12","","","","","","Généralement dégagé"
"2000-03-27 19:00","2000","03","27","19:00"," ","3,30","","-8,00","","43,00","","12,00","","13,00","","24,10","","94,15","","","","","","Généralement nuageux"
"2000-03-27 20:00","2000","03","27","20:00"," ","0,10","","-7,90","","55,00","","12,00","","15,00","","24,10","","94,15","","","","","","Généralement nuageux"
"2000-03-27 21:00","2000","03","27","21:00"," ","-1,30","","-7,60","","62,00","","13,00","","19,00","","24,10","","94,15","","","","-7,00","","Généralement dégagé"
"2000-03-27 22:00","2000","03","27","22:00"," ","-2,60","","-7,90","","67,00","","13,00","","19,00","","24,10","","94,19","","","","-8,00","","Généralement dégagé"
"2000-03-27 23:00","2000","03","27","23:00"," ","-3,20","","-8,10","","69,00","","13,00","","19,00","","24,10","","94,15","","","","-9,00","","Généralement dégagé"
"2000-03-28 00:00","2000","03","28","00:00"," ","-4,10","","-8,00","","74,00","","13,00","","17,00","","24,10","","94,12","","","","-10,00","","Généralement dégagé"
"2000-03-28 01:00","2000","03","28","01:00"," ","-4,40","","-7,80","","77,00","","16,00","","17,00","","24,10","","94,19","","","","-10,00","","Généralement dégagé"
"2000-03-28 02:00","2000","03","28","02:00"," ","-5,50","","-8,30","","81,00","","14,00","","15,00","","24,10","","94,19","","","","-11,00","","Généralement dégagé"
"2000-03-28 03:00","2000","03","28","03:00"," ","-5,90","","-8,30","","83,00","","13,00","","15,00","","24,10","","94,15","","","","-12,00","","Généralement dégagé"
"2000-03-28 04:00","2000","03","28","04:00"," ","-5,70","","-8,80","","79,00","","14,00","","19,00","","24,10","","94,15","","","","-12,00","","Généralement dégagé"
"2000-03-28 05:00","2000","03","28","05:00"," ","-6,10","","-9,00","","80,00","","14,00","","11,00","","24,10","","94,06","","","","-11,00","","Généralement dégagé"
"2000-03-28 06:00","2000","03","28","06:00"," ","-7,90","","-9,60","","88,00","","11,00","","6,00","","24,10","","94,09","","","","-11,00","","Généralement dégagé"
"2000-03-28 07:00","2000","03","28","07:00"," ","-7,30","","-9,00","","88,00","","11,00","","13,00","","24,10","","94,09","","","","-13,00","","Généralement nuageux"
"2000-03-28 08:00","2000","03","28","08:00"," ","-5,10","","-8,10","","79,00","","11,00","","19,00","","24,10","","94,06","","","","-12,00","","Généralement nuageux"
"2000-03-28 09:00","2000","03","28","09:00"," ","-1,40","","-7,10","","65,00","","12,00","","20,00","","24,10","","94,03","","","","-7,00","","Généralement nuageux"
"2000-03-28 10:00","2000","03","28","10:00"," ","1,80","","-7,40","","50,00","","14,00","","26,00","","24,10","","93,99","","","","","","Généralement nuageux"
"2000-03-28 11:00","2000","03","28","11:00"," ","4,10","","-7,70","","42,00","","15,00","","24,00","","24,10","","93,99","","","","","","Généralement nuageux"
"2000-03-28 12:00","2000","03","28","12:00"," ","6,30","","-8,60","","33,00","","13,00","","26,00","","24,10","","93,93","","","","","","Généralement nuageux"
"2000-03-28 13:00","2000","03","28","13:00"," ","8,40","","-9,00","","28,00","","13,00","","30,00","","24,10","","93,87","","","","","","Généralement nuageux"
"2000-03-28 14:00","2000","03","28","14:00"," ","9,30","","-9,00","","26,00","","14,00","","32,00","","24,10","","93,83","","","","","","Nuageux"
"2000-03-28 15:00","2000","03","28","15:00"," ","9,50","","-9,10","","26,00","","13,00","","24,00","","24,10","","93,83","","","","","","Généralement nuageux"
"2000-03-28 16:00","2000","03","28","16:00"," ","10,00","","-8,40","","26,00","","15,00","","35,00","","24,10","","93,77","","","","","","Généralement nuageux"
"2000-03-28 17:00","2000","03","28","17:00"," ","9,40","","-8,80","","27,00","","12,00","","28,00","","24,10","","93,80","","","","","","Généralement nuageux"
"2000-03-28 18:00","2000","03","28","18:00"," ","8,30","","-8,00","","31,00","","13,00","","33,00","","24,10","","93,80","","","","","","Nuageux"
"2000-03-28 19:00","2000","03","28","19:00"," ","6,80","","-8,00","","34,00","","13,00","","22,00","","24,10","","93,87","","","","","","Nuageux"
"2000-03-28 20:00","2000","03","28","20:00"," ","3,70","","-8,30","","41,00","","13,00","","15,00","","24,10","","93,90","","","","","","Nuageux"
"2000-03-28 21:00","2000","03","28","21:00"," ","1,00","","-7,30","","54,00","","11,00","","13,00","","24,10","","93,93","","","","","","Nuageux"
"2000-03-28 22:00","2000","03","28","22:00"," ","0,90","","-5,40","","63,00","","12,00","","20,00","","24,10","","93,93","","","","","","Généralement dégagé"
"2000-03-28 23:00","2000","03","28","23:00"," ","-0,30","","-5,10","","70,00","","11,00","","15,00","","24,10","","93,96","","","","-5,00","","Généralement dégagé"
"2000-03-29 00:00","2000","03","29","00:00"," ","-1,00","","-5,00","","74,00","","12,00","","15,00","","24,10","","93,99","","","","-6,00","","Généralement dégagé"
"2000-03-29 01:00","2000","03","29","01:00"," ","-1,40","","-4,60","","79,00","","11,00","","13,00","","24,10","","93,99","","","","-6,00","","Généralement dégagé"
"2000-03-29 02:00","2000","03","29","02:00"," ","-1,50","","-4,50","","80,00","","10,00","","17,00","","24,10","","93,99","","","","-7,00","","Généralement dégagé"
"2000-03-29 03:00","2000","03","29","03:00"," ","-1,70","","-4,40","","82,00","","10,00","","17,00","","24,10","","93,96","","","","-7,00","","Généralement dégagé"
"2000-03-29 04:00","2000","03","29","04:00"," ","-1,00","","-3,90","","81,00","","12,00","","24,00","","24,10","","93,96","","","","-7,00","","Généralement nuageux"
"2000-03-29 05:00","2000","03","29","05:00"," ","-0,90","","-3,60","","82,00","","11,00","","13,00","","24,10","","93,99","","","","-5,00","","Généralement nuageux"
"2000-03-29 06:00","2000","03","29","06:00"," ","-0,50","","-3,40","","81,00","","12,00","","19,00","","24,10","","93,99","","","","-6,00","","Généralement nuageux"
"2000-03-29 07:00","2000","03","29","07:00"," ","-0,30","","-3,80","","77,00","","12,00","","22,00","","24,10","","94,03","","","","-6,00","","Généralement nuageux"
"2000-03-29 08:00","2000","03","29","08:00"," ","0,70","","-4,00","","71,00","","13,00","","28,00","","24,10","","93,99","","","","","","Généralement nuageux"
"2000-03-29 09:00","2000","03","29","09:00"," ","1,90","","-3,90","","65,00","","13,00","","26,00","","24,10","","93,99","","","","","","Nuageux"
"2000-03-29 10:00","2000","03","29","10:00"," ","4,10","","-4,30","","54,00","","14,00","","30,00","","24,10","","94,03","","","","","","Nuageux"
"2000-03-29 11:00","2000","03","29","11:00"," ","5,70","","-4,00","","50,00","","13,00","","22,00","","24,10","","94,03","","","","","","Nuageux"
"2000-03-29 12:00","2000","03","29","12:00"," ","7,30","","-4,50","","43,00","","16,00","","22,00","","24,10","","94,03","","","","","","Nuageux"
"2000-03-29 13:00","2000","03","29","13:00"," ","9,60","","-4,10","","38,00","","15,00","","32,00","","24,10","","93,99","","","","","","Nuageux"
"2000-03-29 14:00","2000","03","29","14:00"," ","9,80","","-3,90","","38,00","","15,00","","28,00","","24,10","","93,99","","","","","","Nuageux"
"2000-03-29 15:00","2000","03","29","15:00"," ","8,30","","-3,90","","42,00","","16,00","","28,00","","24,10","","94,06","","","","","","Nuageux"
"2000-03-29 16:00","2000","03","29","16:00"," ","7,70","","-1,40","","52,00","","15,00","","26,00","","24,10","","94,09","","","","","","Généralement nuageux"
"2000-03-29 17:00","2000","03","29","17:00"," ","7,20","","-0,90","","56,00","","13,00","","22,00","","24,10","","94,12","","","","","","Nuageux"
"2000-03-29 18:00","2000","03","29","18:00"," ","8,00","","-2,30","","48,00","","17,00","","24,00","","24,10","","94,12","","","","","","Nuageux"
"2000-03-29 19:00","2000","03","29","19:00"," ","6,30","","-2,00","","55,00","","15,00","","11,00","","24,10","","94,15","","","","","","Généralement nuageux"
"2000-03-29 20:00","2000","03","29","20:00"," ","2,30","","-3,20","","67,00","","13,00","","11,00","","24,10","","94,19","","","","","","Généralement nuageux"
"2000-03-29 21:00","2000","03","29","21:00"," ","2,40","","-0,50","","81,00","","11,00","","11,00","","24,10","","94,19","","","","","","Généralement nuageux"
"2000-03-29 22:00","2000","03","29","22:00"," ","3,10","","0,30","","82,00","","11,00","","11,00","","24,10","","94,22","","","","","","Nuageux"
"2000-03-29 23:00","2000","03","29","23:00"," ","2,80","","-0,40","","79,00","","14,00","","4,00","","24,10","","94,25","","","","","","Nuageux"
"2000-03-30 00:00","2000","03","30","00:00"," ","2,30","","-0,20","","84,00","","24,00","","9,00","","24,10","","94,28","","","","","","Généralement dégagé"
"2000-03-30 01:00","2000","03","30","01:00"," ","0,40","","-0,40","","94,00","","25,00","","9,00","","24,10","","94,31","","","","","","Généralement dégagé"
"2000-03-30 02:00","2000","03","30","02:00"," ","-0,90","","-2,00","","92,00","","24,00","","9,00","","24,10","","94,35","","","","-4,00","","Dégagé"
"2000-03-30 03:00","2000","03","30","03:00"," ","-1,90","","-2,50","","96,00","","24,00","","7,00","","24,10","","94,41","","","","-5,00","","Dégagé"
"2000-03-30 04:00","2000","03","30","04:00"," ","-2,20","","-2,90","","95,00","","26,00","","7,00","","24,10","","94,44","","","","-5,00","","Dégagé"
"2000-03-30 05:00","2000","03","30","05:00"," ","-2,40","","-2,80","","97,00","","23,00","","9,00","","12,90","","94,47","","","","-6,00","","Dégagé"
"2000-03-30 06:00","2000","03","30","06:00"," ","-1,10","","-1,60","","96,00","","26,00","","9,00","","24,10","","94,54","","","","-4,00","","Nuageux"
"2000-03-30 07:00","2000","03","30","07:00"," ","0,10","","-0,30","","97,00","","25,00","","6,00","","6,40","","94,57","","","","","","Brouillard"
"2000-03-30 08:00","2000","03","30","08:00"," ","1,40","","0,80","","96,00","","28,00","","17,00","","9,70","","94,57","","","","","","Brouillard"
"2000-03-30 09:00","2000","03","30","09:00"," ","2,10","","1,10","","93,00","","27,00","","13,00","","12,90","","94,60","","","","","","Nuageux"
"2000-03-30 10:00","2000","03","30","10:00"," ","3,10","","1,50","","89,00","","28,00","","19,00","","16,10","","94,60","","","","","","Nuageux"
"2000-03-30 11:00","2000","03","30","11:00"," ","3,70","","1,30","","84,00","","26,00","","15,00","","16,10","","94,63","","","","","","Nuageux"
"2000-03-30 12:00","2000","03","30","12:00"," ","3,60","","1,90","","89,00","","25,00","","13,00","","16,10","","94,63","","","","","","Nuageux"
"2000-03-30 13:00","2000","03","30","13:00"," ","4,00","","2,20","","88,00","","27,00","","9,00","","8,00","","94,60","","","","","","Brouillard"
"2000-03-30 14:00","2000","03","30","14:00"," ","4,10","","3,20","","94,00","","30,00","","11,00","","4,00","","94,63","","","","","","Bruine,Brouillard"
"2000-03-30 15:00","2000","03","30","15:00"," ","3,70","","2,90","","94,00","","31,00","","22,00","","3,20","","94,63","","","","","","Pluie,Brouillard"
"2000-03-30 16:00","2000","03","30","16:00"," ","2,60","","2,20","","97,00","","31,00","","28,00","","3,20","","94,70","","","","","","Pluie,Brouillard"
"2000-03-30 17:00","2000","03","30","17:00"," ","2,00","","1,50","","96,00","","32,00","","26,00","","4,80","","94,73","","","","","","Pluie,Brouillard"
"2000-03-30 18:00","2000","03","30","18:00"," ","2,40","","1,80","","96,00","","32,00","","20,00","","9,70","","94,76","","","","","","Pluie,Neige,Brouillard"
"2000-03-30 19:00","2000","03","30","19:00"," ","3,30","","2,20","","92,00","","33,00","","28,00","","12,90","","94,83","","","","","","Pluie"
"2000-03-30 20:00","2000","03","30","20:00"," ","2,50","","1,80","","95,00","","33,00","","24,00","","12,90","","94,86","","","","","","Pluie"
"2000-03-30 21:00","2000","03","30","21:00"," ","2,30","","1,50","","94,00","","33,00","","26,00","","24,10","","94,92","","","","","","Pluie"
"2000-03-30 22:00","2000","03","30","22:00"," ","2,90","","2,00","","94,00","","32,00","","28,00","","24,10","","94,95","","","","","","Pluie"
"2000-03-30 23:00","2000","03","30","23:00"," ","2,40","","1,50","","94,00","","32,00","","26,00","","24,10","","94,99","","","","","","Pluie"
"2000-03-31 00:00","2000","03","31","00:00"," ","2,20","","1,40","","94,00","","32,00","","24,00","","24,10","","94,99","","","","","","Pluie"
"2000-03-31 01:00","2000","03","31","01:00"," ","1,80","","1,10","","95,00","","31,00","","24,00","","24,10","","95,02","","","","","","Pluie"
"2000-03-31 02:00","2000","03","31","02:00"," ","1,50","","0,70","","94,00","","32,00","","28,00","","24,10","","95,02","","","","","","Pluie"
"2000-03-31 03:00","2000","03","31","03:00"," ","1,50","","0,50","","93,00","","32,00","","28,00","","24,10","","95,05","","","","","","Pluie"
"2000-03-31 04:00","2000","03","31","04:00"," ","1,40","","0,20","","92,00","","32,00","","32,00","","24,10","","95,11","","","","","","Pluie"
"2000-03-31 05:00","2000","03","31","05:00"," ","1,10","","-0,40","","90,00","","31,00","","20,00","","24,10","","95,11","","","","","","Nuageux"
"2000-03-31 06:00","2000","03","31","06:00"," ","-0,50","","-1,30","","94,00","","30,00","","19,00","","24,10","","95,15","","","","-6,00","","Dégagé"
"2000-03-31 07:00","2000","03","31","07:00"," ","-1,50","","-2,40","","94,00","","29,00","","20,00","","24,10","","95,21","","","","-7,00","","Généralement dégagé"
"2000-03-31 08:00","2000","03","31","08:00"," ","-0,40","","-1,70","","91,00","","31,00","","24,00","","24,10","","95,24","","","","-6,00","","Généralement dégagé"
"2000-03-31 09:00","2000","03","31","09:00"," ","1,10","","-0,90","","86,00","","30,00","","19,00","","24,10","","95,27","","","","","","Dégagé"
"2000-03-31 10:00","2000","03","31","10:00"," ","3,50","","-0,60","","74,00","","31,00","","28,00","","24,10","","95,27","","","","","","Dégagé"
"2000-03-31 11:00","2000","03","31","11:00"," ","5,80","","-2,30","","56,00","","31,00","","26,00","","24,10","","95,27","","","","","","Généralement dégagé"
"2000-03-31 12:00","2000","03","31","12:00"," ","7,90","","-3,10","","46,00","","31,00","","28,00","","24,10","","95,24","","","","","","Généralement dégagé"
"2000-03-31 13:00","2000","03","31","13:00"," ","8,80","","-4,00","","40,00","","31,00","","19,00","","24,10","","95,18","","","","","","Généralement dégagé"
"2000-03-31 14:00","2000","03","31","14:00"," ","9,30","","-6,80","","31,00","","34,00","","24,00","","24,10","","95,15","","","","","","Généralement nuageux"
"2000-03-31 15:00","2000","03","31","15:00"," ","8,50","","-6,20","","35,00","","31,00","","11,00","","24,10","","95,08","","","","","","Nuageux"
"2000-03-31 16:00","2000","03","31","16:00"," ","9,00","","-6,10","","34,00","","30,00","","13,00","","24,10","","95,02","","","","","","Nuageux"
"2000-03-31 17:00","2000","03","31","17:00"," ","8,90","","-4,40","","39,00","","32,00","","22,00","","24,10","","94,99","","","","","","Généralement dégagé"
"2000-03-31 18:00","2000","03","31","18:00"," ","8,10","","-4,20","","41,00","","34,00","","15,00","","24,10","","94,99","","","","","","Généralement nuageux"
"2000-03-31 19:00","2000","03","31","19:00"," ","5,60","","-1,80","","59,00","","26,00","","9,00","","24,10","","94,99","","","","","","Généralement nuageux"
"2000-03-31 20:00","2000","03","31","20:00"," ","3,60","","-0,70","","73,00","","34,00","","15,00","","24,10","","95,05","","","","","","Généralement nuageux"
"2000-03-31 21:00","2000","03","31","21:00"," ","1,30","","-1,00","","85,00","","23,00","","9,00","","24,10","","95,02","","","","","","Généralement dégagé"
"2000-03-31 22:00","2000","03","31","22:00"," ","0,00","","-1,20","","92,00","","23,00","","6,00","","24,10","","95,02","","","","-2,00","","Dégagé"
"2000-03-31 23:00","2000","03","31","23:00"," ","-1,20","","-1,90","","95,00","","26,00","","9,00","","24,10","","94,99","","","","-4,00","","Dégagé"
