"Nom de la Station","SAINT JOHN A"
"Province","NEW BRUNSWICK"
"Latitude","45,32"
"Longitude","-65,89"
"Altitude","108,80"
"Identification Climat","8104900"
"Identification OMM","71609"
"Identification TC","YSJ"
"Toutes les heures sont exprimées en heure normale locale (HNL). Pour convertir l'heure locale en heure avancée de l'Est (HAE), ajoutez 1 heure s'il y a lieu."

"Légende"
"M","Données Manquantes"
"E","Valeur Estimée"
"ND","Non Disponible"
"**","Données fournies par un partenaire, non assujetties à un révision par les Archives climatiques nationales du Canada"

"Date/Heure","Année","Mois","Jour","Heure","Qualité des Données","Temp (°C)","Temp Indicateur","Point de rosée (°C)","Point de rosée Indicateur","Hum. rel (%)","Hum. rel. Indicateur","Dir. du vent (10s deg)","Dir. du vent Indicateur","Vit. du vent (km/h)","Vit. du vent Indicateur","Visibilité (km)","Visibilité Indicateur","Pression à la station (kPa)","Pression à la station Indicateur","Hmdx","Hmdx Indicateur","Refroid. éolien","Refroid. éolien Indicateur","Temps"
"2002-11-01 00:00","2002","11","01","00:00"," ","-3,30","","-5,50","","85,00","","0,00","","0,00","","24,10","","99,97","","","","","","Généralement dégagé"
"2002-11-01 01:00","2002","11","01","01:00"," ","-5,10","","-7,00","","86,00","","0,00","","0,00","","24,10","","99,95","","","","","","Généralement dégagé"
"2002-11-01 02:00","2002","11","01","02:00"," ","-5,20","","-7,30","","85,00","","19,00","","6,00","","24,10","","99,94","","","","-8,00","","Généralement dégagé"
"2002-11-01 03:00","2002","11","01","03:00"," ","-4,50","","-6,40","","87,00","","6,00","","4,00","","24,10","","99,89","","","","-6,00","","Généralement dégagé"
"2002-11-01 04:00","2002","11","01","04:00"," ","-3,30","","-5,70","","83,00","","7,00","","4,00","","24,10","","99,85","","","","-5,00","","Généralement nuageux"
"2002-11-01 05:00","2002","11","01","05:00"," ","-2,50","","-5,20","","82,00","","9,00","","4,00","","24,10","","99,88","","","","-4,00","","Généralement nuageux"
"2002-11-01 06:00","2002","11","01","06:00"," ","-2,50","","-4,90","","84,00","","5,00","","4,00","","24,10","","99,86","","","","-4,00","","Généralement nuageux"
"2002-11-01 07:00","2002","11","01","07:00"," ","-2,00","","-5,00","","80,00","","7,00","","9,00","","24,10","","99,85","","","","-5,00","","Nuageux"
"2002-11-01 08:00","2002","11","01","08:00"," ","-0,80","","-4,20","","78,00","","9,00","","9,00","","24,10","","99,88","","","","-4,00","","Nuageux"
"2002-11-01 09:00","2002","11","01","09:00"," ","1,20","","-2,80","","75,00","","0,00","","0,00","","24,10","","99,83","","","","","","Nuageux"
"2002-11-01 10:00","2002","11","01","10:00"," ","3,00","","-1,30","","73,00","","15,00","","9,00","","24,10","","99,76","","","","","","Généralement nuageux"
"2002-11-01 11:00","2002","11","01","11:00"," ","3,60","","-0,70","","73,00","","14,00","","15,00","","24,10","","99,69","","","","","","Généralement nuageux"
"2002-11-01 12:00","2002","11","01","12:00"," ","4,50","","-1,50","","65,00","","18,00","","7,00","","24,10","","99,62","","","","","","Généralement nuageux"
"2002-11-01 13:00","2002","11","01","13:00"," ","5,40","","0,00","","68,00","","16,00","","9,00","","24,10","","99,53","","","","","","Généralement nuageux"
"2002-11-01 14:00","2002","11","01","14:00"," ","6,10","","-1,30","","59,00","","22,00","","9,00","","24,10","","99,44","","","","","","Généralement nuageux"
"2002-11-01 15:00","2002","11","01","15:00"," ","6,80","","-2,20","","53,00","","22,00","","15,00","","24,10","","99,38","","","","","","Généralement nuageux"
"2002-11-01 16:00","2002","11","01","16:00"," ","6,10","","-2,50","","54,00","","23,00","","9,00","","24,10","","99,35","","","","","","Généralement nuageux"
"2002-11-01 17:00","2002","11","01","17:00"," ","5,10","","-2,50","","58,00","","20,00","","9,00","","24,10","","99,30","","","","","","Généralement nuageux"
"2002-11-01 18:00","2002","11","01","18:00"," ","4,50","","-2,50","","60,00","","16,00","","9,00","","24,10","","99,25","","","","","","Nuageux"
"2002-11-01 19:00","2002","11","01","19:00"," ","4,70","","-1,20","","66,00","","15,00","","7,00","","24,10","","99,18","","","","","","Nuageux"
"2002-11-01 20:00","2002","11","01","20:00"," ","3,70","","1,20","","84,00","","16,00","","7,00","","19,30","","99,09","","","","","","Averses de pluie"
"2002-11-01 21:00","2002","11","01","21:00"," ","3,00","","1,80","","92,00","","5,00","","9,00","","12,90","","98,92","","","","","","Averses de pluie"
"2002-11-01 22:00","2002","11","01","22:00"," ","0,40","","-0,50","","94,00","","34,00","","7,00","","4,80","","98,84","","","","","","Averses de pluie,Brouillard"
"2002-11-01 23:00","2002","11","01","23:00"," ","0,50","","-0,40","","94,00","","1,00","","7,00","","9,70","","98,78","","","","","","Averses de pluie,Brouillard"
"2002-11-02 00:00","2002","11","02","00:00"," ","0,40","","-0,40","","94,00","","31,00","","9,00","","9,70","","98,74","","","","","","Averses de neige"
"2002-11-02 01:00","2002","11","02","01:00"," ","0,30","","-0,40","","95,00","","29,00","","4,00","","3,20","","98,65","","","","","","Brouillard"
"2002-11-02 02:00","2002","11","02","02:00"," ","0,40","","-0,30","","95,00","","29,00","","7,00","","3,20","","98,64","","","","","","Brouillard"
"2002-11-02 03:00","2002","11","02","03:00"," ","0,30","","-0,30","","96,00","","28,00","","11,00","","1,60","","98,57","","","","","","Brouillard"
"2002-11-02 04:00","2002","11","02","04:00"," ","0,50","","-0,20","","95,00","","27,00","","13,00","","16,10","","98,52","","","","","","Nuageux"
"2002-11-02 05:00","2002","11","02","05:00"," ","0,50","","-0,80","","91,00","","29,00","","11,00","","19,30","","98,52","","","","","","Généralement nuageux"
"2002-11-02 06:00","2002","11","02","06:00"," ","-0,70","","-2,60","","87,00","","27,00","","28,00","E","19,30","","98,57","","","","-7,00","E","Nuageux"
"2002-11-02 07:00","2002","11","02","07:00"," ","-2,60","","-7,00","","72,00","","30,00","","28,00","","24,10","","98,58","","","","-10,00","","Généralement nuageux"
"2002-11-02 08:00","2002","11","02","08:00"," ","-4,30","","-7,80","","77,00","","31,00","","30,00","","24,10","","98,67","","","","-12,00","","Généralement nuageux"
"2002-11-02 09:00","2002","11","02","09:00"," ","-4,80","","-9,10","","72,00","","30,00","","26,00","","24,10","","98,69","","","","-12,00","","Généralement nuageux"
"2002-11-02 10:00","2002","11","02","10:00"," ","-5,10","","-9,40","","72,00","","29,00","","28,00","","24,10","","98,66","","","","-13,00","","Généralement nuageux"
"2002-11-02 11:00","2002","11","02","11:00"," ","-4,60","","-9,80","","67,00","","29,00","","33,00","","24,10","","98,67","","","","-13,00","","Généralement nuageux"
"2002-11-02 12:00","2002","11","02","12:00"," ","-4,00","","-10,20","","62,00","","29,00","","30,00","","24,10","","98,61","","","","-12,00","","Généralement nuageux"
"2002-11-02 13:00","2002","11","02","13:00"," ","-4,10","","-10,70","","60,00","","30,00","","33,00","","24,10","","98,56","","","","-12,00","","Généralement nuageux"
"2002-11-02 14:00","2002","11","02","14:00"," ","-3,90","","-11,50","","55,00","","29,00","","37,00","","24,10","","98,51","","","","-12,00","","Généralement nuageux"
"2002-11-02 15:00","2002","11","02","15:00"," ","-3,90","","-11,00","","58,00","","27,00","","35,00","","24,10","","98,50","","","","-12,00","","Généralement nuageux"
"2002-11-02 16:00","2002","11","02","16:00"," ","-3,60","","-10,80","","57,00","","27,00","","35,00","","24,10","","98,51","","","","-12,00","","Généralement nuageux"
"2002-11-02 17:00","2002","11","02","17:00"," ","-4,50","","-7,20","","81,00","","27,00","","30,00","","1,60","","98,50","","","","-12,00","","Averses de neige"
"2002-11-02 18:00","2002","11","02","18:00"," ","-4,20","","-6,10","","87,00","","29,00","","22,00","","2,40","","98,48","","","","-11,00","","Averses de neige"
"2002-11-02 19:00","2002","11","02","19:00"," ","-2,60","","-5,10","","83,00","","30,00","","33,00","","4,80","","98,53","","","","-10,00","","Averses de neige"
"2002-11-02 20:00","2002","11","02","20:00"," ","-1,90","","-5,30","","78,00","","32,00","","46,00","","4,80","","98,63","","","","-10,00","","Averses de neige"
"2002-11-02 21:00","2002","11","02","21:00"," ","-2,50","","-6,90","","72,00","","31,00","","52,00","","24,10","","98,80","","","","-12,00","","Généralement nuageux"
"2002-11-02 22:00","2002","11","02","22:00"," ","-3,10","","-7,80","","70,00","","32,00","","43,00","","24,10","","98,96","","","","-12,00","","Dégagé"
"2002-11-02 23:00","2002","11","02","23:00"," ","-3,50","","-8,30","","69,00","","32,00","","41,00","","24,10","","99,10","","","","-12,00","","Dégagé"
"2002-11-03 00:00","2002","11","03","00:00"," ","-4,10","","-8,50","","71,00","","32,00","","44,00","","24,10","","99,18","","","","-13,00","","Dégagé"
"2002-11-03 01:00","2002","11","03","01:00"," ","-4,50","","-9,00","","71,00","","32,00","","32,00","","24,10","","99,30","","","","-13,00","","Généralement dégagé"
"2002-11-03 02:00","2002","11","03","02:00"," ","-5,40","","-9,60","","72,00","","32,00","","30,00","","24,10","","99,43","","","","-14,00","","Généralement dégagé"
"2002-11-03 03:00","2002","11","03","03:00"," ","-5,50","","-9,70","","72,00","","33,00","","28,00","","24,10","","99,46","","","","-13,00","","Généralement dégagé"
"2002-11-03 04:00","2002","11","03","04:00"," ","-5,90","","-9,90","","73,00","","32,00","","26,00","","24,10","","99,54","","","","-14,00","","Généralement dégagé"
"2002-11-03 05:00","2002","11","03","05:00"," ","-6,00","","-10,00","","73,00","","32,00","","30,00","","24,10","","99,62","","","","-14,00","","Généralement dégagé"
"2002-11-03 06:00","2002","11","03","06:00"," ","-6,30","","-10,20","","74,00","","31,00","","22,00","","24,10","","99,69","","","","-14,00","","Généralement dégagé"
"2002-11-03 07:00","2002","11","03","07:00"," ","-6,60","","-10,40","","74,00","","31,00","","22,00","","24,10","","99,81","","","","-14,00","","Généralement dégagé"
"2002-11-03 08:00","2002","11","03","08:00"," ","-5,90","","-10,20","","72,00","","32,00","","22,00","","24,10","","99,88","","","","-13,00","","Généralement dégagé"
"2002-11-03 09:00","2002","11","03","09:00"," ","-4,90","","-9,90","","68,00","","32,00","","28,00","","24,10","","99,93","","","","-13,00","","Généralement dégagé"
"2002-11-03 10:00","2002","11","03","10:00"," ","-3,60","","-9,90","","62,00","","31,00","","28,00","","24,10","","99,93","","","","-11,00","","Généralement dégagé"
"2002-11-03 11:00","2002","11","03","11:00"," ","-2,30","","-9,60","","57,00","","33,00","","28,00","","24,10","","99,96","","","","-9,00","","Généralement dégagé"
"2002-11-03 12:00","2002","11","03","12:00"," ","-1,80","","-9,00","","58,00","","33,00","","32,00","","24,10","","99,96","","","","-9,00","","Généralement nuageux"
"2002-11-03 13:00","2002","11","03","13:00"," ","-0,70","","-9,00","","53,00","","31,00","","30,00","","24,10","","99,98","","","","-7,00","","Généralement nuageux"
"2002-11-03 14:00","2002","11","03","14:00"," ","-0,60","","-9,50","","51,00","","32,00","","30,00","","24,10","","99,99","","","","-7,00","","Généralement nuageux"
"2002-11-03 15:00","2002","11","03","15:00"," ","0,20","","-9,60","","48,00","","32,00","","32,00","","24,10","","100,01","","","","","","Généralement nuageux"
"2002-11-03 16:00","2002","11","03","16:00"," ","-0,30","","-10,60","","46,00","","31,00","","32,00","","24,10","","100,09","","","","-7,00","","Généralement dégagé"
"2002-11-03 17:00","2002","11","03","17:00"," ","-1,30","","-10,60","","49,00","","32,00","","20,00","","24,10","","100,18","","","","-7,00","","Généralement dégagé"
"2002-11-03 18:00","2002","11","03","18:00"," ","-1,90","","-10,60","","51,00","","32,00","","13,00","","24,10","","100,30","","","","-6,00","","Généralement dégagé"
"2002-11-03 19:00","2002","11","03","19:00"," ","-2,60","","-10,30","","55,00","","31,00","","6,00","","24,10","","100,40","","","","-5,00","","Généralement dégagé"
"2002-11-03 20:00","2002","11","03","20:00"," ","-3,20","","-10,30","","58,00","","31,00","","7,00","","24,10","","100,46","","","","-6,00","","Dégagé"
"2002-11-03 21:00","2002","11","03","21:00"," ","-4,90","","-10,10","","67,00","","30,00","","7,00","","24,10","","100,49","","","","-8,00","","Dégagé"
"2002-11-03 22:00","2002","11","03","22:00"," ","-6,70","","-9,90","","78,00","","31,00","","11,00","","24,10","","100,55","","","","-12,00","","Dégagé"
"2002-11-03 23:00","2002","11","03","23:00"," ","-7,70","","-10,20","","82,00","","0,00","","0,00","","24,10","","100,60","","","","","","Dégagé"
"2002-11-04 00:00","2002","11","04","00:00"," ","-7,10","","-9,80","","81,00","","31,00","","11,00","","24,10","","100,63","","","","-12,00","","Dégagé"
"2002-11-04 01:00","2002","11","04","01:00"," ","-7,10","","-10,50","","77,00","","31,00","","9,00","","24,10","","100,67","","","","-11,00","","Dégagé"
"2002-11-04 02:00","2002","11","04","02:00"," ","-6,50","","-10,20","","75,00","","33,00","","13,00","","24,10","","100,67","","","","-12,00","","Dégagé"
"2002-11-04 03:00","2002","11","04","03:00"," ","-7,70","","-11,10","","77,00","","0,00","","0,00","","24,10","","100,69","","","","","","Dégagé"
"2002-11-04 04:00","2002","11","04","04:00"," ","-8,40","","-11,40","","79,00","","33,00","","6,00","","24,10","","100,70","","","","-12,00","","Dégagé"
"2002-11-04 05:00","2002","11","04","05:00"," ","-9,50","","-11,70","","84,00","","33,00","","4,00","","24,10","","100,74","","","","-12,00","","Dégagé"
"2002-11-04 06:00","2002","11","04","06:00"," ","-9,70","","-12,40","","81,00","","36,00","","4,00","","24,10","","100,73","","","","-12,00","","Dégagé"
"2002-11-04 07:00","2002","11","04","07:00"," ","-10,50","","-12,80","","83,00","","19,00","","4,00","","24,10","","100,76","","","","-13,00","","Généralement dégagé"
"2002-11-04 08:00","2002","11","04","08:00"," ","-9,60","","-11,60","","85,00","","0,00","","0,00","","24,10","","100,79","","","","","","Généralement nuageux"
"2002-11-04 09:00","2002","11","04","09:00"," ","-4,30","","-8,60","","72,00","","1,00","","6,00","","24,10","","100,82","","","","-7,00","","Généralement nuageux"
"2002-11-04 10:00","2002","11","04","10:00"," ","-3,10","","-8,20","","68,00","","36,00","","6,00","","24,10","","100,81","","","","-6,00","","Généralement nuageux"
"2002-11-04 11:00","2002","11","04","11:00"," ","-0,90","","-8,60","","56,00","","11,00","","4,00","","24,10","","100,85","","","","-2,00","","Nuageux"
"2002-11-04 12:00","2002","11","04","12:00"," ","-0,50","","-9,20","","52,00","","29,00","","9,00","","24,10","","100,82","","","","-4,00","","Nuageux"
"2002-11-04 13:00","2002","11","04","13:00"," ","0,00","","-9,50","","49,00","","27,00","","9,00","","24,10","","100,73","","","","-3,00","","Nuageux"
"2002-11-04 14:00","2002","11","04","14:00"," ","0,40","","-8,90","","50,00","","27,00","","9,00","","24,10","","100,69","","","","","","Nuageux"
"2002-11-04 15:00","2002","11","04","15:00"," ","0,40","","-8,80","","50,00","","25,00","","4,00","","24,10","","100,64","","","","","","Nuageux"
"2002-11-04 16:00","2002","11","04","16:00"," ","0,30","","-9,20","","49,00","","0,00","","0,00","","24,10","","100,61","","","","","","Nuageux"
"2002-11-04 17:00","2002","11","04","17:00"," ","-0,10","","-8,90","","51,00","","0,00","","0,00","","24,10","","100,60","","","","","","Nuageux"
"2002-11-04 18:00","2002","11","04","18:00"," ","-1,70","","-6,80","","68,00","","7,00","","4,00","","24,10","","100,59","","","","-3,00","","Nuageux"
"2002-11-04 19:00","2002","11","04","19:00"," ","-2,10","","-6,60","","71,00","","6,00","","4,00","","24,10","","100,59","","","","-4,00","","Nuageux"
"2002-11-04 20:00","2002","11","04","20:00"," ","-2,10","","-6,70","","71,00","","7,00","","6,00","","24,10","","100,57","","","","-4,00","","Nuageux"
"2002-11-04 21:00","2002","11","04","21:00"," ","-2,10","","-6,70","","71,00","","0,00","","0,00","","24,10","","100,53","","","","","","Nuageux"
"2002-11-04 22:00","2002","11","04","22:00"," ","-2,10","","-6,30","","73,00","","0,00","","0,00","","24,10","","100,51","","","","","","Nuageux"
"2002-11-04 23:00","2002","11","04","23:00"," ","-2,10","","-5,50","","77,00","","9,00","","7,00","","24,10","","100,49","","","","-5,00","","Nuageux"
"2002-11-05 00:00","2002","11","05","00:00"," ","-1,10","","-4,50","","78,00","","14,00","","6,00","","24,10","","100,48","","","","-3,00","","Nuageux"
"2002-11-05 01:00","2002","11","05","01:00"," ","1,50","","-2,20","","76,00","","13,00","","9,00","","24,10","","100,46","","","","","","Nuageux"
"2002-11-05 02:00","2002","11","05","02:00"," ","2,00","","-0,70","","82,00","","14,00","","13,00","","24,10","","100,44","","","","","","Nuageux"
"2002-11-05 03:00","2002","11","05","03:00"," ","2,20","","0,10","","86,00","","11,00","","13,00","","24,10","","100,41","","","","","","Nuageux"
"2002-11-05 04:00","2002","11","05","04:00"," ","2,60","","0,70","","87,00","","16,00","","17,00","","24,10","","100,42","","","","","","Averses de pluie"
"2002-11-05 05:00","2002","11","05","05:00"," ","2,40","","1,10","","91,00","","16,00","","17,00","","16,10","","100,46","","","","","","Averses de pluie"
"2002-11-05 06:00","2002","11","05","06:00"," ","2,40","","1,30","","92,00","","13,00","","7,00","","16,10","","100,48","","","","","","Averses de pluie"
"2002-11-05 07:00","2002","11","05","07:00"," ","2,50","","1,40","","92,00","","17,00","","11,00","","9,70","","100,53","","","","","","Averses de pluie,Brouillard"
"2002-11-05 08:00","2002","11","05","08:00"," ","2,60","","1,40","","92,00","","15,00","","9,00","","16,10","","100,58","","","","","","Nuageux"
"2002-11-05 09:00","2002","11","05","09:00"," ","3,40","","2,30","","92,00","","14,00","","13,00","","16,10","","100,65","","","","","","Averses de pluie"
"2002-11-05 10:00","2002","11","05","10:00"," ","4,00","","2,50","","90,00","","13,00","","13,00","","19,30","","100,70","","","","","","Généralement nuageux"
"2002-11-05 11:00","2002","11","05","11:00"," ","4,30","","3,00","","91,00","","16,00","","7,00","","16,10","","100,75","","","","","","Généralement nuageux"
"2002-11-05 12:00","2002","11","05","12:00"," ","5,40","","2,20","","80,00","","19,00","","9,00","","16,10","","100,75","","","","","","Généralement nuageux"
"2002-11-05 13:00","2002","11","05","13:00"," ","3,90","","2,90","","93,00","","2,00","","11,00","","16,10","","100,76","","","","","","Nuageux"
"2002-11-05 14:00","2002","11","05","14:00"," ","3,90","","2,90","","93,00","","35,00","","7,00","","16,10","","100,80","","","","","","Averses de pluie"
"2002-11-05 15:00","2002","11","05","15:00"," ","2,10","","1,30","","94,00","","36,00","","13,00","","2,40","","100,85","","","","","","Averses de pluie,Brouillard"
"2002-11-05 16:00","2002","11","05","16:00"," ","1,50","","0,70","","94,00","","36,00","","9,00","","3,20","","100,92","","","","","","Averses de pluie,Brouillard"
"2002-11-05 17:00","2002","11","05","17:00"," ","1,40","","0,70","","95,00","","3,00","","9,00","","3,20","","100,88","","","","","","Averses de pluie,Brouillard"
"2002-11-05 18:00","2002","11","05","18:00"," ","1,20","","0,50","","95,00","","36,00","","11,00","","3,20","","100,95","","","","","","Averses de pluie,Brouillard"
"2002-11-05 19:00","2002","11","05","19:00"," ","1,20","","0,70","","96,00","","1,00","","6,00","","3,20","","100,99","","","","","","Brouillard"
"2002-11-05 20:00","2002","11","05","20:00"," ","1,10","","0,40","","95,00","","3,00","","13,00","","4,80","","100,95","","","","","","Brouillard"
"2002-11-05 21:00","2002","11","05","21:00"," ","0,80","","0,00","","94,00","","5,00","","9,00","","16,10","","100,92","","","","","","Nuageux"
"2002-11-05 22:00","2002","11","05","22:00"," ","1,80","","0,00","","88,00","","8,00","","13,00","","24,10","","100,91","","","","","","Nuageux"
"2002-11-05 23:00","2002","11","05","23:00"," ","2,70","","0,10","","83,00","","11,00","","15,00","","24,10","","100,87","","","","","","Nuageux"
"2002-11-06 00:00","2002","11","06","00:00"," ","3,50","","0,60","","81,00","","12,00","","17,00","","24,10","","100,85","","","","","","Nuageux"
"2002-11-06 01:00","2002","11","06","01:00"," ","3,10","","-1,00","","74,00","","13,00","","15,00","","24,10","","100,82","","","","","","Nuageux"
"2002-11-06 02:00","2002","11","06","02:00"," ","3,10","","-0,70","","76,00","","13,00","","13,00","","24,10","","100,78","","","","","","Nuageux"
"2002-11-06 03:00","2002","11","06","03:00"," ","3,50","","0,30","","80,00","","13,00","","11,00","","24,10","","100,69","","","","","","Nuageux"
"2002-11-06 04:00","2002","11","06","04:00"," ","3,50","","0,40","","80,00","","12,00","","11,00","","24,10","","100,58","","","","","","Nuageux"
"2002-11-06 05:00","2002","11","06","05:00"," ","4,00","","0,70","","79,00","","14,00","","13,00","","24,10","","100,49","","","","","","Nuageux"
"2002-11-06 06:00","2002","11","06","06:00"," ","4,10","","0,30","","76,00","","14,00","","22,00","","24,10","","100,38","","","","","","Nuageux"
"2002-11-06 07:00","2002","11","06","07:00"," ","4,00","","0,30","","77,00","","14,00","","19,00","","24,10","","100,29","","","","","","Nuageux"
"2002-11-06 08:00","2002","11","06","08:00"," ","3,90","","0,60","","79,00","","14,00","","17,00","","24,10","","100,31","","","","","","Nuageux"
"2002-11-06 09:00","2002","11","06","09:00"," ","3,90","","0,50","","78,00","","14,00","","26,00","","24,10","","100,14","","","","","","Averses de pluie"
"2002-11-06 10:00","2002","11","06","10:00"," ","3,80","","0,10","","77,00","","13,00","","28,00","","24,10","","100,01","","","","","","Nuageux"
"2002-11-06 11:00","2002","11","06","11:00"," ","3,80","","0,10","","77,00","","11,00","","26,00","","24,10","","99,85","","","","","","Nuageux"
"2002-11-06 12:00","2002","11","06","12:00"," ","4,00","","-0,40","","73,00","","11,00","","19,00","","24,10","","99,74","","","","","","Averses de pluie"
"2002-11-06 13:00","2002","11","06","13:00"," ","4,00","","-1,10","","69,00","","12,00","","20,00","","24,10","","99,60","","","","","","Averses de pluie"
"2002-11-06 14:00","2002","11","06","14:00"," ","3,80","","-1,00","","71,00","","12,00","","24,00","","24,10","","99,46","","","","","","Averses de pluie"
"2002-11-06 15:00","2002","11","06","15:00"," ","3,80","","-1,40","","69,00","","11,00","","28,00","","24,10","","99,25","","","","","","Averses de pluie"
"2002-11-06 16:00","2002","11","06","16:00"," ","2,70","","-0,80","","78,00","","10,00","","35,00","","12,90","","99,09","","","","","","Averses de pluie"
"2002-11-06 17:00","2002","11","06","17:00"," ","1,90","","0,20","","88,00","","10,00","","20,00","","9,70","","98,94","","","","","","Pluie,Neige"
"2002-11-06 18:00","2002","11","06","18:00"," ","1,90","","0,40","","90,00","","9,00","","26,00","","8,00","","98,80","","","","","","Pluie,Neige"
"2002-11-06 19:00","2002","11","06","19:00"," ","1,70","","0,40","","91,00","","9,00","","30,00","","8,00","","98,69","","","","","","Pluie,Brouillard"
"2002-11-06 20:00","2002","11","06","20:00"," ","1,50","","0,20","","91,00","","9,00","","26,00","","8,00","","98,54","","","","","","Pluie,Neige"
"2002-11-06 21:00","2002","11","06","21:00"," ","0,60","","-0,40","","93,00","","9,00","","24,00","","1,60","","98,42","","","","","","Neige"
"2002-11-06 22:00","2002","11","06","22:00"," ","0,30","","-0,40","","95,00","","6,00","","19,00","","0,80","","98,28","","","","","","Neige modérée"
"2002-11-06 23:00","2002","11","06","23:00"," ","0,20","","-0,40","","96,00","","7,00","","17,00","","0,80","","98,22","","","","","","Neige modérée"
"2002-11-07 00:00","2002","11","07","00:00"," ","0,10","","-0,40","","96,00","","5,00","","19,00","","0,80","","98,12","","","","","","Neige modérée"
"2002-11-07 01:00","2002","11","07","01:00"," ","0,00","","-0,70","","95,00","","7,00","","13,00","","0,80","","98,04","","","","-4,00","","Neige modérée"
"2002-11-07 02:00","2002","11","07","02:00"," ","-0,50","","-1,10","","96,00","","2,00","","24,00","","1,20","","97,99","","","","-6,00","","Neige"
"2002-11-07 03:00","2002","11","07","03:00"," ","-1,10","","-1,90","","94,00","","36,00","","24,00","","2,40","","97,93","","","","-7,00","","Neige"
"2002-11-07 04:00","2002","11","07","04:00"," ","-0,80","","-1,50","","95,00","","2,00","","22,00","","2,40","","97,93","","","","-7,00","","Neige"
"2002-11-07 05:00","2002","11","07","05:00"," ","-0,70","","-1,40","","95,00","","2,00","","20,00","","2,40","","97,99","","","","-6,00","","Neige"
"2002-11-07 06:00","2002","11","07","06:00"," ","-0,70","","-1,50","","94,00","","36,00","","15,00","","3,20","","98,04","","","","-5,00","","Neige"
"2002-11-07 07:00","2002","11","07","07:00"," ","-0,70","","-1,50","","94,00","","36,00","","15,00","","3,20","","98,10","","","","-5,00","","Neige"
"2002-11-07 08:00","2002","11","07","08:00"," ","-0,70","","-1,60","","94,00","","35,00","","17,00","","12,90","","98,19","","","","-6,00","","Nuageux"
"2002-11-07 09:00","2002","11","07","09:00"," ","-0,50","","-1,40","","94,00","","34,00","","15,00","","11,30","","98,25","","","","-5,00","","Nuageux"
"2002-11-07 10:00","2002","11","07","10:00"," ","-0,30","","-1,10","","94,00","","32,00","","9,00","","9,70","","98,32","","","","-3,00","","Averses de neige"
"2002-11-07 11:00","2002","11","07","11:00"," ","-0,10","","-0,90","","94,00","","32,00","","17,00","","4,80","","98,40","","","","-5,00","","Averses de neige"
"2002-11-07 12:00","2002","11","07","12:00"," ","-0,20","","-1,00","","94,00","","32,00","","17,00","","1,60","","98,46","","","","-5,00","","Neige"
"2002-11-07 13:00","2002","11","07","13:00"," ","-0,10","","-0,80","","95,00","","32,00","","20,00","","2,40","","98,50","","","","-5,00","","Neige"
"2002-11-07 14:00","2002","11","07","14:00"," ","0,00","","-0,80","","94,00","","31,00","","28,00","","2,40","","98,59","","","","-6,00","","Neige"
"2002-11-07 15:00","2002","11","07","15:00"," ","-1,30","","-2,60","","91,00","","31,00","","33,00","","3,20","","98,76","","","","-8,00","","Neige"
"2002-11-07 16:00","2002","11","07","16:00"," ","-2,90","","-4,90","","86,00","","32,00","","41,00","","12,90","","98,88","","","","-11,00","","Généralement nuageux"
"2002-11-07 17:00","2002","11","07","17:00"," ","-4,70","","-7,50","","81,00","","32,00","","39,00","","24,10","","99,05","","","","-14,00","","Généralement nuageux"
"2002-11-07 18:00","2002","11","07","18:00"," ","-5,90","","-8,60","","81,00","","33,00","","37,00","","24,10","","99,21","","","","-15,00","","Généralement dégagé"
"2002-11-07 19:00","2002","11","07","19:00"," ","-7,10","","-10,10","","79,00","","32,00","","46,00","","24,10","","99,33","","","","-17,00","","Généralement dégagé"
"2002-11-07 20:00","2002","11","07","20:00"," ","-7,90","","-11,40","","76,00","","32,00","","48,00","","24,10","","99,41","","","","-19,00","","Généralement dégagé"
"2002-11-07 21:00","2002","11","07","21:00"," ","-8,50","","-11,80","","77,00","","32,00","","44,00","","24,10","","99,57","","","","-19,00","","Dégagé"
"2002-11-07 22:00","2002","11","07","22:00"," ","-8,80","","-12,40","","75,00","","32,00","","50,00","","24,10","","99,70","","","","-20,00","","Dégagé"
"2002-11-07 23:00","2002","11","07","23:00"," ","-9,40","","-12,90","","76,00","","33,00","","37,00","","24,10","","99,80","","","","-20,00","","Dégagé"
"2002-11-08 00:00","2002","11","08","00:00"," ","-9,40","","-13,60","","71,00","","32,00","","26,00","","24,10","","99,97","","","","-18,00","","Dégagé"
"2002-11-08 01:00","2002","11","08","01:00"," ","-9,50","","-14,50","","67,00","","28,00","","13,00","","24,10","","100,13","","","","-16,00","","Dégagé"
"2002-11-08 02:00","2002","11","08","02:00"," ","-9,70","","-14,90","","66,00","","32,00","","24,00","","24,10","","100,15","","","","-18,00","","Dégagé"
"2002-11-08 03:00","2002","11","08","03:00"," ","-10,20","","-14,40","","71,00","","29,00","","9,00","","24,10","","100,20","","","","-15,00","","Dégagé"
"2002-11-08 04:00","2002","11","08","04:00"," ","-10,30","","-14,30","","72,00","","30,00","","17,00","","24,10","","100,27","","","","-18,00","","Généralement dégagé"
"2002-11-08 05:00","2002","11","08","05:00"," ","-10,40","","-14,20","","74,00","","31,00","","24,00","","24,10","","100,32","","","","-19,00","","Généralement dégagé"
"2002-11-08 06:00","2002","11","08","06:00"," ","-11,40","","-14,20","","80,00","","32,00","","9,00","","24,10","","100,39","","","","-17,00","","Dégagé"
"2002-11-08 07:00","2002","11","08","07:00"," ","-13,50","","-15,10","","88,00","","2,00","","6,00","","24,10","","100,34","","","","-18,00","","Généralement nuageux"
"2002-11-08 08:00","2002","11","08","08:00"," ","-10,50","","-12,70","","84,00","","0,00","","0,00","","24,10","","100,37","","","","","","Généralement nuageux"
"2002-11-08 09:00","2002","11","08","09:00"," ","-9,30","","-11,90","","81,00","","0,00","","0,00","","24,10","","100,44","","","","","","Généralement dégagé"
"2002-11-08 10:00","2002","11","08","10:00"," ","-7,20","","-11,40","","72,00","","20,00","","6,00","","24,10","","100,40","","","","-10,00","","Généralement nuageux"
"2002-11-08 11:00","2002","11","08","11:00"," ","-5,20","","-9,20","","73,00","","16,00","","6,00","","24,10","","100,34","","","","-8,00","","Nuageux"
"2002-11-08 12:00","2002","11","08","12:00"," ","-2,90","","-6,70","","75,00","","18,00","","6,00","","24,10","","100,25","","","","-5,00","","Nuageux"
"2002-11-08 13:00","2002","11","08","13:00"," ","1,10","","-2,80","","75,00","","22,00","","26,00","","24,10","","100,13","","","","","","Nuageux"
"2002-11-08 14:00","2002","11","08","14:00"," ","2,40","","-0,60","","81,00","","22,00","","17,00","","24,10","","100,01","","","","","","Nuageux"
"2002-11-08 15:00","2002","11","08","15:00"," ","3,10","","-0,20","","79,00","","21,00","","22,00","","24,10","","99,94","","","","","","Nuageux"
"2002-11-08 16:00","2002","11","08","16:00"," ","3,90","","0,60","","79,00","","22,00","","17,00","","19,30","","99,92","","","","","","Généralement nuageux"
"2002-11-08 17:00","2002","11","08","17:00"," ","4,70","","1,40","","79,00","","22,00","","24,00","","19,30","","99,89","","","","","","Nuageux"
"2002-11-08 18:00","2002","11","08","18:00"," ","3,90","","2,20","","89,00","","19,00","","13,00","","24,10","","99,83","","","","","","Nuageux"
"2002-11-08 19:00","2002","11","08","19:00"," ","5,60","","3,50","","86,00","","21,00","","19,00","","24,10","","99,82","","","","","","Nuageux"
"2002-11-08 20:00","2002","11","08","20:00"," ","5,00","","3,20","","88,00","","21,00","","13,00","","24,10","","99,80","","","","","","Nuageux"
"2002-11-08 21:00","2002","11","08","21:00"," ","6,30","","3,50","","82,00","","24,00","","22,00","","24,10","","99,80","","","","","","Généralement dégagé"
"2002-11-08 22:00","2002","11","08","22:00"," ","5,00","","2,00","","81,00","","21,00","","7,00","","24,10","","99,82","","","","","","Dégagé"
"2002-11-08 23:00","2002","11","08","23:00"," ","3,70","","1,90","","88,00","","0,00","","0,00","","24,10","","99,81","","","","","","Généralement nuageux"
"2002-11-09 00:00","2002","11","09","00:00"," ","1,30","","0,50","","94,00","","9,00","","4,00","","24,10","","99,81","","","","","","Nuageux"
"2002-11-09 01:00","2002","11","09","01:00"," ","0,90","","0,10","","94,00","","21,00","","4,00","","24,10","","99,79","","","","","","Généralement dégagé"
"2002-11-09 02:00","2002","11","09","02:00"," ","0,10","","-0,90","","93,00","","18,00","","7,00","","24,10","","99,80","","","","","","Généralement dégagé"
"2002-11-09 03:00","2002","11","09","03:00"," ","1,00","","0,10","","94,00","","13,00","","13,00","","24,10","","99,83","","","","","","Dégagé"
"2002-11-09 04:00","2002","11","09","04:00"," ","5,30","","5,00","","98,00","","24,00","","11,00","","19,30","","99,84","","","","","","Dégagé"
"2002-11-09 05:00","2002","11","09","05:00"," ","4,00","","2,80","","92,00","","23,00","","7,00","","19,30","","99,90","","","","","","Généralement dégagé"
"2002-11-09 06:00","2002","11","09","06:00"," ","2,60","","2,50","","99,00","","20,00","","9,00","","12,90","","99,95","","","","","","Généralement nuageux"
"2002-11-09 07:00","2002","11","09","07:00"," ","-0,70","","-1,10","","97,00","","0,00","","0,00","","19,30","","100,01","","","","","","Généralement nuageux"
"2002-11-09 08:00","2002","11","09","08:00"," ","0,00","","-0,60","","96,00","","7,00","","4,00","","19,30","","100,10","","","","-1,00","","Généralement nuageux"
"2002-11-09 09:00","2002","11","09","09:00"," ","0,30","","0,20","","99,00","","0,00","","0,00","","19,30","","100,17","","","","","","Généralement nuageux"
"2002-11-09 10:00","2002","11","09","10:00"," ","4,80","","3,80","","93,00","","0,00","","0,00","","19,30","","100,22","","","","","","Généralement nuageux"
"2002-11-09 11:00","2002","11","09","11:00"," ","6,60","","4,60","","87,00","","0,00","","0,00","","19,30","","100,26","","","","","","Généralement nuageux"
"2002-11-09 12:00","2002","11","09","12:00"," ","8,20","","4,60","","78,00","","23,00","","7,00","","19,30","","100,29","","","","","","Généralement nuageux"
"2002-11-09 13:00","2002","11","09","13:00"," ","8,80","","4,90","","76,00","","22,00","","11,00","","19,30","","100,27","","","","","","Généralement nuageux"
"2002-11-09 14:00","2002","11","09","14:00"," ","9,30","","4,80","","73,00","","22,00","","7,00","","19,30","","100,29","","","","","","Nuageux"
"2002-11-09 15:00","2002","11","09","15:00"," ","8,00","","4,00","","76,00","","18,00","","9,00","","19,30","","100,32","","","","","","Généralement nuageux"
"2002-11-09 16:00","2002","11","09","16:00"," ","7,60","","4,60","","81,00","","0,00","","0,00","","24,10","","100,30","","","","","","Généralement nuageux"
"2002-11-09 17:00","2002","11","09","17:00"," ","5,40","","4,10","","91,00","","18,00","","7,00","","4,80","","100,36","","","","","","Brouillard"
"2002-11-09 18:00","2002","11","09","18:00"," ","7,50","","7,10","","97,00","","18,00","","9,00","","3,20","","100,39","","","","","","Brouillard"
"2002-11-09 19:00","2002","11","09","19:00"," ","7,70","","7,40","","98,00","","15,00","","9,00","","3,20","","100,41","","","","","","Brouillard"
"2002-11-09 20:00","2002","11","09","20:00"," ","7,80","","7,50","","98,00","","15,00","","9,00","","3,20","","100,41","","","","","","Brouillard"
"2002-11-09 21:00","2002","11","09","21:00"," ","7,70","","7,40","","98,00","","16,00","","9,00","","6,40","","100,45","","","","","","Brouillard"
"2002-11-09 22:00","2002","11","09","22:00"," ","7,50","","7,00","","97,00","","15,00","","11,00","","6,40","","100,40","","","","","","Brouillard"
"2002-11-09 23:00","2002","11","09","23:00"," ","6,70","","6,40","","98,00","","13,00","","15,00","","2,40","","100,38","","","","","","Brouillard"
"2002-11-10 00:00","2002","11","10","00:00"," ","7,60","","7,10","","97,00","","15,00","","15,00","","3,20","","100,33","","","","","","Brouillard"
"2002-11-10 01:00","2002","11","10","01:00"," ","7,50","","7,30","","99,00","","12,00","","24,00","","0,80","","100,23","","","","","","Brouillard"
"2002-11-10 02:00","2002","11","10","02:00"," ","8,80","","8,10","","95,00","","16,00","","22,00","","3,20","","100,20","","","","","","Brouillard"
"2002-11-10 03:00","2002","11","10","03:00"," ","9,00","","8,80","","99,00","","20,00","","13,00","","3,20","","100,21","","","","","","Brouillard"
"2002-11-10 04:00","2002","11","10","04:00"," ","9,90","","9,10","","95,00","","20,00","","20,00","","6,40","","100,14","","","","","","Brouillard"
"2002-11-10 05:00","2002","11","10","05:00"," ","9,80","","9,20","","96,00","","21,00","","20,00","","4,80","","100,19","","","","","","Brouillard"
"2002-11-10 06:00","2002","11","10","06:00"," ","9,60","","9,00","","96,00","","21,00","","17,00","","4,80","","100,19","","","","","","Brouillard"
"2002-11-10 07:00","2002","11","10","07:00"," ","9,70","","9,20","","97,00","","22,00","","15,00","","4,80","","100,24","","","","","","Brouillard"
"2002-11-10 08:00","2002","11","10","08:00"," ","9,80","","8,90","","94,00","","22,00","","15,00","","3,20","","100,27","","","","","","Brouillard"
"2002-11-10 09:00","2002","11","10","09:00"," ","9,90","","9,20","","95,00","","19,00","","7,00","","3,20","","100,29","","","","","","Brouillard"
"2002-11-10 10:00","2002","11","10","10:00"," ","10,30","","9,70","","96,00","","20,00","","19,00","","1,60","","100,31","","","","","","Brouillard"
"2002-11-10 11:00","2002","11","10","11:00"," ","10,60","","9,60","","94,00","","20,00","","22,00","","3,20","","100,34","","","","","","Brouillard"
"2002-11-10 12:00","2002","11","10","12:00"," ","11,00","","9,90","","93,00","","21,00","","22,00","","3,20","","100,31","","","","","","Brouillard"
"2002-11-10 13:00","2002","11","10","13:00"," ","11,60","","10,40","","92,00","","20,00","","22,00","","3,20","","100,25","","","","","","Brouillard"
"2002-11-10 14:00","2002","11","10","14:00"," ","11,30","","10,40","","94,00","","20,00","","30,00","","1,20","","100,23","","","","","","Brouillard"
"2002-11-10 15:00","2002","11","10","15:00"," ","12,00","","10,80","","92,00","","21,00","","26,00","","4,80","","100,18","","","","","","Brouillard"
"2002-11-10 16:00","2002","11","10","16:00"," ","11,70","","10,30","","91,00","","21,00","","33,00","","4,80","","100,21","","","","","","Brouillard"
"2002-11-10 17:00","2002","11","10","17:00"," ","11,70","","10,10","","90,00","","21,00","","24,00","","9,70","","100,15","","","","","","Brouillard"
"2002-11-10 18:00","2002","11","10","18:00"," ","14,20","","11,60","","84,00","","19,00","","32,00","","16,10","","100,08","","","","","","Généralement nuageux"
"2002-11-10 19:00","2002","11","10","19:00"," ","13,90","","12,10","","89,00","","20,00","","37,00","","16,10","","100,09","","","","","","Nuageux"
"2002-11-10 20:00","2002","11","10","20:00"," ","13,50","","12,30","","92,00","","20,00","","37,00","","12,90","","100,05","","","","","","Averses de pluie"
"2002-11-10 21:00","2002","11","10","21:00"," ","12,90","","12,00","","94,00","","20,00","","43,00","","6,40","","100,03","","","","","","Averses de pluie,Brouillard"
"2002-11-10 22:00","2002","11","10","22:00"," ","12,90","","12,00","","94,00","","20,00","","43,00","","8,00","","99,99","","","","","","Averses de pluie,Brouillard"
"2002-11-10 23:00","2002","11","10","23:00"," ","13,20","","12,50","","96,00","","19,00","","43,00","","6,40","","99,90","","","","","","Averses de pluie,Brouillard"
"2002-11-11 00:00","2002","11","11","00:00"," ","14,00","","13,20","","95,00","","19,00","","41,00","","6,40","","99,86","","","","","","Averses de pluie,Brouillard"
"2002-11-11 01:00","2002","11","11","01:00"," ","13,60","","13,10","","97,00","","20,00","","44,00","","6,40","","99,82","","","","","","Averses de pluie,Brouillard"
"2002-11-11 02:00","2002","11","11","02:00"," ","13,90","","13,20","","96,00","","21,00","","56,00","","8,00","","99,81","","","","","","Averses de pluie,Brouillard"
"2002-11-11 03:00","2002","11","11","03:00"," ","13,10","","12,80","","98,00","","22,00","","35,00","","4,80","","99,88","","","","","","Averses de pluie,Brouillard"
"2002-11-11 04:00","2002","11","11","04:00"," ","13,10","","12,60","","97,00","","22,00","","30,00","","3,20","","99,91","","","","","","Averses de pluie,Brouillard"
"2002-11-11 05:00","2002","11","11","05:00"," ","13,10","","12,60","","97,00","","22,00","","28,00","","3,20","","99,92","","","","","","Averses de pluie,Brouillard"
"2002-11-11 06:00","2002","11","11","06:00"," ","12,90","","12,50","","97,00","","21,00","","30,00","","1,60","","99,96","","","","","","Averses de pluie,Brouillard"
"2002-11-11 07:00","2002","11","11","07:00"," ","12,90","","12,30","","96,00","","21,00","","26,00","","0,80","","99,94","","","","","","Averses de pluie,Brouillard"
"2002-11-11 08:00","2002","11","11","08:00"," ","12,60","","12,20","","97,00","","21,00","","30,00","","0,20","","99,96","","","","","","Averses de pluie,Brouillard"
"2002-11-11 09:00","2002","11","11","09:00"," ","13,10","","12,70","","97,00","","21,00","","30,00","","0,20","","99,95","","","","","","Brouillard"
"2002-11-11 10:00","2002","11","11","10:00"," ","13,30","","13,00","","98,00","","20,00","","32,00","","3,20","","99,92","","","","","","Averses de pluie,Brouillard"
"2002-11-11 11:00","2002","11","11","11:00"," ","14,40","","13,80","","96,00","","20,00","","50,00","","1,20","","99,85","","","","","","Averses de pluie,Brouillard"
"2002-11-11 12:00","2002","11","11","12:00"," ","14,10","","13,60","","97,00","","20,00","","48,00","","1,60","","99,79","","","","","","Averses de pluie,Brouillard"
"2002-11-11 13:00","2002","11","11","13:00"," ","14,20","","13,80","","97,00","","28,00","","46,00","","0,80","","99,73","","","","","","Brouillard"
"2002-11-11 14:00","2002","11","11","14:00"," ","13,90","","13,50","","97,00","","21,00","","39,00","","0,40","","99,71","","","","","","Brouillard"
"2002-11-11 15:00","2002","11","11","15:00"," ","14,00","","13,60","","97,00","","22,00","","43,00","","0,60","","99,63","","","","","","Averses de pluie,Brouillard"
"2002-11-11 16:00","2002","11","11","16:00"," ","14,30","","13,90","","97,00","","21,00","","43,00","","0,60","","99,62","","","","","","Brouillard"
"2002-11-11 17:00","2002","11","11","17:00"," ","14,30","","13,90","","97,00","","20,00","","39,00","","1,00","","99,62","","","","","","Brouillard"
"2002-11-11 18:00","2002","11","11","18:00"," ","14,30","","14,00","","98,00","","21,00","","46,00","","1,00","","99,66","","","","","","Bruine,Brouillard"
"2002-11-11 19:00","2002","11","11","19:00"," ","14,50","","14,30","","99,00","","22,00","","39,00","","1,20","","99,65","","","","","","Averses de pluie,Brouillard"
"2002-11-11 20:00","2002","11","11","20:00"," ","14,30","","14,00","","98,00","","21,00","","46,00","","0,80","","99,69","","","","","","Brouillard"
"2002-11-11 21:00","2002","11","11","21:00"," ","13,40","","13,10","","98,00","","23,00","","33,00","","0,40","","99,81","","","","","","Brouillard"
"2002-11-11 22:00","2002","11","11","22:00"," ","13,00","","12,80","","99,00","","23,00","","35,00","","0,80","","99,88","","","","","","Brouillard"
"2002-11-11 23:00","2002","11","11","23:00"," ","13,00","","12,90","","99,00","","29,00","","7,00","","0,80","","99,93","","","","","","Brouillard"
"2002-11-12 00:00","2002","11","12","00:00"," ","12,80","","12,60","","99,00","","21,00","","7,00","","3,20","","100,06","","","","","","Brouillard"
"2002-11-12 01:00","2002","11","12","01:00"," ","12,90","","12,60","","98,00","","20,00","","13,00","","2,40","","100,12","","","","","","Brouillard"
"2002-11-12 02:00","2002","11","12","02:00"," ","12,00","","11,50","","97,00","","20,00","","9,00","","19,30","","100,20","","","","","","Nuageux"
"2002-11-12 03:00","2002","11","12","03:00"," ","11,60","","11,20","","97,00","","20,00","","6,00","","8,00","","100,23","","","","","","Brouillard"
"2002-11-12 04:00","2002","11","12","04:00"," ","11,40","","11,00","","97,00","","23,00","","4,00","","16,10","","100,27","","","","","","Nuageux"
"2002-11-12 05:00","2002","11","12","05:00"," ","11,00","","10,60","","97,00","","0,00","","0,00","","16,10","","100,37","","","","","","Généralement nuageux"
"2002-11-12 06:00","2002","11","12","06:00"," ","10,00","","9,60","","97,00","","30,00","","4,00","","16,10","","100,45","","","","","","Généralement nuageux"
"2002-11-12 07:00","2002","11","12","07:00"," ","10,50","","9,50","","94,00","","33,00","","19,00","","19,30","","100,59","","","","","","Généralement nuageux"
"2002-11-12 08:00","2002","11","12","08:00"," ","10,00","","8,70","","92,00","","35,00","","22,00","","24,10","","100,66","","","","","","Généralement nuageux"
"2002-11-12 09:00","2002","11","12","09:00"," ","8,60","","5,60","","81,00","","34,00","","20,00","","24,10","","100,80","","","","","","Généralement nuageux"
"2002-11-12 10:00","2002","11","12","10:00"," ","8,70","","5,20","","79,00","","35,00","","17,00","","24,10","","100,82","","","","","","Généralement nuageux"
"2002-11-12 11:00","2002","11","12","11:00"," ","8,60","","4,20","","74,00","","36,00","","20,00","","24,10","","100,86","","","","","","Généralement nuageux"
"2002-11-12 12:00","2002","11","12","12:00"," ","9,10","","3,90","","70,00","","35,00","","17,00","","24,10","","100,85","","","","","","Généralement nuageux"
"2002-11-12 13:00","2002","11","12","13:00"," ","9,20","","3,50","","67,00","","34,00","","19,00","","24,10","","100,87","","","","","","Généralement nuageux"
"2002-11-12 14:00","2002","11","12","14:00"," ","10,10","","3,30","","63,00","","34,00","","19,00","","24,10","","100,85","","","","","","Généralement nuageux"
"2002-11-12 15:00","2002","11","12","15:00"," ","9,50","","3,00","","64,00","","34,00","","19,00","","24,10","","100,84","","","","","","Généralement nuageux"
"2002-11-12 16:00","2002","11","12","16:00"," ","8,80","","2,90","","66,00","","36,00","","15,00","","24,10","","100,83","","","","","","Généralement nuageux"
"2002-11-12 17:00","2002","11","12","17:00"," ","8,00","","3,30","","72,00","","1,00","","7,00","","24,10","","100,93","","","","","","Nuageux"
"2002-11-12 18:00","2002","11","12","18:00"," ","7,20","","4,10","","81,00","","1,00","","6,00","","24,10","","100,93","","","","","","Nuageux"
"2002-11-12 19:00","2002","11","12","19:00"," ","7,40","","3,80","","78,00","","36,00","","19,00","","24,10","","100,87","","","","","","Nuageux"
"2002-11-12 20:00","2002","11","12","20:00"," ","7,00","","4,10","","82,00","","3,00","","15,00","","24,10","","100,84","","","","","","Nuageux"
"2002-11-12 21:00","2002","11","12","21:00"," ","6,70","","4,40","","85,00","","2,00","","11,00","","24,10","","100,78","","","","","","Nuageux"
"2002-11-12 22:00","2002","11","12","22:00"," ","6,70","","4,40","","85,00","","4,00","","17,00","","24,10","","100,70","","","","","","Nuageux"
"2002-11-12 23:00","2002","11","12","23:00"," ","6,80","","4,80","","87,00","","36,00","","13,00","","24,10","","100,65","","","","","","Nuageux"
"2002-11-13 00:00","2002","11","13","00:00"," ","6,10","","5,30","","95,00","","1,00","","15,00","","12,90","","100,55","","","","","","Averses de pluie"
"2002-11-13 01:00","2002","11","13","01:00"," ","5,70","","5,10","","96,00","","4,00","","20,00","","6,40","","100,32","","","","","","Pluie modérée"
"2002-11-13 02:00","2002","11","13","02:00"," ","6,40","","5,80","","96,00","","4,00","","19,00","","6,40","","100,18","","","","","","Pluie modérée"
"2002-11-13 03:00","2002","11","13","03:00"," ","6,30","","5,80","","97,00","","2,00","","17,00","","6,40","","100,13","","","","","","Pluie"
"2002-11-13 04:00","2002","11","13","04:00"," ","6,10","","5,50","","96,00","","2,00","","19,00","","6,40","","99,97","","","","","","Pluie modérée"
"2002-11-13 05:00","2002","11","13","05:00"," ","5,90","","5,20","","95,00","","8,00","","20,00","","4,80","","99,92","","","","","","Pluie"
"2002-11-13 06:00","2002","11","13","06:00"," ","5,60","","4,90","","95,00","","3,00","","19,00","","4,80","","99,94","","","","","","Pluie,Brouillard"
"2002-11-13 07:00","2002","11","13","07:00"," ","5,20","","4,40","","95,00","","2,00","","24,00","","4,80","","99,98","","","","","","Pluie,Brouillard"
"2002-11-13 08:00","2002","11","13","08:00"," ","5,30","","4,50","","95,00","","2,00","","26,00","","9,70","","99,99","","","","","","Pluie,Brouillard"
"2002-11-13 09:00","2002","11","13","09:00"," ","5,60","","4,50","","93,00","","1,00","","28,00","","19,30","","99,98","","","","","","Pluie"
"2002-11-13 10:00","2002","11","13","10:00"," ","5,50","","4,50","","93,00","","5,00","","28,00","","16,10","","99,97","","","","","","Pluie"
"2002-11-13 11:00","2002","11","13","11:00"," ","5,40","","4,50","","94,00","","1,00","","19,00","","9,70","","100,02","","","","","","Pluie,Brouillard"
"2002-11-13 12:00","2002","11","13","12:00"," ","5,40","","4,40","","93,00","","2,00","","24,00","","12,90","","99,91","","","","","","Pluie"
"2002-11-13 13:00","2002","11","13","13:00"," ","5,50","","4,50","","93,00","","4,00","","20,00","","12,90","","99,83","","","","","","Pluie"
"2002-11-13 14:00","2002","11","13","14:00"," ","5,40","","4,40","","93,00","","2,00","","17,00","","12,90","","99,84","","","","","","Pluie"
"2002-11-13 15:00","2002","11","13","15:00"," ","5,00","","4,30","","95,00","","3,00","","19,00","","12,90","","99,77","","","","","","Pluie"
"2002-11-13 16:00","2002","11","13","16:00"," ","4,90","","4,00","","94,00","","2,00","","19,00","","12,90","","99,82","","","","","","Pluie"
"2002-11-13 17:00","2002","11","13","17:00"," ","4,60","","3,60","","93,00","","1,00","","20,00","","12,90","","99,85","","","","","","Pluie"
"2002-11-13 18:00","2002","11","13","18:00"," ","4,20","","2,40","","88,00","","2,00","","24,00","","12,90","","99,78","","","","","","Pluie"
"2002-11-13 19:00","2002","11","13","19:00"," ","3,90","","3,10","","95,00","","1,00","","24,00","","12,90","","99,73","","","","","","Pluie"
"2002-11-13 20:00","2002","11","13","20:00"," ","3,40","","2,50","","94,00","","1,00","","32,00","","12,90","","99,63","","","","","","Pluie"
"2002-11-13 21:00","2002","11","13","21:00"," ","3,20","","2,40","","94,00","","36,00","","30,00","","12,90","","99,64","","","","","","Pluie"
"2002-11-13 22:00","2002","11","13","22:00"," ","3,10","","2,10","","93,00","","36,00","","35,00","","16,10","","99,61","","","","","","Pluie"
"2002-11-13 23:00","2002","11","13","23:00"," ","2,90","","1,90","","93,00","","1,00","","33,00","","16,10","","99,59","","","","","","Pluie"
"2002-11-14 00:00","2002","11","14","00:00"," ","2,80","","1,80","","93,00","","2,00","","28,00","","16,10","","99,56","","","","","","Pluie"
"2002-11-14 01:00","2002","11","14","01:00"," ","2,70","","1,90","","94,00","","36,00","","20,00","","16,10","","99,52","","","","","","Pluie"
"2002-11-14 02:00","2002","11","14","02:00"," ","2,70","","1,80","","94,00","","2,00","","32,00","","16,10","","99,40","","","","","","Pluie modérée"
"2002-11-14 03:00","2002","11","14","03:00"," ","2,40","","1,40","","93,00","","1,00","","24,00","","12,90","","99,53","","","","","","Pluie"
"2002-11-14 04:00","2002","11","14","04:00"," ","2,50","","1,60","","94,00","","1,00","","15,00","","12,90","","99,53","","","","","","Pluie"
"2002-11-14 05:00","2002","11","14","05:00"," ","2,30","","1,30","","93,00","","36,00","","28,00","","12,90","","99,62","","","","","","Pluie"
"2002-11-14 06:00","2002","11","14","06:00"," ","1,90","","0,90","","93,00","","36,00","","26,00","","12,90","","99,64","","","","","","Pluie"
"2002-11-14 07:00","2002","11","14","07:00"," ","1,70","","0,70","","93,00","","35,00","","30,00","","12,90","","99,66","","","","","","Nuageux"
"2002-11-14 08:00","2002","11","14","08:00"," ","1,80","","0,90","","94,00","","2,00","","20,00","","12,90","","99,61","","","","","","Nuageux"
"2002-11-14 09:00","2002","11","14","09:00"," ","1,80","","0,90","","94,00","","35,00","","19,00","","12,90","","99,67","","","","","","Nuageux"
"2002-11-14 10:00","2002","11","14","10:00"," ","1,80","","0,90","","94,00","","34,00","","26,00","","12,90","","99,74","","","","","","Nuageux"
"2002-11-14 11:00","2002","11","14","11:00"," ","2,20","","1,00","","92,00","","1,00","","15,00","","12,90","","99,78","","","","","","Nuageux"
"2002-11-14 12:00","2002","11","14","12:00"," ","2,30","","1,00","","91,00","","1,00","","26,00","","12,90","","99,68","","","","","","Nuageux"
"2002-11-14 13:00","2002","11","14","13:00"," ","2,80","","1,30","","90,00","","1,00","","33,00","","19,30","","99,61","","","","","","Nuageux"
"2002-11-14 14:00","2002","11","14","14:00"," ","3,20","","1,60","","89,00","","35,00","","26,00","","19,30","","99,63","","","","","","Nuageux"
"2002-11-14 15:00","2002","11","14","15:00"," ","3,30","","1,60","","89,00","","35,00","","35,00","","19,30","","99,63","","","","","","Nuageux"
"2002-11-14 16:00","2002","11","14","16:00"," ","3,30","","1,50","","88,00","","35,00","","28,00","","24,10","","99,61","","","","","","Généralement nuageux"
"2002-11-14 17:00","2002","11","14","17:00"," ","3,30","","0,70","","83,00","","35,00","","37,00","","24,10","","99,67","","","","","","Généralement nuageux"
"2002-11-14 18:00","2002","11","14","18:00"," ","3,00","","0,90","","86,00","","35,00","","15,00","","24,10","","99,76","","","","","","Généralement nuageux"
"2002-11-14 19:00","2002","11","14","19:00"," ","3,00","","1,20","","88,00","","34,00","","9,00","","24,10","","99,77","","","","","","Nuageux"
"2002-11-14 20:00","2002","11","14","20:00"," ","3,00","","1,50","","90,00","","33,00","","7,00","","24,10","","99,75","","","","","","Nuageux"
"2002-11-14 21:00","2002","11","14","21:00"," ","3,10","","1,80","","91,00","","32,00","","7,00","","24,10","","99,77","","","","","","Nuageux"
"2002-11-14 22:00","2002","11","14","22:00"," ","3,10","","0,60","","84,00","","33,00","","11,00","","24,10","","99,79","","","","","","Nuageux"
"2002-11-14 23:00","2002","11","14","23:00"," ","2,80","","0,20","","83,00","","34,00","","17,00","","24,10","","99,80","","","","","","Nuageux"
"2002-11-15 00:00","2002","11","15","00:00"," ","2,60","","-0,10","","82,00","","31,00","","11,00","","24,10","","99,88","","","","","","Nuageux"
"2002-11-15 01:00","2002","11","15","01:00"," ","1,50","","-0,40","","87,00","","27,00","","6,00","","24,10","","99,87","","","","","","Dégagé"
"2002-11-15 02:00","2002","11","15","02:00"," ","-0,70","","-1,40","","95,00","","19,00","","6,00","","24,10","","99,90","","","","-3,00","","Dégagé"
"2002-11-15 03:00","2002","11","15","03:00"," ","-0,80","","-1,50","","95,00","","18,00","","4,00","","24,10","","99,93","","","","-2,00","","Dégagé"
"2002-11-15 04:00","2002","11","15","04:00"," ","-2,20","","-2,90","","95,00","","0,00","","0,00","","24,10","","99,93","","","","","","Dégagé"
"2002-11-15 05:00","2002","11","15","05:00"," ","-1,70","","-2,60","","94,00","","0,00","","0,00","","24,10","","99,95","","","","","","Généralement dégagé"
"2002-11-15 06:00","2002","11","15","06:00"," ","-1,90","","-2,60","","95,00","","35,00","","4,00","","24,10","","99,96","","","","-3,00","","Généralement dégagé"
"2002-11-15 07:00","2002","11","15","07:00"," ","-0,30","","-0,80","","96,00","","0,00","","0,00","","24,10","","99,94","","","","","","Généralement nuageux"
"2002-11-15 08:00","2002","11","15","08:00"," ","1,50","","0,90","","96,00","","22,00","","6,00","","24,10","","99,93","","","","","","Nuageux"
"2002-11-15 09:00","2002","11","15","09:00"," ","3,30","","2,90","","97,00","","19,00","","6,00","","24,10","","99,99","","","","","","Nuageux"
"2002-11-15 10:00","2002","11","15","10:00"," ","8,60","","6,90","","89,00","","21,00","","22,00","","24,10","","99,96","","","","","","Nuageux"
"2002-11-15 11:00","2002","11","15","11:00"," ","9,30","","7,50","","89,00","","20,00","","28,00","","24,10","","99,92","","","","","","Nuageux"
"2002-11-15 12:00","2002","11","15","12:00"," ","9,80","","7,80","","87,00","","22,00","","33,00","","24,10","","99,89","","","","","","Généralement nuageux"
"2002-11-15 13:00","2002","11","15","13:00"," ","10,50","","8,00","","84,00","","21,00","","37,00","","19,30","","99,80","","","","","","Généralement nuageux"
"2002-11-15 14:00","2002","11","15","14:00"," ","11,10","","7,70","","80,00","","22,00","","33,00","","19,30","","99,80","","","","","","Généralement nuageux"
"2002-11-15 15:00","2002","11","15","15:00"," ","11,20","","7,50","","78,00","","21,00","","28,00","","24,10","","99,83","","","","","","Généralement nuageux"
"2002-11-15 16:00","2002","11","15","16:00"," ","10,00","","7,40","","84,00","","22,00","","20,00","","24,10","","99,88","","","","","","Généralement nuageux"
"2002-11-15 17:00","2002","11","15","17:00"," ","9,10","","7,60","","90,00","","21,00","","22,00","","24,10","","99,87","","","","","","Généralement nuageux"
"2002-11-15 18:00","2002","11","15","18:00"," ","9,20","","7,80","","91,00","","22,00","","26,00","","24,10","","99,92","","","","","","Généralement nuageux"
"2002-11-15 19:00","2002","11","15","19:00"," ","9,20","","8,00","","92,00","","22,00","","24,00","","24,10","","99,94","","","","","","Généralement nuageux"
"2002-11-15 20:00","2002","11","15","20:00"," ","9,60","","8,30","","92,00","","23,00","","20,00","","24,10","","100,00","","","","","","Généralement nuageux"
"2002-11-15 21:00","2002","11","15","21:00"," ","9,50","","8,00","","90,00","","26,00","","15,00","","16,10","","100,07","","","","","","Nuageux"
"2002-11-15 22:00","2002","11","15","22:00"," ","7,30","","3,90","","79,00","","33,00","","26,00","","16,10","","100,21","","","","","","Nuageux"
"2002-11-15 23:00","2002","11","15","23:00"," ","5,60","","1,60","","75,00","","34,00","","30,00","","24,10","","100,29","","","","","","Nuageux"
"2002-11-16 00:00","2002","11","16","00:00"," ","5,00","","1,40","","78,00","","34,00","","32,00","","24,10","","100,44","","","","","","Nuageux"
"2002-11-16 01:00","2002","11","16","01:00"," ","3,40","","-0,10","","78,00","","35,00","","35,00","","24,10","","100,53","","","","","","Nuageux"
"2002-11-16 02:00","2002","11","16","02:00"," ","1,50","","-2,60","","74,00","","35,00","","37,00","","16,10","","100,66","","","","","","Averses de pluie"
"2002-11-16 03:00","2002","11","16","03:00"," ","0,70","","-3,10","","76,00","","36,00","","22,00","","19,30","","100,87","","","","","","Averses de pluie"
"2002-11-16 04:00","2002","11","16","04:00"," ","0,20","","-5,70","","64,00","","35,00","","26,00","","24,10","","100,94","","","","","","Nuageux"
"2002-11-16 05:00","2002","11","16","05:00"," ","-0,70","","-6,80","","63,00","","34,00","","24,00","","24,10","","101,06","","","","-7,00","","Nuageux"
"2002-11-16 06:00","2002","11","16","06:00"," ","-1,40","","-6,30","","69,00","","34,00","","20,00","","24,10","","101,20","","","","-7,00","","Nuageux"
"2002-11-16 07:00","2002","11","16","07:00"," ","-1,90","","-6,50","","71,00","","36,00","","24,00","","24,10","","101,31","","","","-8,00","","Généralement nuageux"
"2002-11-16 08:00","2002","11","16","08:00"," ","-2,10","","-8,90","","60,00","","2,00","","28,00","","24,10","","101,40","","","","-9,00","","Généralement nuageux"
"2002-11-16 09:00","2002","11","16","09:00"," ","-2,40","","-9,70","","57,00","","1,00","","26,00","","24,10","","101,50","","","","-9,00","","Généralement nuageux"
"2002-11-16 10:00","2002","11","16","10:00"," ","-2,90","","-10,90","","54,00","","2,00","","35,00","","24,10","","101,55","","","","-11,00","","Généralement nuageux"
"2002-11-16 11:00","2002","11","16","11:00"," ","-2,90","","-11,30","","52,00","","1,00","","32,00","","24,10","","101,64","","","","-10,00","","Généralement nuageux"
"2002-11-16 12:00","2002","11","16","12:00"," ","-3,10","","-11,00","","54,00","","2,00","","24,00","","24,10","","101,70","","","","-10,00","","Généralement nuageux"
"2002-11-16 13:00","2002","11","16","13:00"," ","-3,00","","-10,90","","54,00","","2,00","","26,00","","24,10","","101,79","","","","-10,00","","Généralement nuageux"
"2002-11-16 14:00","2002","11","16","14:00"," ","-3,10","","-11,40","","53,00","","2,00","","20,00","","24,10","","101,79","","","","-9,00","","Généralement nuageux"
"2002-11-16 15:00","2002","11","16","15:00"," ","-3,30","","-11,20","","54,00","","5,00","","15,00","","24,10","","101,80","","","","-8,00","","Généralement dégagé"
"2002-11-16 16:00","2002","11","16","16:00"," ","-2,90","","-10,60","","55,00","","5,00","","13,00","","24,10","","101,83","","","","-8,00","","Généralement nuageux"
"2002-11-16 17:00","2002","11","16","17:00"," ","-3,30","","-10,60","","57,00","","5,00","","15,00","","24,10","","101,89","","","","-8,00","","Généralement nuageux"
"2002-11-16 18:00","2002","11","16","18:00"," ","-3,60","","-10,00","","61,00","","5,00","","13,00","","24,10","","101,92","","","","-8,00","","Généralement nuageux"
"2002-11-16 19:00","2002","11","16","19:00"," ","-3,20","","-9,20","","63,00","","4,00","","20,00","","24,10","","101,92","","","","-9,00","","Généralement nuageux"
"2002-11-16 20:00","2002","11","16","20:00"," ","-3,60","","-8,60","","68,00","","4,00","","13,00","","24,10","","101,92","","","","-8,00","","Généralement nuageux"
"2002-11-16 21:00","2002","11","16","21:00"," ","-3,50","","-8,20","","70,00","","4,00","","13,00","","24,10","","101,95","","","","-8,00","","Nuageux"
"2002-11-16 22:00","2002","11","16","22:00"," ","-3,40","","-7,90","","71,00","","4,00","","13,00","","24,10","","101,93","","","","-8,00","","Nuageux"
"2002-11-16 23:00","2002","11","16","23:00"," ","-3,10","","-7,70","","70,00","","4,00","","13,00","","24,10","","101,92","","","","-8,00","","Nuageux"
"2002-11-17 00:00","2002","11","17","00:00"," ","-2,80","","-7,00","","73,00","","4,00","","13,00","","24,10","","101,90","","","","-7,00","","Nuageux"
"2002-11-17 01:00","2002","11","17","01:00"," ","-2,20","","-6,30","","73,00","","4,00","","15,00","","24,10","","101,86","","","","-7,00","","Nuageux"
"2002-11-17 02:00","2002","11","17","02:00"," ","-1,30","","-3,60","","84,00","","6,00","","15,00","","24,10","","101,79","","","","-6,00","","Nuageux"
"2002-11-17 03:00","2002","11","17","03:00"," ","-0,10","","-5,10","","69,00","","7,00","","20,00","","24,10","","101,73","","","","-5,00","","Nuageux"
"2002-11-17 04:00","2002","11","17","04:00"," ","0,20","","-4,80","","69,00","","8,00","","19,00","","24,10","","101,65","","","","","","Nuageux"
"2002-11-17 05:00","2002","11","17","05:00"," ","0,40","","-4,70","","69,00","","9,00","","35,00","","24,10","","101,58","","","","","","Nuageux"
"2002-11-17 06:00","2002","11","17","06:00"," ","-0,20","","-3,40","","79,00","","8,00","","32,00","","3,20","","101,50","","","","-7,00","","Neige"
"2002-11-17 07:00","2002","11","17","07:00"," ","-0,70","","-2,60","","87,00","","8,00","","32,00","","2,40","","101,37","","","","-8,00","","Neige"
"2002-11-17 08:00","2002","11","17","08:00"," ","-1,40","","-2,90","","89,00","","9,00","","32,00","","1,00","","101,32","","","","-9,00","","Neige"
"2002-11-17 09:00","2002","11","17","09:00"," ","-1,30","","-2,90","","89,00","","7,00","","28,00","","1,00","","101,22","","","","-8,00","","Neige"
"2002-11-17 10:00","2002","11","17","10:00"," ","-1,40","","-3,00","","89,00","","6,00","","39,00","","1,20","","101,12","","","","-9,00","","Neige,Granules de glace ou grésil"
"2002-11-17 11:00","2002","11","17","11:00"," ","-0,60","","-2,70","","86,00","","6,00","","39,00","","2,40","","100,87","","","","-8,00","","Granules de glace ou grésil"
"2002-11-17 12:00","2002","11","17","12:00"," ","-0,40","","-2,00","","89,00","","5,00","","32,00","","2,40","","100,68","","","","-7,00","","Granules de glace ou grésil"
"2002-11-17 13:00","2002","11","17","13:00"," ","0,70","","-0,90","","89,00","","6,00","","33,00","","3,20","","100,41","","","","","","Averses de pluie,Brouillard"
"2002-11-17 14:00","2002","11","17","14:00"," ","1,10","","-0,70","","88,00","","7,00","","41,00","","4,80","","100,25","","","","","","Averses de pluie,Brouillard"
"2002-11-17 15:00","2002","11","17","15:00"," ","1,00","","-0,50","","90,00","","7,00","","30,00","","4,00","","100,12","","","","","","Averses de pluie,Brouillard"
"2002-11-17 16:00","2002","11","17","16:00"," ","1,10","","-0,30","","90,00","","7,00","","37,00","","3,20","","100,06","","","","","","Averses de pluie,Brouillard"
"2002-11-17 17:00","2002","11","17","17:00"," ","1,20","","-0,40","","89,00","","6,00","","33,00","","3,20","","99,93","","","","","","Averses de pluie,Brouillard"
"2002-11-17 18:00","2002","11","17","18:00"," ","1,30","","-0,30","","89,00","","5,00","","41,00","","3,20","","99,72","","","","","","Averses de pluie,Brouillard"
"2002-11-17 19:00","2002","11","17","19:00"," ","1,50","","-0,30","","88,00","","6,00","","35,00","","3,20","","99,63","","","","","","Averses de pluie,Brouillard"
"2002-11-17 20:00","2002","11","17","20:00"," ","1,50","","0,00","","90,00","","7,00","","35,00","","3,20","","99,60","","","","","","Averses de pluie,Brouillard"
"2002-11-17 21:00","2002","11","17","21:00"," ","1,60","","0,20","","90,00","","6,00","","32,00","","3,20","","99,55","","","","","","Pluie,Brouillard"
"2002-11-17 22:00","2002","11","17","22:00"," ","1,70","","0,10","","89,00","","7,00","","30,00","","3,20","","99,46","","","","","","Pluie,Brouillard"
"2002-11-17 23:00","2002","11","17","23:00"," ","1,70","","0,10","","89,00","","6,00","","28,00","","4,80","","99,40","","","","","","Pluie,Brouillard"
"2002-11-18 00:00","2002","11","18","00:00"," ","1,70","","0,50","","92,00","","7,00","","22,00","","4,80","","99,18","","","","","","Brouillard"
"2002-11-18 01:00","2002","11","18","01:00"," ","1,80","","0,90","","94,00","","7,00","","26,00","","4,80","","98,96","","","","","","Pluie,Brouillard"
"2002-11-18 02:00","2002","11","18","02:00"," ","2,00","","0,70","","91,00","","7,00","","33,00","","4,80","","98,80","","","","","","Pluie,Brouillard"
"2002-11-18 03:00","2002","11","18","03:00"," ","2,30","","1,20","","92,00","","7,00","","24,00","","3,20","","98,58","","","","","","Pluie modérée,Brouillard"
"2002-11-18 04:00","2002","11","18","04:00"," ","3,00","","1,90","","92,00","","8,00","","37,00","","3,20","","98,09","","","","","","Pluie modérée,Brouillard"
"2002-11-18 05:00","2002","11","18","05:00"," ","4,40","","3,60","","95,00","","6,00","","22,00","","3,20","","97,86","","","","","","Pluie modérée,Brouillard"
"2002-11-18 06:00","2002","11","18","06:00"," ","5,00","","4,70","","98,00","","3,00","","15,00","","3,20","","97,54","","","","","","Pluie,Brouillard"
"2002-11-18 07:00","2002","11","18","07:00"," ","2,70","","2,70","","100,00","","2,00","","13,00","","3,20","","97,34","","","","","","Pluie,Brouillard"
"2002-11-18 08:00","2002","11","18","08:00"," ","9,40","","9,30","","99,00","","17,00","","30,00","","2,40","","97,25","","","","","","Pluie,Brouillard"
"2002-11-18 09:00","2002","11","18","09:00"," ","8,20","","7,60","","96,00","","21,00","","54,00","","6,40","","97,34","","","","","","Pluie,Brouillard"
"2002-11-18 10:00","2002","11","18","10:00"," ","5,90","","4,50","","91,00","","22,00","","46,00","","19,30","","97,47","","","","","","Nuageux"
"2002-11-18 11:00","2002","11","18","11:00"," ","5,20","","3,50","","89,00","","23,00","","41,00","","24,10","","97,54","","","","","","Nuageux"
"2002-11-18 12:00","2002","11","18","12:00"," ","3,90","","2,20","","89,00","","23,00","","41,00","","9,70","","97,50","","","","","","Brouillard"
"2002-11-18 13:00","2002","11","18","13:00"," ","2,50","","-0,10","","83,00","","24,00","","37,00","","24,10","","97,65","","","","","","Nuageux"
"2002-11-18 14:00","2002","11","18","14:00"," ","2,80","","-0,70","","78,00","","25,00","","35,00","","24,10","","97,68","","","","","","Nuageux"
"2002-11-18 15:00","2002","11","18","15:00"," ","1,90","","-2,70","","72,00","","25,00","","35,00","","24,10","","97,86","","","","","","Généralement nuageux"
"2002-11-18 16:00","2002","11","18","16:00"," ","1,00","","-3,90","","70,00","","26,00","","39,00","","24,10","","98,09","","","","","","Généralement nuageux"
"2002-11-18 17:00","2002","11","18","17:00"," ","0,40","","-4,80","","68,00","","26,00","","35,00","","24,10","","98,27","","","","","","Nuageux"
"2002-11-18 18:00","2002","11","18","18:00"," ","0,20","","-5,20","","67,00","","27,00","","32,00","","24,10","","98,46","","","","","","Généralement nuageux"
"2002-11-18 19:00","2002","11","18","19:00"," ","-0,20","","-5,40","","68,00","","29,00","","37,00","","24,10","","98,78","","","","-7,00","","Généralement nuageux"
"2002-11-18 20:00","2002","11","18","20:00"," ","-0,50","","-6,70","","63,00","","29,00","","44,00","","24,10","","98,97","","","","-8,00","","Généralement nuageux"
"2002-11-18 21:00","2002","11","18","21:00"," ","-0,80","","-6,80","","64,00","","29,00","","33,00","","24,10","","99,23","","","","-8,00","","Généralement nuageux"
"2002-11-18 22:00","2002","11","18","22:00"," ","-1,20","","-7,90","","60,00","","29,00","","32,00","","24,10","","99,38","","","","-8,00","","Généralement nuageux"
"2002-11-18 23:00","2002","11","18","23:00"," ","-1,20","","-7,70","","61,00","","29,00","","35,00","","24,10","","99,57","","","","-9,00","","Généralement nuageux"
"2002-11-19 00:00","2002","11","19","00:00"," ","-1,20","","-7,60","","62,00","","30,00","","30,00","","24,10","","99,85","","","","-8,00","","Généralement nuageux"
"2002-11-19 01:00","2002","11","19","01:00"," ","-1,30","","-7,20","","64,00","","29,00","","26,00","","24,10","","100,05","","","","-8,00","","Généralement nuageux"
"2002-11-19 02:00","2002","11","19","02:00"," ","-1,70","","-6,90","","68,00","","31,00","","32,00","","24,10","","100,27","","","","-9,00","","Nuageux"
"2002-11-19 03:00","2002","11","19","03:00"," ","-2,20","","-7,30","","68,00","","31,00","","20,00","","24,10","","100,47","","","","-8,00","","Généralement nuageux"
"2002-11-19 04:00","2002","11","19","04:00"," ","-2,10","","-7,80","","65,00","","32,00","","26,00","","24,10","","100,67","","","","-9,00","","Généralement nuageux"
"2002-11-19 05:00","2002","11","19","05:00"," ","-2,40","","-8,30","","64,00","","32,00","","30,00","","24,10","","100,80","","","","-10,00","","Nuageux"
"2002-11-19 06:00","2002","11","19","06:00"," ","-3,40","","-8,70","","67,00","","32,00","","24,00","","24,10","","100,91","","","","-10,00","","Généralement dégagé"
"2002-11-19 07:00","2002","11","19","07:00"," ","-3,90","","-8,60","","70,00","","33,00","","30,00","","24,10","","100,98","","","","-12,00","","Généralement dégagé"
"2002-11-19 08:00","2002","11","19","08:00"," ","-4,20","","-8,80","","70,00","","33,00","","17,00","","24,10","","101,17","","","","-10,00","","Généralement dégagé"
"2002-11-19 09:00","2002","11","19","09:00"," ","-3,20","","-8,50","","67,00","","33,00","","20,00","","24,10","","101,30","","","","-9,00","","Généralement dégagé"
"2002-11-19 10:00","2002","11","19","10:00"," ","-2,20","","-7,90","","65,00","","31,00","","13,00","","24,10","","101,43","","","","-7,00","","Généralement dégagé"
"2002-11-19 11:00","2002","11","19","11:00"," ","-1,80","","-7,80","","64,00","","32,00","","11,00","","24,10","","101,47","","","","-6,00","","Généralement dégagé"
"2002-11-19 12:00","2002","11","19","12:00"," ","-1,00","","-7,70","","60,00","","36,00","","7,00","","24,10","","101,44","","","","-4,00","","Généralement dégagé"
"2002-11-19 13:00","2002","11","19","13:00"," ","-0,30","","-7,80","","57,00","","0,00","","0,00","","24,10","","101,39","","","","","","Généralement nuageux"
"2002-11-19 14:00","2002","11","19","14:00"," ","0,30","","-7,80","","54,00","","32,00","","6,00","","24,10","","101,37","","","","","","Nuageux"
"2002-11-19 15:00","2002","11","19","15:00"," ","0,30","","-8,00","","54,00","","0,00","","0,00","","24,10","","101,41","","","","","","Nuageux"
"2002-11-19 16:00","2002","11","19","16:00"," ","0,30","","-7,50","","56,00","","0,00","","0,00","","24,10","","101,43","","","","","","Nuageux"
"2002-11-19 17:00","2002","11","19","17:00"," ","-0,60","","-5,70","","68,00","","18,00","","7,00","","24,10","","101,41","","","","-3,00","","Nuageux"
"2002-11-19 18:00","2002","11","19","18:00"," ","-1,10","","-4,90","","75,00","","0,00","","0,00","","24,10","","101,43","","","","","","Nuageux"
"2002-11-19 19:00","2002","11","19","19:00"," ","-2,70","","-5,00","","84,00","","0,00","","0,00","","24,10","","101,42","","","","","","Nuageux"
"2002-11-19 20:00","2002","11","19","20:00"," ","-2,70","","-4,70","","86,00","","0,00","","0,00","","24,10","","101,42","","","","","","Nuageux"
"2002-11-19 21:00","2002","11","19","21:00"," ","-1,50","","-4,10","","82,00","","21,00","","4,00","","24,10","","101,44","","","","-3,00","","Nuageux"
"2002-11-19 22:00","2002","11","19","22:00"," ","0,80","","-3,10","","75,00","","0,00","","0,00","","24,10","","101,36","","","","","","Nuageux"
"2002-11-19 23:00","2002","11","19","23:00"," ","-0,70","","-2,80","","86,00","","0,00","","0,00","","24,10","","101,29","","","","","","Nuageux"
"2002-11-20 00:00","2002","11","20","00:00"," ","0,10","","-1,80","","87,00","","0,00","","0,00","","4,80","","101,30","","","","","","Averses de neige"
"2002-11-20 01:00","2002","11","20","01:00"," ","0,00","","-0,90","","94,00","","4,00","","7,00","","12,90","","101,23","","","","-2,00","","Averses de neige"
"2002-11-20 02:00","2002","11","20","02:00"," ","-0,10","","-1,30","","92,00","","2,00","","4,00","","19,30","","101,18","","","","-1,00","","Nuageux"
"2002-11-20 03:00","2002","11","20","03:00"," ","0,10","","-1,00","","92,00","","5,00","","4,00","","24,10","","101,16","","","","","","Nuageux"
"2002-11-20 04:00","2002","11","20","04:00"," ","0,40","","-0,90","","91,00","","9,00","","7,00","","24,10","","101,06","","","","","","Nuageux"
"2002-11-20 05:00","2002","11","20","05:00"," ","1,20","","-0,40","","89,00","","12,00","","9,00","","24,10","","101,04","","","","","","Nuageux"
"2002-11-20 06:00","2002","11","20","06:00"," ","2,90","","0,90","","87,00","","14,00","","9,00","","24,10","","101,04","","","","","","Nuageux"
"2002-11-20 07:00","2002","11","20","07:00"," ","3,00","","1,90","","92,00","","14,00","","11,00","","24,10","","101,00","","","","","","Nuageux"
"2002-11-20 08:00","2002","11","20","08:00"," ","3,60","","2,40","","92,00","","14,00","","15,00","","9,70","","100,99","","","","","","Averses de pluie"
"2002-11-20 09:00","2002","11","20","09:00"," ","4,30","","3,50","","95,00","","15,00","","15,00","","12,90","","100,97","","","","","","Averses de pluie"
"2002-11-20 10:00","2002","11","20","10:00"," ","5,10","","4,20","","94,00","","17,00","","15,00","","12,90","","100,95","","","","","","Averses de pluie"
"2002-11-20 11:00","2002","11","20","11:00"," ","6,00","","5,20","","95,00","","18,00","","13,00","","16,10","","100,95","","","","","","Nuageux"
"2002-11-20 12:00","2002","11","20","12:00"," ","7,40","","5,60","","88,00","","19,00","","22,00","","19,30","","100,89","","","","","","Généralement nuageux"
"2002-11-20 13:00","2002","11","20","13:00"," ","7,70","","5,50","","86,00","","18,00","","19,00","","19,30","","100,83","","","","","","Nuageux"
"2002-11-20 14:00","2002","11","20","14:00"," ","7,40","","5,90","","90,00","","18,00","","17,00","","19,30","","100,81","","","","","","Nuageux"
"2002-11-20 15:00","2002","11","20","15:00"," ","8,00","","6,60","","91,00","","18,00","","13,00","","19,30","","100,77","","","","","","Généralement nuageux"
"2002-11-20 16:00","2002","11","20","16:00"," ","8,00","","6,80","","92,00","","19,00","","7,00","","19,30","","100,80","","","","","","Généralement nuageux"
"2002-11-20 17:00","2002","11","20","17:00"," ","7,30","","6,30","","93,00","","23,00","","9,00","","19,30","","100,83","","","","","","Généralement dégagé"
"2002-11-20 18:00","2002","11","20","18:00"," ","2,40","","1,90","","96,00","","19,00","","4,00","","19,30","","100,86","","","","","","Généralement dégagé"
"2002-11-20 19:00","2002","11","20","19:00"," ","0,70","","0,30","","97,00","","0,00","","0,00","","12,90","","100,89","","","","","","Généralement nuageux"
"2002-11-20 20:00","2002","11","20","20:00"," ","1,60","","1,20","","97,00","","0,00","","0,00","","12,90","","100,90","","","","","","Généralement nuageux"
"2002-11-20 21:00","2002","11","20","21:00"," ","0,70","","0,40","","98,00","","0,00","","0,00","","3,20","","100,92","","","","","","Brouillard"
"2002-11-20 22:00","2002","11","20","22:00"," ","1,70","","1,40","","98,00","","0,00","","0,00","","3,20","","100,92","","","","","","Brouillard"
"2002-11-20 23:00","2002","11","20","23:00"," ","2,20","","1,90","","98,00","","0,00","","0,00","","3,20","","100,91","","","","","","Brouillard"
"2002-11-21 00:00","2002","11","21","00:00"," ","1,30","","1,10","","99,00","","0,00","","0,00","","3,20","","100,92","","","","","","Brouillard"
"2002-11-21 01:00","2002","11","21","01:00"," ","1,40","","1,10","","98,00","","0,00","","0,00","","1,60","","100,93","","","","","","Brouillard"
"2002-11-21 02:00","2002","11","21","02:00"," ","0,20","","-0,80","","93,00","","0,00","","0,00","","1,20","","100,92","","","","","","Brouillard"
"2002-11-21 03:00","2002","11","21","03:00"," ","-0,90","","-1,20","","98,00","","0,00","","0,00","","1,20","","100,94","","","","","","Brouillard"
"2002-11-21 04:00","2002","11","21","04:00"," ","-1,20","","-1,70","","96,00","","0,00","","0,00","","1,20","","100,95","","","","","","Brouillard"
"2002-11-21 05:00","2002","11","21","05:00"," ","-1,60","","-2,10","","96,00","","0,00","","0,00","","0,40","","100,92","","","","","","Brouillard verglaçant"
"2002-11-21 06:00","2002","11","21","06:00"," ","-2,20","","-3,00","","94,00","","0,00","","0,00","","1,00","","100,94","","","","","","Brouillard"
"2002-11-21 07:00","2002","11","21","07:00"," ","-1,60","","-2,20","","96,00","","0,00","","0,00","","0,40","","100,97","","","","","","Brouillard verglaçant"
"2002-11-21 08:00","2002","11","21","08:00"," ","-1,40","","-2,10","","95,00","","0,00","","0,00","","0,60","","101,01","","","","","","Brouillard verglaçant"
"2002-11-21 09:00","2002","11","21","09:00"," ","-0,10","","-0,40","","98,00","","0,00","","0,00","","11,30","","100,99","","","","","","Nuageux"
"2002-11-21 10:00","2002","11","21","10:00"," ","2,00","","1,90","","99,00","","4,00","","4,00","","12,90","","100,95","","","","","","Nuageux"
"2002-11-21 11:00","2002","11","21","11:00"," ","4,60","","4,40","","99,00","","8,00","","4,00","","16,10","","100,91","","","","","","Nuageux"
"2002-11-21 12:00","2002","11","21","12:00"," ","6,50","","5,40","","93,00","","13,00","","9,00","","19,30","","100,84","","","","","","Nuageux"
"2002-11-21 13:00","2002","11","21","13:00"," ","7,30","","5,50","","88,00","","11,00","","9,00","","19,30","","100,68","","","","","","Nuageux"
"2002-11-21 14:00","2002","11","21","14:00"," ","7,20","","5,70","","90,00","","12,00","","11,00","","19,30","","100,66","","","","","","Nuageux"
"2002-11-21 15:00","2002","11","21","15:00"," ","7,30","","4,70","","84,00","","16,00","","7,00","","19,30","","100,67","","","","","","Nuageux"
"2002-11-21 16:00","2002","11","21","16:00"," ","6,90","","4,40","","84,00","","14,00","","6,00","","24,10","","100,61","","","","","","Nuageux"
"2002-11-21 17:00","2002","11","21","17:00"," ","5,40","","4,00","","91,00","","9,00","","4,00","","24,10","","100,61","","","","","","Nuageux"
"2002-11-21 18:00","2002","11","21","18:00"," ","5,10","","4,20","","94,00","","3,00","","7,00","","24,10","","100,53","","","","","","Nuageux"
"2002-11-21 19:00","2002","11","21","19:00"," ","5,00","","4,10","","94,00","","10,00","","6,00","","24,10","","100,50","","","","","","Généralement nuageux"
"2002-11-21 20:00","2002","11","21","20:00"," ","5,30","","4,60","","95,00","","9,00","","6,00","","16,10","","100,51","","","","","","Nuageux"
"2002-11-21 21:00","2002","11","21","21:00"," ","6,20","","5,40","","95,00","","12,00","","11,00","","8,00","","100,40","","","","","","Brouillard"
"2002-11-21 22:00","2002","11","21","22:00"," ","6,10","","5,50","","96,00","","10,00","","9,00","","8,00","","100,36","","","","","","Brouillard"
"2002-11-21 23:00","2002","11","21","23:00"," ","5,90","","5,40","","97,00","","0,00","","0,00","","3,20","","100,29","","","","","","Brouillard"
"2002-11-22 00:00","2002","11","22","00:00"," ","5,70","","5,20","","97,00","","0,00","","0,00","","3,20","","100,20","","","","","","Brouillard"
"2002-11-22 01:00","2002","11","22","01:00"," ","5,70","","4,80","","94,00","","10,00","","11,00","","4,80","","100,09","","","","","","Brouillard"
"2002-11-22 02:00","2002","11","22","02:00"," ","5,70","","4,70","","93,00","","10,00","","9,00","","6,40","","100,01","","","","","","Brouillard"
"2002-11-22 03:00","2002","11","22","03:00"," ","5,80","","4,90","","94,00","","9,00","","13,00","","6,40","","99,92","","","","","","Brouillard"
"2002-11-22 04:00","2002","11","22","04:00"," ","5,80","","5,30","","97,00","","7,00","","7,00","","4,80","","99,80","","","","","","Brouillard"
"2002-11-22 05:00","2002","11","22","05:00"," ","5,80","","5,30","","97,00","","5,00","","7,00","","6,40","","99,77","","","","","","Brouillard"
"2002-11-22 06:00","2002","11","22","06:00"," ","5,90","","5,40","","97,00","","2,00","","6,00","","6,40","","99,68","","","","","","Brouillard"
"2002-11-22 07:00","2002","11","22","07:00"," ","5,80","","5,20","","96,00","","3,00","","7,00","","6,40","","99,62","","","","","","Brouillard"
"2002-11-22 08:00","2002","11","22","08:00"," ","5,80","","5,40","","97,00","","1,00","","13,00","","4,80","","99,59","","","","","","Averses de pluie,Brouillard"
"2002-11-22 09:00","2002","11","22","09:00"," ","5,30","","4,90","","97,00","","1,00","","11,00","","3,20","","99,50","","","","","","Averses de pluie,Brouillard"
"2002-11-22 10:00","2002","11","22","10:00"," ","4,20","","3,80","","97,00","","5,00","","9,00","","2,40","","99,44","","","","","","Brouillard"
"2002-11-22 11:00","2002","11","22","11:00"," ","5,20","","4,70","","97,00","","4,00","","6,00","","3,20","","99,28","","","","","","Brouillard"
"2002-11-22 12:00","2002","11","22","12:00"," ","5,90","","5,50","","97,00","","1,00","","9,00","","2,40","","99,18","","","","","","Averses de pluie,Brouillard"
"2002-11-22 13:00","2002","11","22","13:00"," ","5,10","","4,70","","97,00","","2,00","","15,00","","3,20","","99,04","","","","","","Averses de pluie,Brouillard"
"2002-11-22 14:00","2002","11","22","14:00"," ","4,50","","4,00","","97,00","","36,00","","22,00","","3,20","","98,96","","","","","","Averses de pluie,Brouillard"
"2002-11-22 15:00","2002","11","22","15:00"," ","4,60","","4,10","","97,00","","1,00","","13,00","","4,80","","98,91","","","","","","Averses de pluie,Brouillard"
"2002-11-22 16:00","2002","11","22","16:00"," ","4,80","","4,10","","95,00","","1,00","","19,00","","4,80","","98,88","","","","","","Averses de pluie,Brouillard"
"2002-11-22 17:00","2002","11","22","17:00"," ","4,80","","4,30","","97,00","","1,00","","9,00","","6,40","","98,84","","","","","","Averses de pluie,Brouillard"
"2002-11-22 18:00","2002","11","22","18:00"," ","4,80","","4,20","","96,00","","5,00","","20,00","","6,40","","98,64","","","","","","Averses de pluie,Brouillard"
"2002-11-22 19:00","2002","11","22","19:00"," ","5,20","","4,80","","97,00","","36,00","","9,00","","11,30","","98,56","","","","","","Averses de pluie"
"2002-11-22 20:00","2002","11","22","20:00"," ","5,50","","4,90","","96,00","","3,00","","15,00","","11,30","","98,46","","","","","","Pluie"
"2002-11-22 21:00","2002","11","22","21:00"," ","7,20","","7,00","","99,00","","10,00","","11,00","","9,70","","98,50","","","","","","Pluie"
"2002-11-22 22:00","2002","11","22","22:00"," ","7,70","","7,40","","98,00","","8,00","","17,00","","8,00","","98,28","","","","","","Pluie,Brouillard"
"2002-11-22 23:00","2002","11","22","23:00"," ","5,60","","5,20","","97,00","","2,00","","9,00","","8,00","","98,17","","","","","","Pluie,Brouillard"
"2002-11-23 00:00","2002","11","23","00:00"," ","7,60","","7,40","","99,00","","0,00","","0,00","","6,40","","98,09","","","","","","Brouillard"
"2002-11-23 01:00","2002","11","23","01:00"," ","9,10","","8,80","","98,00","","16,00","","15,00","","4,80","","97,96","","","","","","Averses de pluie,Brouillard"
"2002-11-23 02:00","2002","11","23","02:00"," ","9,70","","9,30","","97,00","","11,00","","22,00","","9,70","","97,86","","","","","","Averses de pluie"
"2002-11-23 03:00","2002","11","23","03:00"," ","10,20","","9,90","","98,00","","17,00","","7,00","","2,40","","97,76","","","","","","Brouillard"
"2002-11-23 04:00","2002","11","23","04:00"," ","10,50","","10,10","","97,00","","15,00","","11,00","","1,60","","97,69","","","","","","Brouillard"
"2002-11-23 05:00","2002","11","23","05:00"," ","10,50","","10,20","","98,00","","18,00","","17,00","","0,40","","97,56","","","","","","Brouillard"
"2002-11-23 06:00","2002","11","23","06:00"," ","10,50","","10,20","","98,00","","18,00","","17,00","","0,40","","97,56","","","","","","Brouillard"
"2002-11-23 07:00","2002","11","23","07:00"," ","9,80","","9,60","","99,00","","17,00","","19,00","","0,40","","97,40","","","","","","Brouillard"
"2002-11-23 08:00","2002","11","23","08:00"," ","9,80","","9,50","","98,00","","18,00","","17,00","","0,60","","97,34","","","","","","Averses de pluie,Brouillard"
"2002-11-23 09:00","2002","11","23","09:00"," ","9,60","","9,20","","97,00","","21,00","","35,00","","9,70","","97,29","","","","","","Brouillard"
"2002-11-23 10:00","2002","11","23","10:00"," ","9,10","","8,40","","95,00","","21,00","","37,00","","12,90","","97,23","","","","","","Nuageux"
"2002-11-23 11:00","2002","11","23","11:00"," ","9,20","","7,00","","86,00","","23,00","","24,00","","19,30","","97,20","","","","","","Généralement nuageux"
"2002-11-23 12:00","2002","11","23","12:00"," ","8,90","","5,20","","78,00","","22,00","","28,00","","24,10","","97,04","","","","","","Généralement nuageux"
"2002-11-23 13:00","2002","11","23","13:00"," ","8,70","","4,30","","74,00","","21,00","","32,00","","24,10","","96,88","","","","","","Généralement nuageux"
"2002-11-23 14:00","2002","11","23","14:00"," ","6,00","","4,40","","89,00","","21,00","","24,00","","24,10","","96,80","","","","","","Généralement nuageux"
"2002-11-23 15:00","2002","11","23","15:00"," ","5,30","","4,40","","94,00","","22,00","","19,00","","24,10","","96,74","","","","","","Averses de pluie"
"2002-11-23 16:00","2002","11","23","16:00"," ","5,70","","4,40","","91,00","","27,00","","11,00","","24,10","","96,75","","","","","","Nuageux"
"2002-11-23 17:00","2002","11","23","17:00"," ","5,00","","4,10","","94,00","","27,00","","41,00","","9,70","","96,75","","","","","","Averses de pluie,Brouillard"
"2002-11-23 18:00","2002","11","23","18:00"," ","2,40","","0,10","","85,00","","30,00","","30,00","","9,70","","96,92","","","","","","Averses de pluie,Brouillard"
"2002-11-23 19:00","2002","11","23","19:00"," ","2,00","","-0,30","","85,00","","29,00","","30,00","","16,10","","97,12","","","","","","Nuageux"
"2002-11-23 20:00","2002","11","23","20:00"," ","2,40","","-0,10","","84,00","","29,00","","33,00","","19,30","","97,26","","","","","","Averses de pluie"
"2002-11-23 21:00","2002","11","23","21:00"," ","2,60","","-0,30","","81,00","","28,00","","33,00","","19,30","","97,38","","","","","","Averses de pluie"
"2002-11-23 22:00","2002","11","23","22:00"," ","2,20","","-2,10","","73,00","","29,00","","41,00","","24,10","","97,54","","","","","","Nuageux"
"2002-11-23 23:00","2002","11","23","23:00"," ","1,70","","-3,30","","69,00","","29,00","","30,00","","24,10","","97,69","","","","","","Nuageux"
"2002-11-24 00:00","2002","11","24","00:00"," ","1,00","","-3,30","","73,00","","27,00","","37,00","","24,10","","97,80","","","","","","Nuageux"
"2002-11-24 01:00","2002","11","24","01:00"," ","0,40","","-4,40","","70,00","","28,00","","37,00","","24,10","","97,85","","","","","","Nuageux"
"2002-11-24 02:00","2002","11","24","02:00"," ","0,10","","-5,10","","68,00","","28,00","","37,00","","24,10","","97,91","","","","","","Nuageux"
"2002-11-24 03:00","2002","11","24","03:00"," ","-0,30","","-5,90","","66,00","","26,00","","41,00","","24,10","","97,98","","","","-8,00","","Nuageux"
"2002-11-24 04:00","2002","11","24","04:00"," ","-0,80","","-6,50","","65,00","","27,00","","30,00","","24,10","","98,00","","","","-8,00","","Généralement dégagé"
"2002-11-24 05:00","2002","11","24","05:00"," ","-1,00","","-6,50","","66,00","","26,00","","30,00","","24,10","","98,04","","","","-8,00","","Généralement dégagé"
"2002-11-24 06:00","2002","11","24","06:00"," ","-0,80","","-6,70","","64,00","","27,00","","30,00","","24,10","","98,00","","","","-8,00","","Généralement nuageux"
"2002-11-24 07:00","2002","11","24","07:00"," ","-1,00","","-6,70","","65,00","","27,00","","39,00","","24,10","","97,95","","","","-9,00","","Généralement dégagé"
"2002-11-24 08:00","2002","11","24","08:00"," ","-1,30","","-7,00","","65,00","","27,00","","19,00","","24,10","","98,07","","","","-7,00","","Généralement dégagé"
"2002-11-24 09:00","2002","11","24","09:00"," ","-0,90","","-6,70","","65,00","","28,00","","32,00","","24,10","","98,16","","","","-8,00","","Généralement dégagé"
"2002-11-24 10:00","2002","11","24","10:00"," ","-0,20","","-6,80","","61,00","","28,00","","32,00","","24,10","","98,18","","","","-7,00","","Généralement dégagé"
"2002-11-24 11:00","2002","11","24","11:00"," ","0,80","","-6,90","","56,00","","27,00","","24,00","","24,10","","98,16","","","","","","Généralement dégagé"
"2002-11-24 12:00","2002","11","24","12:00"," ","2,30","","-6,90","","51,00","","27,00","","37,00","","24,10","","98,08","","","","","","Généralement dégagé"
"2002-11-24 13:00","2002","11","24","13:00"," ","3,30","","-6,90","","47,00","","28,00","","35,00","","24,10","","98,08","","","","","","Généralement dégagé"
"2002-11-24 14:00","2002","11","24","14:00"," ","3,80","","-7,50","","43,00","","28,00","","41,00","","24,10","","98,09","","","","","","Généralement dégagé"
"2002-11-24 15:00","2002","11","24","15:00"," ","3,30","","-7,60","","45,00","","29,00","","44,00","","24,10","","98,20","","","","","","Généralement nuageux"
"2002-11-24 16:00","2002","11","24","16:00"," ","2,60","","-7,70","","47,00","","30,00","","39,00","","24,10","","98,34","","","","","","Généralement nuageux"
"2002-11-24 17:00","2002","11","24","17:00"," ","1,80","","-7,50","","50,00","","30,00","","41,00","","24,10","","98,51","","","","","","Généralement nuageux"
"2002-11-24 18:00","2002","11","24","18:00"," ","1,20","","-7,40","","53,00","","29,00","","37,00","","24,10","","98,66","","","","","","Généralement nuageux"
"2002-11-24 19:00","2002","11","24","19:00"," ","0,80","","-7,30","","55,00","","29,00","","37,00","","24,10","","98,83","","","","","","Nuageux"
"2002-11-24 20:00","2002","11","24","20:00"," ","0,50","","-7,30","","56,00","","29,00","","37,00","","24,10","","98,93","","","","","","Nuageux"
"2002-11-24 21:00","2002","11","24","21:00"," ","0,40","","-7,40","","56,00","","30,00","","32,00","","24,10","","99,03","","","","","","Nuageux"
"2002-11-24 22:00","2002","11","24","22:00"," ","0,10","","-7,40","","57,00","","30,00","","39,00","","24,10","","99,08","","","","","","Nuageux"
"2002-11-24 23:00","2002","11","24","23:00"," ","-0,30","","-7,30","","59,00","","29,00","","39,00","","24,10","","99,19","","","","-8,00","","Généralement nuageux"
"2002-11-25 00:00","2002","11","25","00:00"," ","-0,30","","-7,30","","59,00","","30,00","","33,00","","24,10","","99,34","","","","-7,00","","Généralement nuageux"
"2002-11-25 01:00","2002","11","25","01:00"," ","-0,30","","-7,20","","60,00","","28,00","","19,00","","24,10","","99,48","","","","-5,00","","Nuageux"
"2002-11-25 02:00","2002","11","25","02:00"," ","-0,50","","-7,10","","61,00","","30,00","","26,00","","24,10","","99,55","","","","-7,00","","Nuageux"
"2002-11-25 03:00","2002","11","25","03:00"," ","-0,70","","-7,00","","62,00","","29,00","","26,00","","24,10","","99,68","","","","-7,00","","Généralement nuageux"
"2002-11-25 04:00","2002","11","25","04:00"," ","-0,60","","-6,80","","63,00","","29,00","","26,00","","24,10","","99,80","","","","-7,00","","Nuageux"
"2002-11-25 05:00","2002","11","25","05:00"," ","-0,70","","-6,80","","63,00","","29,00","","30,00","","24,10","","99,91","","","","-7,00","","Généralement nuageux"
"2002-11-25 06:00","2002","11","25","06:00"," ","-1,00","","-6,90","","64,00","","31,00","","24,00","","24,10","","99,93","","","","-7,00","","Généralement dégagé"
"2002-11-25 07:00","2002","11","25","07:00"," ","-1,30","","-7,00","","65,00","","31,00","","32,00","","24,10","","100,00","","","","-8,00","","Généralement dégagé"
"2002-11-25 08:00","2002","11","25","08:00"," ","-1,30","","-6,80","","66,00","","31,00","","28,00","","24,10","","100,00","","","","-8,00","","Généralement dégagé"
"2002-11-25 09:00","2002","11","25","09:00"," ","-0,50","","-6,80","","62,00","","30,00","","15,00","","24,10","","100,11","","","","-5,00","","Généralement dégagé"
"2002-11-25 10:00","2002","11","25","10:00"," ","0,60","","-6,20","","60,00","","29,00","","17,00","","24,10","","100,16","","","","","","Généralement dégagé"
"2002-11-25 11:00","2002","11","25","11:00"," ","1,50","","-6,00","","57,00","","31,00","","22,00","","24,10","","100,21","","","","","","Généralement dégagé"
"2002-11-25 12:00","2002","11","25","12:00"," ","2,00","","-5,80","","56,00","","31,00","","28,00","","24,10","","100,18","","","","","","Généralement dégagé"
"2002-11-25 13:00","2002","11","25","13:00"," ","2,80","","-5,80","","53,00","","29,00","","22,00","","24,10","","100,20","","","","","","Généralement dégagé"
"2002-11-25 14:00","2002","11","25","14:00"," ","3,20","","-5,80","","52,00","","29,00","","17,00","","24,10","","100,22","","","","","","Généralement dégagé"
"2002-11-25 15:00","2002","11","25","15:00"," ","3,20","","-5,80","","52,00","","26,00","","13,00","","24,10","","100,25","","","","","","Généralement dégagé"
"2002-11-25 16:00","2002","11","25","16:00"," ","2,90","","-5,70","","53,00","","29,00","","11,00","","24,10","","100,31","","","","","","Généralement dégagé"
"2002-11-25 17:00","2002","11","25","17:00"," ","1,30","","-5,80","","59,00","","28,00","","15,00","","24,10","","100,40","","","","","","Généralement dégagé"
"2002-11-25 18:00","2002","11","25","18:00"," ","0,10","","-6,00","","63,00","","30,00","","13,00","","24,10","","100,50","","","","","","Généralement dégagé"
"2002-11-25 19:00","2002","11","25","19:00"," ","-1,00","","-6,00","","69,00","","27,00","","6,00","","24,10","","100,58","","","","-3,00","","Dégagé"
"2002-11-25 20:00","2002","11","25","20:00"," ","-2,30","","-6,20","","75,00","","30,00","","6,00","","24,10","","100,60","","","","-5,00","","Dégagé"
"2002-11-25 21:00","2002","11","25","21:00"," ","-3,40","","-5,90","","83,00","","32,00","","4,00","","24,10","","100,66","","","","-5,00","","Dégagé"
"2002-11-25 22:00","2002","11","25","22:00"," ","-4,30","","-6,70","","83,00","","25,00","","6,00","","24,10","","100,71","","","","-7,00","","Dégagé"
"2002-11-25 23:00","2002","11","25","23:00"," ","-2,60","","-6,20","","76,00","","29,00","","4,00","","24,10","","100,72","","","","-4,00","","Dégagé"
"2002-11-26 00:00","2002","11","26","00:00"," ","-3,00","","-6,70","","76,00","","29,00","","6,00","","24,10","","100,77","","","","-5,00","","Dégagé"
"2002-11-26 01:00","2002","11","26","01:00"," ","-3,40","","-6,90","","77,00","","27,00","","7,00","","24,10","","100,78","","","","-6,00","","Dégagé"
"2002-11-26 02:00","2002","11","26","02:00"," ","-4,20","","-7,20","","80,00","","31,00","","6,00","","24,10","","100,75","","","","-7,00","","Généralement dégagé"
"2002-11-26 03:00","2002","11","26","03:00"," ","-3,50","","-6,40","","80,00","","32,00","","11,00","","24,10","","100,72","","","","-8,00","","Généralement nuageux"
"2002-11-26 04:00","2002","11","26","04:00"," ","-2,60","","-6,60","","74,00","","30,00","","7,00","","24,10","","100,77","","","","-5,00","","Nuageux"
"2002-11-26 05:00","2002","11","26","05:00"," ","-2,50","","-6,10","","76,00","","28,00","","4,00","","24,10","","100,76","","","","-4,00","","Nuageux"
"2002-11-26 06:00","2002","11","26","06:00"," ","-2,30","","-6,60","","72,00","","32,00","","6,00","","24,10","","100,79","","","","-5,00","","Nuageux"
"2002-11-26 07:00","2002","11","26","07:00"," ","-2,20","","-7,40","","67,00","","34,00","","13,00","","24,10","","100,81","","","","-7,00","","Nuageux"
"2002-11-26 08:00","2002","11","26","08:00"," ","-2,20","","-7,30","","68,00","","33,00","","7,00","","24,10","","100,85","","","","-5,00","","Nuageux"
"2002-11-26 09:00","2002","11","26","09:00"," ","-2,10","","-7,10","","69,00","","33,00","","7,00","","24,10","","100,86","","","","-5,00","","Nuageux"
"2002-11-26 10:00","2002","11","26","10:00"," ","-1,60","","-7,50","","64,00","","34,00","","9,00","","24,10","","100,86","","","","-5,00","","Nuageux"
"2002-11-26 11:00","2002","11","26","11:00"," ","-1,10","","-7,60","","61,00","","36,00","","11,00","","24,10","","100,84","","","","-5,00","","Nuageux"
"2002-11-26 12:00","2002","11","26","12:00"," ","0,20","","-8,30","","53,00","","33,00","","11,00","","24,10","","100,81","","","","","","Nuageux"
"2002-11-26 13:00","2002","11","26","13:00"," ","0,60","","-8,10","","52,00","","34,00","","17,00","","24,10","","100,76","","","","","","Généralement nuageux"
"2002-11-26 14:00","2002","11","26","14:00"," ","1,10","","-8,40","","49,00","","32,00","","15,00","","24,10","","100,73","","","","","","Généralement nuageux"
"2002-11-26 15:00","2002","11","26","15:00"," ","1,90","","-8,30","","47,00","","32,00","","9,00","","24,10","","100,71","","","","","","Généralement dégagé"
"2002-11-26 16:00","2002","11","26","16:00"," ","1,80","","-8,40","","47,00","","30,00","","9,00","","24,10","","100,71","","","","","","Généralement dégagé"
"2002-11-26 17:00","2002","11","26","17:00"," ","-0,80","","-8,10","","58,00","","30,00","","7,00","","24,10","","100,72","","","","-3,00","","Généralement dégagé"
"2002-11-26 18:00","2002","11","26","18:00"," ","-3,50","","-7,00","","77,00","","0,00","","0,00","","24,10","","100,72","","","","","","Généralement dégagé"
"2002-11-26 19:00","2002","11","26","19:00"," ","-4,20","","-7,00","","81,00","","0,00","","0,00","","24,10","","100,73","","","","","","Dégagé"
"2002-11-26 20:00","2002","11","26","20:00"," ","-3,60","","-6,40","","81,00","","30,00","","6,00","","24,10","","100,72","","","","-6,00","","Dégagé"
"2002-11-26 21:00","2002","11","26","21:00"," ","-2,70","","-7,10","","72,00","","31,00","","11,00","","24,10","","100,78","","","","-7,00","","Dégagé"
"2002-11-26 22:00","2002","11","26","22:00"," ","-2,00","","-7,70","","65,00","","29,00","","6,00","","24,10","","100,83","","","","-4,00","","Dégagé"
"2002-11-26 23:00","2002","11","26","23:00"," ","-4,30","","-7,90","","76,00","","33,00","","11,00","","24,10","","100,76","","","","-9,00","","Dégagé"
"2002-11-27 00:00","2002","11","27","00:00"," ","-3,40","","-8,30","","69,00","","32,00","","13,00","","24,10","","100,72","","","","-8,00","","Dégagé"
"2002-11-27 01:00","2002","11","27","01:00"," ","-4,50","","-8,50","","74,00","","31,00","","13,00","","24,10","","100,67","","","","-10,00","","Dégagé"
"2002-11-27 02:00","2002","11","27","02:00"," ","-6,10","","-9,00","","80,00","","36,00","","7,00","","24,10","","100,64","","","","-9,00","","Généralement nuageux"
"2002-11-27 03:00","2002","11","27","03:00"," ","-6,10","","-8,80","","81,00","","36,00","","4,00","","24,10","","100,63","","","","-8,00","","Généralement nuageux"
"2002-11-27 04:00","2002","11","27","04:00"," ","-6,20","","-8,70","","82,00","","35,00","","11,00","","24,10","","100,62","","","","-11,00","","Généralement nuageux"
"2002-11-27 05:00","2002","11","27","05:00"," ","-5,10","","-7,90","","81,00","","0,00","","0,00","","24,10","","100,60","","","","","","Généralement nuageux"
"2002-11-27 06:00","2002","11","27","06:00"," ","-6,20","","-8,50","","84,00","","0,00","","0,00","","24,10","","100,55","","","","","","Généralement nuageux"
"2002-11-27 07:00","2002","11","27","07:00"," ","-5,40","","-7,60","","84,00","","30,00","","4,00","","24,10","","100,59","","","","-7,00","","Généralement nuageux"
"2002-11-27 08:00","2002","11","27","08:00"," ","-4,90","","-8,00","","79,00","","0,00","","0,00","","24,10","","100,57","","","","","","Nuageux"
"2002-11-27 09:00","2002","11","27","09:00"," ","-4,30","","-7,50","","78,00","","0,00","","0,00","","16,10","","100,56","","","","","","Nuageux"
"2002-11-27 10:00","2002","11","27","10:00"," ","-4,60","","-6,60","","86,00","","34,00","","7,00","","1,60","","100,48","","","","-8,00","","Averses de neige"
"2002-11-27 11:00","2002","11","27","11:00"," ","-3,90","","-6,80","","80,00","","0,00","","0,00","","24,10","","100,39","","","","","","Nuageux"
"2002-11-27 12:00","2002","11","27","12:00"," ","-3,20","","-8,10","","69,00","","32,00","","9,00","","24,10","","100,24","","","","-7,00","","Nuageux"
"2002-11-27 13:00","2002","11","27","13:00"," ","-3,10","","-7,60","","71,00","","32,00","","9,00","","24,10","","100,13","","","","-7,00","","Nuageux"
"2002-11-27 14:00","2002","11","27","14:00"," ","-2,80","","-9,00","","62,00","","1,00","","9,00","","24,10","","100,00","","","","-6,00","","Nuageux"
"2002-11-27 15:00","2002","11","27","15:00"," ","-2,60","","-9,60","","59,00","","34,00","","15,00","","24,10","","99,94","","","","-8,00","","Généralement nuageux"
"2002-11-27 16:00","2002","11","27","16:00"," ","-2,50","","-9,50","","59,00","","35,00","","19,00","","24,10","","99,86","","","","-8,00","","Généralement nuageux"
"2002-11-27 17:00","2002","11","27","17:00"," ","-3,20","","-10,00","","59,00","","35,00","","19,00","","24,10","","99,76","","","","-9,00","","Généralement nuageux"
"2002-11-27 18:00","2002","11","27","18:00"," ","-3,60","","-10,50","","59,00","","34,00","","20,00","","24,10","","99,75","","","","-10,00","","Généralement nuageux"
"2002-11-27 19:00","2002","11","27","19:00"," ","-3,90","","-11,00","","58,00","","35,00","","15,00","","24,10","","99,65","","","","-9,00","","Nuageux"
"2002-11-27 20:00","2002","11","27","20:00"," ","-4,40","","-11,60","","57,00","","35,00","","24,00","","24,10","","99,63","","","","-11,00","","Nuageux"
"2002-11-27 21:00","2002","11","27","21:00"," ","-5,80","","-12,10","","61,00","","36,00","","26,00","","24,10","","99,60","","","","-14,00","","Dégagé"
"2002-11-27 22:00","2002","11","27","22:00"," ","-6,60","","-12,20","","64,00","","35,00","","26,00","","24,10","","99,54","","","","-15,00","","Dégagé"
"2002-11-27 23:00","2002","11","27","23:00"," ","-6,90","","-12,10","","66,00","","33,00","","19,00","","24,10","","99,54","","","","-14,00","","Généralement nuageux"
"2002-11-28 00:00","2002","11","28","00:00"," ","-6,50","","-11,60","","67,00","","34,00","","19,00","","24,10","","99,51","","","","-13,00","","Généralement nuageux"
"2002-11-28 01:00","2002","11","28","01:00"," ","-6,50","","-11,80","","66,00","","32,00","","19,00","","24,10","","99,47","","","","-13,00","","Généralement nuageux"
"2002-11-28 02:00","2002","11","28","02:00"," ","-6,40","","-11,60","","67,00","","31,00","","20,00","","24,10","","99,44","","","","-13,00","","Généralement nuageux"
"2002-11-28 03:00","2002","11","28","03:00"," ","-6,30","","-11,50","","67,00","","32,00","","24,00","","24,10","","99,44","","","","-14,00","","Généralement nuageux"
"2002-11-28 04:00","2002","11","28","04:00"," ","-6,80","","-11,60","","69,00","","31,00","","26,00","","24,10","","99,44","","","","-15,00","","Généralement nuageux"
"2002-11-28 05:00","2002","11","28","05:00"," ","-6,90","","-11,80","","68,00","","30,00","","17,00","","24,10","","99,44","","","","-13,00","","Généralement nuageux"
"2002-11-28 06:00","2002","11","28","06:00"," ","-7,40","","-12,40","","67,00","","30,00","","22,00","","24,10","","99,45","","","","-15,00","","Généralement dégagé"
"2002-11-28 07:00","2002","11","28","07:00"," ","-8,20","","-12,60","","71,00","","31,00","","15,00","","24,10","","99,42","","","","-15,00","","Généralement dégagé"
"2002-11-28 08:00","2002","11","28","08:00"," ","-8,80","","-12,60","","74,00","","30,00","","15,00","","24,10","","99,44","","","","-15,00","","Généralement dégagé"
"2002-11-28 09:00","2002","11","28","09:00"," ","-8,40","","-13,00","","69,00","","30,00","","24,00","","24,10","","99,43","","","","-17,00","","Généralement dégagé"
"2002-11-28 10:00","2002","11","28","10:00"," ","-7,80","","-14,80","","57,00","","32,00","","35,00","","24,10","","99,40","","","","-17,00","","Généralement dégagé"
"2002-11-28 11:00","2002","11","28","11:00"," ","-7,20","","-15,30","","52,00","","30,00","","28,00","","24,10","","99,34","","","","-16,00","","Généralement dégagé"
"2002-11-28 12:00","2002","11","28","12:00"," ","-6,60","","-15,90","","48,00","","32,00","","33,00","","24,10","","99,21","","","","-15,00","","Généralement dégagé"
"2002-11-28 13:00","2002","11","28","13:00"," ","-6,20","","-15,90","","46,00","","31,00","","24,00","","24,10","","99,17","","","","-14,00","","Généralement dégagé"
"2002-11-28 14:00","2002","11","28","14:00"," ","-5,80","","-16,00","","44,00","","30,00","","30,00","","24,10","","99,12","","","","-14,00","","Dégagé"
"2002-11-28 15:00","2002","11","28","15:00"," ","-5,40","","-16,20","","42,00","","30,00","","26,00","","24,10","","99,10","","","","-13,00","","Dégagé"
"2002-11-28 16:00","2002","11","28","16:00"," ","-5,70","","-16,50","","42,00","","30,00","","28,00","","24,10","","99,10","","","","-14,00","","Dégagé"
"2002-11-28 17:00","2002","11","28","17:00"," ","-6,50","","-16,80","","44,00","","29,00","","24,00","","24,10","","99,12","","","","-14,00","","Dégagé"
"2002-11-28 18:00","2002","11","28","18:00"," ","-6,80","","-16,90","","44,00","","30,00","","19,00","","24,10","","99,18","","","","-14,00","","Dégagé"
"2002-11-28 19:00","2002","11","28","19:00"," ","-7,10","","-16,60","","47,00","","30,00","","22,00","","24,10","","99,20","","","","-15,00","","Dégagé"
"2002-11-28 20:00","2002","11","28","20:00"," ","-7,30","","-16,30","","49,00","","31,00","","19,00","","24,10","","99,22","","","","-14,00","","Dégagé"
"2002-11-28 21:00","2002","11","28","21:00"," ","-7,70","","-16,60","","49,00","","31,00","","20,00","","24,10","","99,22","","","","-15,00","","Dégagé"
"2002-11-28 22:00","2002","11","28","22:00"," ","-8,30","","-16,40","","52,00","","30,00","","22,00","","24,10","","99,21","","","","-16,00","","Dégagé"
"2002-11-28 23:00","2002","11","28","23:00"," ","-8,50","","-16,20","","54,00","","31,00","","19,00","","24,10","","99,19","","","","-16,00","","Dégagé"
"2002-11-29 00:00","2002","11","29","00:00"," ","-9,00","","-15,80","","58,00","","29,00","","19,00","","24,10","","99,18","","","","-16,00","","Généralement dégagé"
"2002-11-29 01:00","2002","11","29","01:00"," ","-9,30","","-15,80","","59,00","","29,00","","19,00","","24,10","","99,19","","","","-17,00","","Généralement dégagé"
"2002-11-29 02:00","2002","11","29","02:00"," ","-9,40","","-15,80","","60,00","","30,00","","22,00","","24,10","","99,16","","","","-17,00","","Généralement dégagé"
"2002-11-29 03:00","2002","11","29","03:00"," ","-9,70","","-15,70","","62,00","","29,00","","13,00","","24,10","","99,24","","","","-16,00","","Généralement dégagé"
"2002-11-29 04:00","2002","11","29","04:00"," ","-10,10","","-15,70","","64,00","","19,00","","15,00","","24,10","","99,25","","","","-17,00","","Généralement dégagé"
"2002-11-29 05:00","2002","11","29","05:00"," ","-10,20","","-15,50","","65,00","","29,00","","6,00","","24,10","","99,25","","","","-14,00","","Généralement dégagé"
"2002-11-29 06:00","2002","11","29","06:00"," ","-10,50","","-15,40","","67,00","","28,00","","11,00","","24,10","","99,27","","","","-16,00","","Dégagé"
"2002-11-29 07:00","2002","11","29","07:00"," ","-10,60","","-15,60","","67,00","","29,00","","20,00","","24,10","","99,31","","","","-19,00","","Généralement dégagé"
"2002-11-29 08:00","2002","11","29","08:00"," ","-10,70","","-15,60","","67,00","","29,00","","13,00","","24,10","","99,34","","","","-17,00","","Généralement dégagé"
"2002-11-29 09:00","2002","11","29","09:00"," ","-9,80","","-15,30","","64,00","","28,00","","7,00","","24,10","","99,38","","","","-14,00","","Dégagé"
"2002-11-29 10:00","2002","11","29","10:00"," ","-8,10","","-15,10","","57,00","","28,00","","15,00","","24,10","","99,40","","","","-14,00","","Dégagé"
"2002-11-29 11:00","2002","11","29","11:00"," ","-6,90","","-15,50","","50,00","","27,00","","15,00","","24,10","","99,43","","","","-13,00","","Généralement dégagé"
"2002-11-29 12:00","2002","11","29","12:00"," ","-5,40","","-15,50","","45,00","","25,00","","15,00","","24,10","","99,34","","","","-11,00","","Généralement nuageux"
"2002-11-29 13:00","2002","11","29","13:00"," ","-4,50","","-16,00","","40,00","","28,00","","11,00","","24,10","","99,26","","","","-9,00","","Généralement nuageux"
"2002-11-29 14:00","2002","11","29","14:00"," ","-3,40","","-15,60","","38,00","","21,00","","19,00","","24,10","","99,30","","","","-9,00","","Généralement nuageux"
"2002-11-29 15:00","2002","11","29","15:00"," ","-4,20","","-15,30","","42,00","","20,00","","9,00","","24,10","","99,23","","","","-8,00","","Généralement nuageux"
"2002-11-29 16:00","2002","11","29","16:00"," ","-4,00","","-11,30","","57,00","","11,00","","7,00","","24,10","","99,13","","","","-7,00","","Généralement nuageux"
"2002-11-29 17:00","2002","11","29","17:00"," ","-4,70","","-10,80","","62,00","","10,00","","6,00","","24,10","","99,08","","","","-7,00","","Généralement nuageux"
"2002-11-29 18:00","2002","11","29","18:00"," ","-3,90","","-9,10","","67,00","","13,00","","9,00","","24,10","","99,00","","","","-8,00","","Nuageux"
"2002-11-29 19:00","2002","11","29","19:00"," ","-1,80","","-4,50","","82,00","","15,00","","20,00","","2,40","","98,94","","","","-8,00","","Neige"
"2002-11-29 20:00","2002","11","29","20:00"," ","-1,80","","-2,90","","92,00","","15,00","","22,00","","1,20","","98,90","","","","-8,00","","Neige"
"2002-11-29 21:00","2002","11","29","21:00"," ","-0,80","","-2,20","","90,00","","13,00","","26,00","","1,60","","98,79","","","","-7,00","","Neige"
"2002-11-29 22:00","2002","11","29","22:00"," ","0,20","","-0,30","","96,00","","15,00","","28,00","","1,60","","98,64","","","","","","Neige"
"2002-11-29 23:00","2002","11","29","23:00"," ","0,40","","-0,30","","95,00","","16,00","","26,00","","1,60","","98,54","","","","","","Neige"
"2002-11-30 00:00","2002","11","30","00:00"," ","0,60","","0,00","","96,00","","16,00","","26,00","","1,60","","98,41","","","","","","Neige"
"2002-11-30 01:00","2002","11","30","01:00"," ","0,50","","0,10","","97,00","","18,00","","7,00","","3,20","","98,29","","","","","","Neige"
"2002-11-30 02:00","2002","11","30","02:00"," ","0,10","","0,00","","99,00","","21,00","","6,00","","1,60","","98,26","","","","","","Neige"
"2002-11-30 03:00","2002","11","30","03:00"," ","0,30","","-0,20","","96,00","","24,00","","7,00","","1,60","","98,26","","","","","","Neige"
"2002-11-30 04:00","2002","11","30","04:00"," ","0,30","","-0,30","","96,00","","25,00","","7,00","","1,60","","98,22","","","","","","Neige"
"2002-11-30 05:00","2002","11","30","05:00"," ","0,00","","-0,90","","94,00","","25,00","","15,00","","3,20","","98,18","","","","-4,00","","Neige"
"2002-11-30 06:00","2002","11","30","06:00"," ","0,00","","-1,00","","93,00","","0,00","","0,00","","2,40","","98,18","","","","","","Neige"
"2002-11-30 07:00","2002","11","30","07:00"," ","0,00","","-0,90","","94,00","","0,00","","0,00","","3,20","","98,21","","","","","","Neige"
"2002-11-30 08:00","2002","11","30","08:00"," ","0,10","","-1,20","","91,00","","26,00","","9,00","","4,80","","98,24","","","","","","Brouillard"
"2002-11-30 09:00","2002","11","30","09:00"," ","0,30","","-1,20","","90,00","","24,00","","9,00","","9,70","","98,28","","","","","","Brouillard"
"2002-11-30 10:00","2002","11","30","10:00"," ","0,50","","-0,80","","91,00","","31,00","","4,00","","9,70","","98,33","","","","","","Brouillard"
"2002-11-30 11:00","2002","11","30","11:00"," ","0,40","","-0,80","","92,00","","0,00","","0,00","","9,70","","98,33","","","","","","Brouillard"
"2002-11-30 12:00","2002","11","30","12:00"," ","0,80","","-0,60","","90,00","","0,00","","0,00","","8,00","","98,30","","","","","","Brouillard"
"2002-11-30 13:00","2002","11","30","13:00"," ","0,80","","-0,30","","92,00","","27,00","","6,00","","6,40","","98,28","","","","","","Brouillard"
"2002-11-30 14:00","2002","11","30","14:00"," ","0,80","","0,00","","94,00","","0,00","","0,00","","6,40","","98,26","","","","","","Brouillard"
"2002-11-30 15:00","2002","11","30","15:00"," ","0,80","","0,10","","95,00","","0,00","","0,00","","6,40","","98,21","","","","","","Brouillard"
"2002-11-30 16:00","2002","11","30","16:00"," ","0,80","","0,10","","95,00","","0,00","","0,00","","6,40","","98,21","","","","","","Brouillard"
"2002-11-30 17:00","2002","11","30","17:00"," ","1,20","","0,40","","94,00","","10,00","","4,00","","6,40","","98,18","","","","","","Brouillard"
"2002-11-30 18:00","2002","11","30","18:00"," ","1,60","","1,20","","97,00","","0,00","","0,00","","6,40","","98,16","","","","","","Brouillard"
"2002-11-30 19:00","2002","11","30","19:00"," ","2,60","","2,10","","96,00","","11,00","","17,00","","6,40","","98,13","","","","","","Brouillard"
"2002-11-30 20:00","2002","11","30","20:00"," ","3,10","","2,40","","95,00","","12,00","","15,00","","6,40","","98,12","","","","","","Brouillard"
"2002-11-30 21:00","2002","11","30","21:00"," ","3,10","","2,50","","96,00","","12,00","","9,00","","4,00","","98,05","","","","","","Brouillard"
"2002-11-30 22:00","2002","11","30","22:00"," ","1,90","","1,50","","97,00","","0,00","","0,00","","1,20","","97,96","","","","","","Brouillard"
"2002-11-30 23:00","2002","11","30","23:00"," ","3,10","","2,60","","97,00","","13,00","","7,00","","1,20","","97,88","","","","","","Brouillard"
