"Nom de la Station","DEER LAKE A"
"Province","NEWFOUNDLAND"
"Latitude","49,22"
"Longitude","-57,40"
"Altitude","21,90"
"Identification Climat","8401501"
"Identification OMM","71809"
"Identification TC","YDF"
"Toutes les heures sont exprimées en heure normale locale (HNL). Pour convertir l'heure locale en heure avancée de l'Est (HAE), ajoutez 1 heure s'il y a lieu."

"Légende"
"M","Données Manquantes"
"E","Valeur Estimée"
"ND","Non Disponible"
"**","Données fournies par un partenaire, non assujetties à un révision par les Archives climatiques nationales du Canada"

"Date/Heure","Année","Mois","Jour","Heure","Qualité des Données","Temp (°C)","Temp Indicateur","Point de rosée (°C)","Point de rosée Indicateur","Hum. rel (%)","Hum. rel. Indicateur","Dir. du vent (10s deg)","Dir. du vent Indicateur","Vit. du vent (km/h)","Vit. du vent Indicateur","Visibilité (km)","Visibilité Indicateur","Pression à la station (kPa)","Pression à la station Indicateur","Hmdx","Hmdx Indicateur","Refroid. éolien","Refroid. éolien Indicateur","Temps"
"1980-09-01 00:00","1980","09","01","00:00"," ","","","","","","","","","","","","","","","","","","",""
"1980-09-01 00:30","1980","09","01","00:30"," ","16,60","","16,00","","96,00","","22,00","","11,00","","12,90","","100,38","","","","","","Averses de pluie"
"1980-09-01 01:00","1980","09","01","01:00"," ","","","","","","","","","","","","","","","","","","",""
"1980-09-01 01:30","1980","09","01","01:30"," ","16,70","","16,10","","96,00","","23,00","","11,00","","12,90","","100,42","","","","","","Averses de pluie"
"1980-09-01 02:00","1980","09","01","02:00"," ","","","","","","","","","","","","","","","","","","",""
"1980-09-01 02:30","1980","09","01","02:30"," ","16,60","","16,00","","96,00","","22,00","","11,00","","12,90","","100,38","","","","","","Averses de pluie"
"1980-09-01 03:00","1980","09","01","03:00"," ","","","","","","","","","","","","","","","","","","",""
"1980-09-01 03:30","1980","09","01","03:30"," ","17,30","","16,20","","94,00","","23,00","","11,00","","16,10","","100,35","","","","","","Nuageux"
"1980-09-01 04:00","1980","09","01","04:00"," ","","","","","","","","","","","","","","","","","","",""
"1980-09-01 04:30","1980","09","01","04:30"," ","16,80","","15,60","","93,00","","23,00","","11,00","","16,10","","100,38","","","","","","Nuageux"
"1980-09-01 05:00","1980","09","01","05:00"," ","","","","","","","","","","","","","","","","","","",""
"1980-09-01 05:30","1980","09","01","05:30"," ","16,10","","15,30","","95,00","","23,00","","11,00","","9,70","","100,42","","","","","","Bruine,Brouillard"
"1980-09-01 06:00","1980","09","01","06:00"," ","","","","","","","","","","","","","","","","","","",""
"1980-09-01 06:30","1980","09","01","06:30"," ","15,70","","14,50","","92,00","","24,00","","22,00","","4,80","","100,48","","","","","","Brouillard"
"1980-09-01 07:00","1980","09","01","07:00"," ","","","","","","","","","","","","","","","","","","",""
"1980-09-01 07:30","1980","09","01","07:30"," ","15,40","","14,70","","96,00","","22,00","","22,00","","12,90","","100,55","","","","","","Généralement nuageux"
"1980-09-01 08:00","1980","09","01","08:00"," ","","","","","","","","","","","","","","","","","","",""
"1980-09-01 08:30","1980","09","01","08:30"," ","16,40","","14,70","","90,00","","22,00","","22,00","","24,10","","100,65","","","","","","Généralement nuageux"
"1980-09-01 09:00","1980","09","01","09:00"," ","","","","","","","","","","","","","","","","","","",""
"1980-09-01 09:30","1980","09","01","09:30"," ","17,90","","14,50","","81,00","","24,00","","22,00","","24,10","","100,72","","","","","","Généralement nuageux"
"1980-09-01 10:00","1980","09","01","10:00"," ","","","","","","","","","","","","","","","","","","",""
"1980-09-01 10:30","1980","09","01","10:30"," ","18,20","","14,20","","78,00","","22,00","","22,00","","24,10","","100,82","","","","","","Généralement nuageux"
"1980-09-01 11:00","1980","09","01","11:00"," ","","","","","","","","","","","","","","","","","","",""
"1980-09-01 11:30","1980","09","01","11:30"," ","18,30","","13,90","","76,00","","28,00","","20,00","","24,10","","100,79","","","","","","Généralement dégagé"
"1980-09-01 12:00","1980","09","01","12:00"," ","","","","","","","","","","","","","","","","","","",""
"1980-09-01 12:30","1980","09","01","12:30"," ","19,20","","11,30","","60,00","","25,00","","22,00","","24,10","","100,75","","","","","","Généralement dégagé"
"1980-09-01 13:00","1980","09","01","13:00"," ","","","","","","","","","","","","","","","","","","",""
"1980-09-01 13:30","1980","09","01","13:30"," ","20,10","","11,70","","59,00","","26,00","","20,00","","24,10","","100,75","","","","","","Généralement dégagé"
"1980-09-01 14:00","1980","09","01","14:00"," ","","","","","","","","","","","","","","","","","","",""
"1980-09-01 14:30","1980","09","01","14:30"," ","19,00","","9,80","","55,00","","26,00","","22,00","","24,10","","100,85","","","","","","Généralement dégagé"
"1980-09-01 15:00","1980","09","01","15:00"," ","","","","","","","","","","","","","","","","","","",""
"1980-09-01 15:30","1980","09","01","15:30"," ","19,20","","9,80","","54,00","","24,00","","28,00","","24,10","","100,92","","","","","","Généralement nuageux"
"1980-09-01 16:00","1980","09","01","16:00"," ","","","","","","","","","","","","","","","","","","",""
"1980-09-01 16:30","1980","09","01","16:30"," ","17,80","","8,10","","53,00","","25,00","","28,00","","24,10","","100,99","","","","","","Généralement nuageux"
"1980-09-01 17:00","1980","09","01","17:00"," ","","","","","","","","","","","","","","","","","","",""
"1980-09-01 17:30","1980","09","01","17:30"," ","16,80","","7,40","","54,00","","25,00","","22,00","","24,10","","100,99","","","","","","Généralement nuageux"
"1980-09-01 18:00","1980","09","01","18:00"," ","","","","","","","","","","","","","","","","","","",""
"1980-09-01 18:30","1980","09","01","18:30"," ","15,80","","7,50","","58,00","","23,00","","19,00","","24,10","","100,99","","","","","","Généralement nuageux"
"1980-09-01 19:00","1980","09","01","19:00"," ","","","","","","","","","","","","","","","","","","",""
"1980-09-01 19:30","1980","09","01","19:30"," ","14,30","","7,60","","64,00","","23,00","","15,00","","24,10","","101,02","","","","","","Généralement nuageux"
"1980-09-01 20:00","1980","09","01","20:00"," ","","","","","","","","","","","","","","","","","","",""
"1980-09-01 20:30","1980","09","01","20:30"," ","14,20","","7,10","","62,00","","24,00","","28,00","","24,10","","101,09","","","","","","Généralement nuageux"
"1980-09-01 21:00","1980","09","01","21:00"," ","","","","","","","","","","","","","","","","","","",""
"1980-09-01 21:30","1980","09","01","21:30"," ","13,40","","8,30","","71,00","","23,00","","22,00","","24,10","","101,16","","","","","","Généralement nuageux"
"1980-09-01 22:00","1980","09","01","22:00"," ","","","","","","","","","","","","","","","","","","",""
"1980-09-01 22:30","1980","09","01","22:30"," ","12,80","","9,20","","79,00","","23,00","","11,00","","24,10","","101,16","","","","","","Généralement nuageux"
"1980-09-01 23:00","1980","09","01","23:00"," ","","","","","","","","","","","","","","","","","","",""
"1980-09-01 23:30","1980","09","01","23:30"," ","12,60","","9,40","","81,00","","23,00","","9,00","","24,10","","101,16","","","","","","Généralement nuageux"
"1980-09-02 00:00","1980","09","02","00:00"," ","","","","","","","","","","","","","","","","","","",""
"1980-09-02 00:30","1980","09","02","00:30"," ","9,90","","7,30","","84,00","","0,00","","0,00","","24,10","","101,16","","","","","","Généralement nuageux"
"1980-09-02 01:00","1980","09","02","01:00"," ","","","","","","","","","","","","","","","","","","",""
"1980-09-02 01:30","1980","09","02","01:30"," ","8,80","","6,10","","83,00","","0,00","","0,00","","24,10","","101,19","","","","","","Généralement nuageux"
"1980-09-02 02:00","1980","09","02","02:00"," ","","","","","","","","","","","","","","","","","","",""
"1980-09-02 02:30","1980","09","02","02:30"," ","8,20","","6,00","","86,00","","0,00","","0,00","","24,10","","101,19","","","","","","Généralement nuageux"
"1980-09-02 03:00","1980","09","02","03:00"," ","","","","","","","","","","","","","","","","","","",""
"1980-09-02 03:30","1980","09","02","03:30"," ","7,90","","5,50","","85,00","","23,00","","7,00","","24,10","","101,16","","","","","","Généralement nuageux"
"1980-09-02 04:00","1980","09","02","04:00"," ","","","","","","","","","","","","","","","","","","",""
"1980-09-02 04:30","1980","09","02","04:30"," ","7,20","","5,50","","89,00","","23,00","","9,00","","24,10","","101,16","","","","","","Généralement nuageux"
"1980-09-02 05:00","1980","09","02","05:00"," ","","","","","","","","","","","","","","","","","","",""
"1980-09-02 05:30","1980","09","02","05:30"," ","8,70","","7,30","","91,00","","0,00","","0,00","","24,10","","101,13","","","","","","Généralement nuageux"
"1980-09-02 06:00","1980","09","02","06:00"," ","","","","","","","","","","","","","","","","","","",""
"1980-09-02 06:30","1980","09","02","06:30"," ","10,60","","7,70","","82,00","","0,00","","0,00","","24,10","","101,13","","","","","","Généralement nuageux"
"1980-09-02 07:00","1980","09","02","07:00"," ","","","","","","","","","","","","","","","","","","",""
"1980-09-02 07:30","1980","09","02","07:30"," ","11,10","","10,40","","95,00","","4,00","","6,00","","24,10","","101,16","","","","","","Nuageux"
"1980-09-02 08:00","1980","09","02","08:00"," ","","","","","","","","","","","","","","","","","","",""
"1980-09-02 08:30","1980","09","02","08:30"," ","11,20","","10,80","","97,00","","5,00","","6,00","","24,10","","101,13","","","","","","Nuageux"
"1980-09-02 09:00","1980","09","02","09:00"," ","","","","","","","","","","","","","","","","","","",""
"1980-09-02 09:30","1980","09","02","09:30"," ","12,10","","11,30","","95,00","","2,00","","7,00","","24,10","","101,09","","","","","","Nuageux"
"1980-09-02 10:00","1980","09","02","10:00"," ","","","","","","","","","","","","","","","","","","",""
"1980-09-02 10:30","1980","09","02","10:30"," ","12,80","","11,70","","93,00","","4,00","","6,00","","19,30","","101,06","","","","","","Averses de pluie"
"1980-09-02 11:00","1980","09","02","11:00"," ","","","","","","","","","","","","","","","","","","",""
"1980-09-02 11:30","1980","09","02","11:30"," ","12,80","","12,20","","96,00","","3,00","","13,00","","19,30","","101,06","","","","","","Averses de pluie"
"1980-09-02 12:00","1980","09","02","12:00"," ","","","","","","","","","","","","","","","","","","",""
"1980-09-02 12:30","1980","09","02","12:30"," ","14,00","","13,10","","94,00","","2,00","","6,00","","24,10","","101,02","","","","","","Nuageux"
"1980-09-02 13:00","1980","09","02","13:00"," ","","","","","","","","","","","","","","","","","","",""
"1980-09-02 13:30","1980","09","02","13:30"," ","15,80","","14,10","","90,00","","1,00","","6,00","","24,10","","100,99","","","","","","Nuageux"
"1980-09-02 14:00","1980","09","02","14:00"," ","","","","","","","","","","","","","","","","","","",""
"1980-09-02 14:30","1980","09","02","14:30"," ","16,20","","12,80","","80,00","","25,00","","6,00","","24,10","","100,99","","","","","","Nuageux"
"1980-09-02 15:00","1980","09","02","15:00"," ","","","","","","","","","","","","","","","","","","",""
"1980-09-02 15:30","1980","09","02","15:30"," ","16,60","","13,20","","80,00","","0,00","","0,00","","24,10","","100,99","","","","","","Nuageux"
"1980-09-02 16:00","1980","09","02","16:00"," ","","","","","","","","","","","","","","","","","","",""
"1980-09-02 16:30","1980","09","02","16:30"," ","16,80","","13,40","","80,00","","0,00","","0,00","","24,10","","100,96","","","","","","Nuageux"
"1980-09-02 17:00","1980","09","02","17:00"," ","","","","","","","","","","","","","","","","","","",""
"1980-09-02 17:30","1980","09","02","17:30"," ","16,20","","13,30","","83,00","","0,00","","0,00","","24,10","","100,96","","","","","","Nuageux"
"1980-09-02 18:00","1980","09","02","18:00"," ","","","","","","","","","","","","","","","","","","",""
"1980-09-02 18:30","1980","09","02","18:30"," ","15,80","","14,10","","90,00","","11,00","","4,00","","24,10","","100,92","","","","","","Nuageux"
"1980-09-02 19:00","1980","09","02","19:00"," ","","","","","","","","","","","","","","","","","","",""
"1980-09-02 19:30","1980","09","02","19:30"," ","15,20","","13,90","","92,00","","0,00","","0,00","","24,10","","100,96","","","","","","Nuageux"
"1980-09-02 20:00","1980","09","02","20:00"," ","","","","","","","","","","","","","","","","","","",""
"1980-09-02 20:30","1980","09","02","20:30"," ","14,70","","14,10","","96,00","","0,00","","0,00","","24,10","","100,99","","","","","","Nuageux"
"1980-09-02 21:00","1980","09","02","21:00"," ","","","","","","","","","","","","","","","","","","",""
"1980-09-02 21:30","1980","09","02","21:30"," ","14,20","","13,80","","97,00","","0,00","","0,00","","24,10","","100,99","","","","","","Nuageux"
"1980-09-02 22:00","1980","09","02","22:00"," ","","","","","","","","","","","","","","","","","","",""
"1980-09-02 22:30","1980","09","02","22:30"," ","14,10","","13,80","","98,00","","2,00","","6,00","","24,10","","100,96","","","","","","Nuageux"
"1980-09-02 23:00","1980","09","02","23:00"," ","","","","","","","","","","","","","","","","","","",""
"1980-09-02 23:30","1980","09","02","23:30"," ","13,60","","13,30","","98,00","","2,00","","6,00","","24,10","","100,89","","","","","","Nuageux"
"1980-09-03 00:00","1980","09","03","00:00"," ","","","","","","","","","","","","","","","","","","",""
"1980-09-03 00:30","1980","09","03","00:30"," ","13,60","","13,30","","98,00","","6,00","","6,00","","24,10","","100,85","","","","","","Nuageux"
"1980-09-03 01:00","1980","09","03","01:00"," ","","","","","","","","","","","","","","","","","","",""
"1980-09-03 01:30","1980","09","03","01:30"," ","13,40","","12,90","","97,00","","5,00","","6,00","","19,30","","100,82","","","","","","Nuageux"
"1980-09-03 02:00","1980","09","03","02:00"," ","","","","","","","","","","","","","","","","","","",""
"1980-09-03 02:30","1980","09","03","02:30"," ","13,20","","13,10","","99,00","","6,00","","4,00","","19,30","","100,85","","","","","","Nuageux"
"1980-09-03 03:00","1980","09","03","03:00"," ","","","","","","","","","","","","","","","","","","",""
"1980-09-03 03:30","1980","09","03","03:30"," ","13,20","","13,10","","99,00","","5,00","","7,00","","19,30","","100,79","","","","","","Nuageux"
"1980-09-03 04:00","1980","09","03","04:00"," ","","","","","","","","","","","","","","","","","","",""
"1980-09-03 04:30","1980","09","03","04:30"," ","13,00","","13,00","","100,00","","4,00","","7,00","","19,30","","100,75","","","","","","Nuageux"
"1980-09-03 05:00","1980","09","03","05:00"," ","","","","","","","","","","","","","","","","","","",""
"1980-09-03 05:30","1980","09","03","05:30"," ","13,20","","13,20","","100,00","","4,00","","11,00","","24,10","","100,65","","","","","","Généralement nuageux"
"1980-09-03 06:00","1980","09","03","06:00"," ","","","","","","","","","","","","","","","","","","",""
"1980-09-03 06:30","1980","09","03","06:30"," ","13,20","","13,10","","99,00","","7,00","","15,00","","24,10","","100,58","","","","","","Nuageux"
"1980-09-03 07:00","1980","09","03","07:00"," ","","","","","","","","","","","","","","","","","","",""
"1980-09-03 07:30","1980","09","03","07:30"," ","13,10","","12,30","","95,00","","5,00","","9,00","","24,10","","100,48","","","","","","Généralement nuageux"
"1980-09-03 08:00","1980","09","03","08:00"," ","","","","","","","","","","","","","","","","","","",""
"1980-09-03 08:30","1980","09","03","08:30"," ","14,30","","12,80","","91,00","","5,00","","9,00","","4,80","","100,28","","","","","","Averses de pluie modérées,Brouillard"
"1980-09-03 09:00","1980","09","03","09:00"," ","","","","","","","","","","","","","","","","","","",""
"1980-09-03 09:30","1980","09","03","09:30"," ","14,80","","13,70","","93,00","","5,00","","15,00","","16,10","","100,08","","","","","","Averses de pluie"
"1980-09-03 10:00","1980","09","03","10:00"," ","","","","","","","","","","","","","","","","","","",""
"1980-09-03 10:30","1980","09","03","10:30"," ","14,70","","13,80","","94,00","","4,00","","9,00","","11,30","","99,87","","","","","","Averses de pluie modérées"
"1980-09-03 11:00","1980","09","03","11:00"," ","","","","","","","","","","","","","","","","","","",""
"1980-09-03 11:30","1980","09","03","11:30"," ","16,80","","15,20","","91,00","","9,00","","9,00","","12,90","","99,74","","","","","","Averses de pluie"
"1980-09-03 12:00","1980","09","03","12:00"," ","","","","","","","","","","","","","","","","","","",""
"1980-09-03 12:30","1980","09","03","12:30"," ","18,70","","16,20","","85,00","","22,00","","9,00","","12,90","","99,57","","","","","","Nuageux"
"1980-09-03 13:00","1980","09","03","13:00"," ","","","","","","","","","","","","","","","","","","",""
"1980-09-03 13:30","1980","09","03","13:30"," ","20,30","","15,10","","72,00","","23,00","","15,00","","16,10","","99,43","","","","","","Généralement nuageux"
"1980-09-03 14:00","1980","09","03","14:00"," ","","","","","","","","","","","","","","","","","","",""
"1980-09-03 14:30","1980","09","03","14:30"," ","20,60","","16,20","","76,00","","23,00","","37,00","","19,30","","99,30","","25,00","","","","Généralement nuageux"
"1980-09-03 15:00","1980","09","03","15:00"," ","","","","","","","","","","","","","","","","","","",""
"1980-09-03 15:30","1980","09","03","15:30"," ","19,20","","14,00","","72,00","","22,00","","37,00","","24,10","","99,20","","","","","","Généralement nuageux"
"1980-09-03 16:00","1980","09","03","16:00"," ","","","","","","","","","","","","","","","","","","",""
"1980-09-03 16:30","1980","09","03","16:30"," ","16,30","","13,30","","82,00","","22,00","","41,00","","19,30","","99,16","","","","","","Généralement nuageux"
"1980-09-03 17:00","1980","09","03","17:00"," ","","","","","","","","","","","","","","","","","","",""
"1980-09-03 17:30","1980","09","03","17:30"," ","15,20","","13,00","","87,00","","23,00","","41,00","","16,10","","99,13","","","","","","Averses de pluie"
"1980-09-03 18:00","1980","09","03","18:00"," ","","","","","","","","","","","","","","","","","","",""
"1980-09-03 18:30","1980","09","03","18:30"," ","15,30","","13,00","","86,00","","22,00","","41,00","","16,10","","99,16","","","","","","Nuageux"
"1980-09-03 19:00","1980","09","03","19:00"," ","","","","","","","","","","","","","","","","","","",""
"1980-09-03 19:30","1980","09","03","19:30"," ","15,50","","11,80","","79,00","","23,00","","41,00","","16,10","","99,30","","","","","","Nuageux"
"1980-09-03 20:00","1980","09","03","20:00"," ","","","","","","","","","","","","","","","","","","",""
"1980-09-03 20:30","1980","09","03","20:30"," ","15,00","","11,30","","78,00","","23,00","","41,00","","16,10","","99,37","","","","","","Averses de pluie"
"1980-09-03 21:00","1980","09","03","21:00"," ","","","","","","","","","","","","","","","","","","",""
"1980-09-03 21:30","1980","09","03","21:30"," ","14,60","","11,00","","79,00","","24,00","","37,00","","16,10","","99,47","","","","","","Nuageux"
"1980-09-03 22:00","1980","09","03","22:00"," ","","","","","","","","","","","","","","","","","","",""
"1980-09-03 22:30","1980","09","03","22:30"," ","14,70","","10,40","","75,00","","24,00","","41,00","","16,10","","99,50","","","","","","Nuageux"
"1980-09-03 23:00","1980","09","03","23:00"," ","","","","","","","","","","","","","","","","","","",""
"1980-09-03 23:30","1980","09","03","23:30"," ","13,70","","10,20","","79,00","","23,00","","33,00","","19,30","","99,60","","","","","","Nuageux"
"1980-09-04 00:00","1980","09","04","00:00"," ","","","","","","","","","","","","","","","","","","",""
"1980-09-04 00:30","1980","09","04","00:30"," ","12,80","","9,80","","82,00","","24,00","","31,00","","24,10","","99,77","","","","","","Nuageux"
"1980-09-04 01:00","1980","09","04","01:00"," ","","","","","","","","","","","","","","","","","","",""
"1980-09-04 01:30","1980","09","04","01:30"," ","12,20","","9,00","","81,00","","26,00","","30,00","","24,10","","99,71","","","","","","Nuageux"
"1980-09-04 02:00","1980","09","04","02:00"," ","","","","","","","","","","","","","","","","","","",""
"1980-09-04 02:30","1980","09","04","02:30"," ","11,70","","10,50","","92,00","","26,00","","30,00","","24,10","","99,71","","","","","","Nuageux"
"1980-09-04 03:00","1980","09","04","03:00"," ","","","","","","","","","","","","","","","","","","",""
"1980-09-04 03:30","1980","09","04","03:30"," ","10,90","","10,20","","96,00","","26,00","","26,00","","24,10","","99,81","","","","","","Nuageux"
"1980-09-04 04:00","1980","09","04","04:00"," ","","","","","","","","","","","","","","","","","","",""
"1980-09-04 04:30","1980","09","04","04:30"," ","10,60","","9,80","","95,00","","25,00","","26,00","","24,10","","99,87","","","","","","Nuageux"
"1980-09-04 05:00","1980","09","04","05:00"," ","","","","","","","","","","","","","","","","","","",""
"1980-09-04 05:30","1980","09","04","05:30"," ","9,90","","9,60","","98,00","","24,00","","24,00","","24,10","","100,04","","","","","","Nuageux"
"1980-09-04 06:00","1980","09","04","06:00"," ","","","","","","","","","","","","","","","","","","",""
"1980-09-04 06:30","1980","09","04","06:30"," ","9,80","","9,30","","97,00","","26,00","","24,00","","19,30","","100,28","","","","","","Averses de pluie"
"1980-09-04 07:00","1980","09","04","07:00"," ","","","","","","","","","","","","","","","","","","",""
"1980-09-04 07:30","1980","09","04","07:30"," ","10,20","","8,70","","90,00","","30,00","","33,00","","24,10","","100,45","","","","","","Averses de pluie"
"1980-09-04 08:00","1980","09","04","08:00"," ","","","","","","","","","","","","","","","","","","",""
"1980-09-04 08:30","1980","09","04","08:30"," ","10,60","","8,50","","87,00","","31,00","","19,00","","24,10","","100,69","","","","","","Généralement nuageux"
"1980-09-04 09:00","1980","09","04","09:00"," ","","","","","","","","","","","","","","","","","","",""
"1980-09-04 09:30","1980","09","04","09:30"," ","11,00","","8,10","","82,00","","30,00","","15,00","","24,10","","100,89","","","","","","Généralement nuageux"
"1980-09-04 10:00","1980","09","04","10:00"," ","","","","","","","","","","","","","","","","","","",""
"1980-09-04 10:30","1980","09","04","10:30"," ","11,50","","8,90","","84,00","","28,00","","19,00","","24,10","","101,09","","","","","","Nuageux"
"1980-09-04 11:00","1980","09","04","11:00"," ","","","","","","","","","","","","","","","","","","",""
"1980-09-04 11:30","1980","09","04","11:30"," ","11,40","","8,70","","84,00","","29,00","","19,00","","24,10","","101,26","","","","","","Nuageux"
"1980-09-04 12:00","1980","09","04","12:00"," ","","","","","","","","","","","","","","","","","","",""
"1980-09-04 12:30","1980","09","04","12:30"," ","11,70","","8,50","","81,00","","31,00","","24,00","","24,10","","101,36","","","","","","Nuageux"
"1980-09-04 13:00","1980","09","04","13:00"," ","","","","","","","","","","","","","","","","","","",""
"1980-09-04 13:30","1980","09","04","13:30"," ","11,80","","7,60","","76,00","","33,00","","19,00","","24,10","","101,40","","","","","","Généralement nuageux"
"1980-09-04 14:00","1980","09","04","14:00"," ","","","","","","","","","","","","","","","","","","",""
"1980-09-04 14:30","1980","09","04","14:30"," ","12,10","","7,80","","75,00","","30,00","","19,00","","24,10","","101,46","","","","","","Nuageux"
"1980-09-04 15:00","1980","09","04","15:00"," ","","","","","","","","","","","","","","","","","","",""
"1980-09-04 15:30","1980","09","04","15:30"," ","11,80","","7,80","","76,00","","30,00","","19,00","","24,10","","101,53","","","","","","Généralement nuageux"
"1980-09-04 16:00","1980","09","04","16:00"," ","","","","","","","","","","","","","","","","","","",""
"1980-09-04 16:30","1980","09","04","16:30"," ","12,00","","7,80","","75,00","","34,00","","9,00","","24,10","","101,60","","","","","","Généralement nuageux"
"1980-09-04 17:00","1980","09","04","17:00"," ","","","","","","","","","","","","","","","","","","",""
"1980-09-04 17:30","1980","09","04","17:30"," ","11,80","","6,20","","69,00","","30,00","","11,00","","24,10","","101,67","","","","","","Généralement nuageux"
"1980-09-04 18:00","1980","09","04","18:00"," ","","","","","","","","","","","","","","","","","","",""
"1980-09-04 18:30","1980","09","04","18:30"," ","11,30","","6,40","","72,00","","32,00","","11,00","","24,10","","101,77","","","","","","Généralement nuageux"
"1980-09-04 19:00","1980","09","04","19:00"," ","","","","","","","","","","","","","","","","","","",""
"1980-09-04 19:30","1980","09","04","19:30"," ","9,20","","6,40","","82,00","","30,00","","13,00","","24,10","","101,87","","","","","","Généralement nuageux"
"1980-09-04 20:00","1980","09","04","20:00"," ","","","","","","","","","","","","","","","","","","",""
"1980-09-04 20:30","1980","09","04","20:30"," ","8,60","","6,10","","84,00","","23,00","","11,00","","24,10","","102,00","","","","","","Généralement nuageux"
"1980-09-04 21:00","1980","09","04","21:00"," ","","","","","","","","","","","","","","","","","","",""
"1980-09-04 21:30","1980","09","04","21:30"," ","7,80","","5,40","","85,00","","30,00","","9,00","","24,10","","102,04","","","","","","Généralement nuageux"
"1980-09-04 22:00","1980","09","04","22:00"," ","","","","","","","","","","","","","","","","","","",""
"1980-09-04 22:30","1980","09","04","22:30"," ","5,60","","4,10","","90,00","","23,00","","7,00","","24,10","","102,11","","","","","","Généralement dégagé"
"1980-09-04 23:00","1980","09","04","23:00"," ","","","","","","","","","","","","","","","","","","",""
"1980-09-04 23:30","1980","09","04","23:30"," ","5,70","","5,00","","95,00","","19,00","","7,00","","24,10","","102,17","","","","","","Généralement dégagé"
"1980-09-05 00:00","1980","09","05","00:00"," ","","","","","","","","","","","","","","","","","","",""
"1980-09-05 00:30","1980","09","05","00:30"," ","3,10","","2,50","","96,00","","22,00","","6,00","","24,10","","102,17","","","","","","Généralement dégagé"
"1980-09-05 01:00","1980","09","05","01:00"," ","","","","","","","","","","","","","","","","","","",""
"1980-09-05 01:30","1980","09","05","01:30"," ","4,60","","4,20","","97,00","","3,00","","6,00","","24,10","","102,17","","","","","","Généralement dégagé"
"1980-09-05 02:00","1980","09","05","02:00"," ","","","","","","","","","","","","","","","","","","",""
"1980-09-05 02:30","1980","09","05","02:30"," ","5,40","","5,00","","97,00","","23,00","","11,00","","24,10","","102,21","","","","","","Dégagé"
"1980-09-05 03:00","1980","09","05","03:00"," ","","","","","","","","","","","","","","","","","","",""
"1980-09-05 03:30","1980","09","05","03:30"," ","3,50","","3,50","","100,00","","26,00","","6,00","","24,10","","102,21","","","","","","Dégagé"
"1980-09-05 04:00","1980","09","05","04:00"," ","","","","","","","","","","","","","","","","","","",""
"1980-09-05 04:30","1980","09","05","04:30"," ","3,60","","3,50","","99,00","","0,00","","0,00","","24,10","","102,31","","","","","","Généralement dégagé"
"1980-09-05 05:00","1980","09","05","05:00"," ","","","","","","","","","","","","","","","","","","",""
"1980-09-05 05:30","1980","09","05","05:30"," ","4,60","","4,20","","97,00","","9,00","","6,00","","24,10","","102,31","","","","","","Généralement dégagé"
"1980-09-05 06:00","1980","09","05","06:00"," ","","","","","","","","","","","","","","","","","","",""
"1980-09-05 06:30","1980","09","05","06:30"," ","5,60","","5,30","","98,00","","6,00","","7,00","","24,10","","102,31","","","","","","Généralement nuageux"
"1980-09-05 07:00","1980","09","05","07:00"," ","","","","","","","","","","","","","","","","","","",""
"1980-09-05 07:30","1980","09","05","07:30"," ","9,00","","8,10","","94,00","","10,00","","6,00","","24,10","","102,44","","","","","","Généralement dégagé"
"1980-09-05 08:00","1980","09","05","08:00"," ","","","","","","","","","","","","","","","","","","",""
"1980-09-05 08:30","1980","09","05","08:30"," ","11,60","","8,30","","80,00","","23,00","","9,00","","24,10","","102,41","","","","","","Généralement dégagé"
"1980-09-05 09:00","1980","09","05","09:00"," ","","","","","","","","","","","","","","","","","","",""
"1980-09-05 09:30","1980","09","05","09:30"," ","12,80","","8,20","","74,00","","23,00","","7,00","","24,10","","102,41","","","","","","Généralement dégagé"
"1980-09-05 10:00","1980","09","05","10:00"," ","","","","","","","","","","","","","","","","","","",""
"1980-09-05 10:30","1980","09","05","10:30"," ","13,10","","7,30","","68,00","","19,00","","9,00","","24,10","","102,38","","","","","","Généralement dégagé"
"1980-09-05 11:00","1980","09","05","11:00"," ","","","","","","","","","","","","","","","","","","",""
"1980-09-05 11:30","1980","09","05","11:30"," ","14,90","","7,30","","60,00","","19,00","","19,00","","24,10","","102,34","","","","","","Généralement dégagé"
"1980-09-05 12:00","1980","09","05","12:00"," ","","","","","","","","","","","","","","","","","","",""
"1980-09-05 12:30","1980","09","05","12:30"," ","15,70","","7,40","","58,00","","19,00","","11,00","","24,10","","102,31","","","","","","Généralement dégagé"
"1980-09-05 13:00","1980","09","05","13:00"," ","","","","","","","","","","","","","","","","","","",""
"1980-09-05 13:30","1980","09","05","13:30"," ","15,70","","7,70","","59,00","","25,00","","19,00","","24,10","","102,27","","","","","","Généralement nuageux"
"1980-09-05 14:00","1980","09","05","14:00"," ","","","","","","","","","","","","","","","","","","",""
"1980-09-05 14:30","1980","09","05","14:30"," ","15,60","","7,80","","60,00","","24,00","","19,00","","24,10","","102,24","","","","","","Généralement nuageux"
"1980-09-05 15:00","1980","09","05","15:00"," ","","","","","","","","","","","","","","","","","","",""
"1980-09-05 15:30","1980","09","05","15:30"," ","16,10","","6,40","","53,00","","22,00","","11,00","","24,10","","102,21","","","","","","Généralement dégagé"
"1980-09-05 16:00","1980","09","05","16:00"," ","","","","","","","","","","","","","","","","","","",""
"1980-09-05 16:30","1980","09","05","16:30"," ","16,50","","6,60","","52,00","","25,00","","15,00","","24,10","","102,17","","","","","","Généralement dégagé"
"1980-09-05 17:00","1980","09","05","17:00"," ","","","","","","","","","","","","","","","","","","",""
"1980-09-05 17:30","1980","09","05","17:30"," ","15,80","","7,20","","57,00","","25,00","","13,00","","24,10","","102,17","","","","","","Généralement dégagé"
"1980-09-05 18:00","1980","09","05","18:00"," ","","","","","","","","","","","","","","","","","","",""
"1980-09-05 18:30","1980","09","05","18:30"," ","13,00","","10,40","","84,00","","26,00","","6,00","","24,10","","102,11","","","","","","Généralement dégagé"
"1980-09-05 19:00","1980","09","05","19:00"," ","","","","","","","","","","","","","","","","","","",""
"1980-09-05 19:30","1980","09","05","19:30"," ","10,10","","8,00","","87,00","","0,00","","0,00","","24,10","","102,11","","","","","","Généralement nuageux"
"1980-09-05 20:00","1980","09","05","20:00"," ","","","","","","","","","","","","","","","","","","",""
"1980-09-05 20:30","1980","09","05","20:30"," ","8,40","","8,10","","98,00","","0,00","","0,00","","24,10","","102,11","","","","","","Généralement dégagé"
"1980-09-05 21:00","1980","09","05","21:00"," ","","","","","","","","","","","","","","","","","","",""
"1980-09-05 21:30","1980","09","05","21:30"," ","6,80","","6,30","","97,00","","5,00","","4,00","","24,10","","102,11","","","","","","Généralement dégagé"
"1980-09-05 22:00","1980","09","05","22:00"," ","","","","","","","","","","","","","","","","","","",""
"1980-09-05 22:30","1980","09","05","22:30"," ","5,60","","5,20","","97,00","","0,00","","0,00","","24,10","","102,11","","","","","","Généralement dégagé"
"1980-09-05 23:00","1980","09","05","23:00"," ","","","","","","","","","","","","","","","","","","",""
"1980-09-05 23:30","1980","09","05","23:30"," ","7,30","","4,50","","83,00","","0,00","","0,00","","24,10","","102,07","","","","","","Généralement nuageux"
"1980-09-06 00:00","1980","09","06","00:00"," ","","","","","","","","","","","","","","","","","","",""
"1980-09-06 00:30","1980","09","06","00:30"," ","7,20","","5,00","","86,00","","0,00","","0,00","","24,10","","102,04","","","","","","Généralement nuageux"
"1980-09-06 01:00","1980","09","06","01:00"," ","","","","","","","","","","","","","","","","","","",""
"1980-09-06 01:30","1980","09","06","01:30"," ","6,90","","5,30","","89,00","","0,00","","0,00","","24,10","","102,00","","","","","","Généralement nuageux"
"1980-09-06 02:00","1980","09","06","02:00"," ","","","","","","","","","","","","","","","","","","",""
"1980-09-06 02:30","1980","09","06","02:30"," ","7,10","","5,20","","88,00","","0,00","","0,00","","24,10","","101,94","","","","","","Généralement nuageux"
"1980-09-06 03:00","1980","09","06","03:00"," ","","","","","","","","","","","","","","","","","","",""
"1980-09-06 03:30","1980","09","06","03:30"," ","6,80","","4,50","","85,00","","0,00","","0,00","","24,10","","101,90","","","","","","Généralement nuageux"
"1980-09-06 04:00","1980","09","06","04:00"," ","","","","","","","","","","","","","","","","","","",""
"1980-09-06 04:30","1980","09","06","04:30"," ","8,90","","5,60","","80,00","","17,00","","15,00","","24,10","","101,80","","","","","","Généralement nuageux"
"1980-09-06 05:00","1980","09","06","05:00"," ","","","","","","","","","","","","","","","","","","",""
"1980-09-06 05:30","1980","09","06","05:30"," ","10,10","","7,30","","83,00","","19,00","","19,00","","24,10","","101,70","","","","","","Généralement nuageux"
"1980-09-06 06:00","1980","09","06","06:00"," ","","","","","","","","","","","","","","","","","","",""
"1980-09-06 06:30","1980","09","06","06:30"," ","8,80","","6,30","","84,00","","23,00","","19,00","","24,10","","101,67","","","","","","Généralement nuageux"
"1980-09-06 07:00","1980","09","06","07:00"," ","","","","","","","","","","","","","","","","","","",""
"1980-09-06 07:30","1980","09","06","07:30"," ","11,20","","6,40","","72,00","","21,00","","28,00","","24,10","","101,53","","","","","","Nuageux"
"1980-09-06 08:00","1980","09","06","08:00"," ","","","","","","","","","","","","","","","","","","",""
"1980-09-06 08:30","1980","09","06","08:30"," ","11,60","","8,30","","80,00","","18,00","","6,00","","24,10","","101,50","","","","","","Nuageux"
"1980-09-06 09:00","1980","09","06","09:00"," ","","","","","","","","","","","","","","","","","","",""
"1980-09-06 09:30","1980","09","06","09:30"," ","13,30","","8,20","","71,00","","19,00","","22,00","","24,10","","101,40","","","","","","Nuageux"
"1980-09-06 10:00","1980","09","06","10:00"," ","","","","","","","","","","","","","","","","","","",""
"1980-09-06 10:30","1980","09","06","10:30"," ","12,80","","9,10","","78,00","","23,00","","13,00","","24,10","","101,29","","","","","","Averses de pluie"
"1980-09-06 11:00","1980","09","06","11:00"," ","","","","","","","","","","","","","","","","","","",""
"1980-09-06 11:30","1980","09","06","11:30"," ","14,90","","10,60","","76,00","","24,00","","19,00","","24,10","","101,16","","","","","","Nuageux"
"1980-09-06 12:00","1980","09","06","12:00"," ","","","","","","","","","","","","","","","","","","",""
"1980-09-06 12:30","1980","09","06","12:30"," ","15,20","","11,40","","78,00","","23,00","","28,00","","24,10","","101,09","","","","","","Nuageux"
"1980-09-06 13:00","1980","09","06","13:00"," ","","","","","","","","","","","","","","","","","","",""
"1980-09-06 13:30","1980","09","06","13:30"," ","13,30","","12,10","","93,00","","23,00","","28,00","","4,80","","101,09","","","","","","Averses de pluie,Brouillard"
"1980-09-06 14:00","1980","09","06","14:00"," ","","","","","","","","","","","","","","","","","","",""
"1980-09-06 14:30","1980","09","06","14:30"," ","13,20","","12,40","","95,00","","21,00","","22,00","","6,40","","100,99","","","","","","Averses de pluie,Brouillard"
"1980-09-06 15:00","1980","09","06","15:00"," ","","","","","","","","","","","","","","","","","","",""
"1980-09-06 15:30","1980","09","06","15:30"," ","13,80","","13,40","","98,00","","20,00","","15,00","","12,90","","100,82","","","","","","Pluie"
"1980-09-06 16:00","1980","09","06","16:00"," ","","","","","","","","","","","","","","","","","","",""
"1980-09-06 16:30","1980","09","06","16:30"," ","14,30","","13,40","","94,00","","19,00","","15,00","","24,10","","100,72","","","","","","Nuageux"
"1980-09-06 17:00","1980","09","06","17:00"," ","","","","","","","","","","","","","","","","","","",""
"1980-09-06 17:30","1980","09","06","17:30"," ","13,90","","13,50","","98,00","","12,00","","6,00","","16,10","","100,65","","","","","","Averses de pluie"
"1980-09-06 18:00","1980","09","06","18:00"," ","","","","","","","","","","","","","","","","","","",""
"1980-09-06 18:30","1980","09","06","18:30"," ","14,80","","13,80","","94,00","","21,00","","19,00","","24,10","","100,55","","","","","","Averses de pluie"
"1980-09-06 19:00","1980","09","06","19:00"," ","","","","","","","","","","","","","","","","","","",""
"1980-09-06 19:30","1980","09","06","19:30"," ","14,80","","13,80","","94,00","","20,00","","13,00","","24,10","","100,52","","","","","","Nuageux"
"1980-09-06 20:00","1980","09","06","20:00"," ","","","","","","","","","","","","","","","","","","",""
"1980-09-06 20:30","1980","09","06","20:30"," ","15,00","","14,10","","94,00","","22,00","","13,00","","19,30","","100,45","","","","","","Averses de pluie"
"1980-09-06 21:00","1980","09","06","21:00"," ","","","","","","","","","","","","","","","","","","",""
"1980-09-06 21:30","1980","09","06","21:30"," ","15,40","","14,10","","92,00","","22,00","","19,00","","24,10","","100,38","","","","","","Nuageux"
"1980-09-06 22:00","1980","09","06","22:00"," ","","","","","","","","","","","","","","","","","","",""
"1980-09-06 22:30","1980","09","06","22:30"," ","14,10","","14,00","","99,00","","23,00","","19,00","","3,20","","100,38","","","","","","Averses de pluie forte"
"1980-09-06 23:00","1980","09","06","23:00"," ","","","","","","","","","","","","","","","","","","",""
"1980-09-06 23:30","1980","09","06","23:30"," ","13,80","","13,40","","98,00","","21,00","","11,00","","9,70","","100,28","","","","","","Averses de pluie"
"1980-09-07 00:00","1980","09","07","00:00"," ","","","","","","","","","","","","","","","","","","",""
"1980-09-07 00:30","1980","09","07","00:30"," ","13,00","","12,80","","99,00","","23,00","","6,00","","12,90","","100,21","","","","","","Averses de pluie"
"1980-09-07 01:00","1980","09","07","01:00"," ","","","","","","","","","","","","","","","","","","",""
"1980-09-07 01:30","1980","09","07","01:30"," ","13,10","","12,60","","97,00","","28,00","","9,00","","16,10","","100,21","","","","","","Généralement nuageux"
"1980-09-07 02:00","1980","09","07","02:00"," ","","","","","","","","","","","","","","","","","","",""
"1980-09-07 02:30","1980","09","07","02:30"," ","13,40","","13,00","","97,00","","23,00","","9,00","","16,10","","100,21","","","","","","Nuageux"
"1980-09-07 03:00","1980","09","07","03:00"," ","","","","","","","","","","","","","","","","","","",""
"1980-09-07 03:30","1980","09","07","03:30"," ","12,00","","11,20","","95,00","","27,00","","15,00","","24,10","","100,25","","","","","","Généralement dégagé"
"1980-09-07 04:00","1980","09","07","04:00"," ","","","","","","","","","","","","","","","","","","",""
"1980-09-07 04:30","1980","09","07","04:30"," ","10,80","","10,20","","96,00","","24,00","","11,00","","24,10","","100,21","","","","","","Généralement dégagé"
"1980-09-07 05:00","1980","09","07","05:00"," ","","","","","","","","","","","","","","","","","","",""
"1980-09-07 05:30","1980","09","07","05:30"," ","10,70","","9,20","","90,00","","24,00","","13,00","","24,10","","100,28","","","","","","Généralement nuageux"
"1980-09-07 06:00","1980","09","07","06:00"," ","","","","","","","","","","","","","","","","","","",""
"1980-09-07 06:30","1980","09","07","06:30"," ","10,00","","9,40","","96,00","","24,00","","9,00","","24,10","","100,28","","","","","","Généralement nuageux"
"1980-09-07 07:00","1980","09","07","07:00"," ","","","","","","","","","","","","","","","","","","",""
"1980-09-07 07:30","1980","09","07","07:30"," ","10,90","","10,10","","95,00","","23,00","","15,00","","24,10","","100,31","","","","","","Généralement dégagé"
"1980-09-07 08:00","1980","09","07","08:00"," ","","","","","","","","","","","","","","","","","","",""
"1980-09-07 08:30","1980","09","07","08:30"," ","13,50","","10,30","","81,00","","22,00","","28,00","","24,10","","100,31","","","","","","Généralement dégagé"
"1980-09-07 09:00","1980","09","07","09:00"," ","","","","","","","","","","","","","","","","","","",""
"1980-09-07 09:30","1980","09","07","09:30"," ","13,90","","9,80","","76,00","","24,00","","28,00","","24,10","","100,31","","","","","","Généralement nuageux"
"1980-09-07 10:00","1980","09","07","10:00"," ","","","","","","","","","","","","","","","","","","",""
"1980-09-07 10:30","1980","09","07","10:30"," ","13,80","","9,00","","73,00","","25,00","","33,00","","24,10","","100,31","","","","","","Généralement dégagé"
"1980-09-07 11:00","1980","09","07","11:00"," ","","","","","","","","","","","","","","","","","","",""
"1980-09-07 11:30","1980","09","07","11:30"," ","15,70","","8,30","","61,00","","26,00","","28,00","","24,10","","100,31","","","","","","Généralement dégagé"
"1980-09-07 12:00","1980","09","07","12:00"," ","","","","","","","","","","","","","","","","","","",""
"1980-09-07 12:30","1980","09","07","12:30"," ","15,80","","7,80","","59,00","","25,00","","37,00","","24,10","","100,42","","","","","","Généralement dégagé"
"1980-09-07 13:00","1980","09","07","13:00"," ","","","","","","","","","","","","","","","","","","",""
"1980-09-07 13:30","1980","09","07","13:30"," ","15,30","","6,90","","57,00","","24,00","","37,00","","24,10","","100,42","","","","","","Généralement dégagé"
"1980-09-07 14:00","1980","09","07","14:00"," ","","","","","","","","","","","","","","","","","","",""
"1980-09-07 14:30","1980","09","07","14:30"," ","14,60","","8,00","","65,00","","25,00","","22,00","","24,10","","100,42","","","","","","Généralement dégagé"
"1980-09-07 15:00","1980","09","07","15:00"," ","","","","","","","","","","","","","","","","","","",""
"1980-09-07 15:30","1980","09","07","15:30"," ","15,80","","7,70","","59,00","","25,00","","22,00","","24,10","","100,45","","","","","","Généralement dégagé"
"1980-09-07 16:00","1980","09","07","16:00"," ","","","","","","","","","","","","","","","","","","",""
"1980-09-07 16:30","1980","09","07","16:30"," ","15,70","","8,10","","61,00","","25,00","","28,00","","24,10","","100,45","","","","","","Généralement dégagé"
"1980-09-07 17:00","1980","09","07","17:00"," ","","","","","","","","","","","","","","","","","","",""
"1980-09-07 17:30","1980","09","07","17:30"," ","15,10","","7,70","","61,00","","25,00","","22,00","","24,10","","100,45","","","","","","Généralement dégagé"
"1980-09-07 18:00","1980","09","07","18:00"," ","","","","","","","","","","","","","","","","","","",""
"1980-09-07 18:30","1980","09","07","18:30"," ","13,90","","7,80","","67,00","","25,00","","19,00","","24,10","","100,45","","","","","","Généralement dégagé"
"1980-09-07 19:00","1980","09","07","19:00"," ","","","","","","","","","","","","","","","","","","",""
"1980-09-07 19:30","1980","09","07","19:30"," ","11,10","","6,30","","72,00","","25,00","","15,00","","24,10","","100,48","","","","","","Généralement dégagé"
"1980-09-07 20:00","1980","09","07","20:00"," ","","","","","","","","","","","","","","","","","","",""
"1980-09-07 20:30","1980","09","07","20:30"," ","10,40","","7,30","","81,00","","25,00","","11,00","","24,10","","100,52","","","","","","Généralement dégagé"
"1980-09-07 21:00","1980","09","07","21:00"," ","","","","","","","","","","","","","","","","","","",""
"1980-09-07 21:30","1980","09","07","21:30"," ","9,10","","6,20","","82,00","","25,00","","9,00","","24,10","","100,55","","","","","","Généralement dégagé"
"1980-09-07 22:00","1980","09","07","22:00"," ","","","","","","","","","","","","","","","","","","",""
"1980-09-07 22:30","1980","09","07","22:30"," ","6,60","","5,30","","91,00","","23,00","","6,00","","24,10","","100,58","","","","","","Généralement dégagé"
"1980-09-07 23:00","1980","09","07","23:00"," ","","","","","","","","","","","","","","","","","","",""
"1980-09-07 23:30","1980","09","07","23:30"," ","5,40","","4,10","","91,00","","0,00","","0,00","","24,10","","100,58","","","","","","Dégagé"
"1980-09-08 00:00","1980","09","08","00:00"," ","","","","","","","","","","","","","","","","","","",""
"1980-09-08 00:30","1980","09","08","00:30"," ","5,20","","4,00","","92,00","","20,00","","15,00","","24,10","","100,58","","","","","","Dégagé"
"1980-09-08 01:00","1980","09","08","01:00"," ","","","","","","","","","","","","","","","","","","",""
"1980-09-08 01:30","1980","09","08","01:30"," ","5,30","","4,10","","92,00","","21,00","","13,00","","24,10","","100,52","","","","","","Dégagé"
"1980-09-08 02:00","1980","09","08","02:00"," ","","","","","","","","","","","","","","","","","","",""
"1980-09-08 02:30","1980","09","08","02:30"," ","4,10","","3,20","","94,00","","21,00","","7,00","","24,10","","100,48","","","","","","Dégagé"
"1980-09-08 03:00","1980","09","08","03:00"," ","","","","","","","","","","","","","","","","","","",""
"1980-09-08 03:30","1980","09","08","03:30"," ","3,40","","2,10","","91,00","","4,00","","6,00","","24,10","","100,48","","","","","","Dégagé"
"1980-09-08 04:00","1980","09","08","04:00"," ","","","","","","","","","","","","","","","","","","",""
"1980-09-08 04:30","1980","09","08","04:30"," ","2,20","","1,80","","97,00","","7,00","","6,00","","1,20","","100,38","","","","","","Brouillard"
"1980-09-08 05:00","1980","09","08","05:00"," ","","","","","","","","","","","","","","","","","","",""
"1980-09-08 05:30","1980","09","08","05:30"," ","1,10","","0,60","","96,00","","20,00","","7,00","","1,20","","100,38","","","","","","Brouillard"
"1980-09-08 06:00","1980","09","08","06:00"," ","","","","","","","","","","","","","","","","","","",""
"1980-09-08 06:30","1980","09","08","06:30"," ","1,20","","0,40","","94,00","","26,00","","9,00","","6,40","","100,38","","","","","","Brouillard"
"1980-09-08 07:00","1980","09","08","07:00"," ","","","","","","","","","","","","","","","","","","",""
"1980-09-08 07:30","1980","09","08","07:30"," ","3,80","","3,50","","98,00","","0,00","","0,00","","16,10","","100,42","","","","","","Généralement dégagé"
"1980-09-08 08:00","1980","09","08","08:00"," ","","","","","","","","","","","","","","","","","","",""
"1980-09-08 08:30","1980","09","08","08:30"," ","8,70","","8,00","","95,00","","21,00","","15,00","","24,10","","100,42","","","","","","Généralement dégagé"
"1980-09-08 09:00","1980","09","08","09:00"," ","","","","","","","","","","","","","","","","","","",""
"1980-09-08 09:30","1980","09","08","09:30"," ","12,40","","8,60","","78,00","","21,00","","19,00","","24,10","","100,35","","","","","","Généralement dégagé"
"1980-09-08 10:00","1980","09","08","10:00"," ","","","","","","","","","","","","","","","","","","",""
"1980-09-08 10:30","1980","09","08","10:30"," ","14,80","","8,20","","65,00","","27,00","","19,00","","24,10","","100,31","","","","","","Généralement nuageux"
"1980-09-08 11:00","1980","09","08","11:00"," ","","","","","","","","","","","","","","","","","","",""
"1980-09-08 11:30","1980","09","08","11:30"," ","13,50","","7,00","","65,00","","23,00","","19,00","","24,10","","100,31","","","","","","Généralement nuageux"
"1980-09-08 12:00","1980","09","08","12:00"," ","","","","","","","","","","","","","","","","","","",""
"1980-09-08 12:30","1980","09","08","12:30"," ","13,00","","7,30","","68,00","","27,00","","22,00","","24,10","","100,31","","","","","","Nuageux"
"1980-09-08 13:00","1980","09","08","13:00"," ","","","","","","","","","","","","","","","","","","",""
"1980-09-08 13:30","1980","09","08","13:30"," ","13,00","","7,10","","67,00","","26,00","","22,00","","24,10","","100,35","","","","","","Nuageux"
"1980-09-08 14:00","1980","09","08","14:00"," ","","","","","","","","","","","","","","","","","","",""
"1980-09-08 14:30","1980","09","08","14:30"," ","13,10","","7,00","","66,00","","26,00","","22,00","","24,10","","100,38","","","","","","Généralement nuageux"
"1980-09-08 15:00","1980","09","08","15:00"," ","","","","","","","","","","","","","","","","","","",""
"1980-09-08 15:30","1980","09","08","15:30"," ","13,30","","6,80","","65,00","","25,00","","22,00","","24,10","","100,42","","","","","","Généralement nuageux"
"1980-09-08 16:00","1980","09","08","16:00"," ","","","","","","","","","","","","","","","","","","",""
"1980-09-08 16:30","1980","09","08","16:30"," ","13,10","","7,20","","67,00","","24,00","","22,00","","24,10","","100,48","","","","","","Généralement nuageux"
"1980-09-08 17:00","1980","09","08","17:00"," ","","","","","","","","","","","","","","","","","","",""
"1980-09-08 17:30","1980","09","08","17:30"," ","12,80","","7,10","","68,00","","25,00","","19,00","","24,10","","100,52","","","","","","Généralement nuageux"
"1980-09-08 18:00","1980","09","08","18:00"," ","","","","","","","","","","","","","","","","","","",""
"1980-09-08 18:30","1980","09","08","18:30"," ","12,30","","7,00","","70,00","","27,00","","11,00","","24,10","","100,55","","","","","","Généralement nuageux"
"1980-09-08 19:00","1980","09","08","19:00"," ","","","","","","","","","","","","","","","","","","",""
"1980-09-08 19:30","1980","09","08","19:30"," ","10,00","","7,20","","83,00","","26,00","","11,00","","24,10","","100,62","","","","","","Généralement nuageux"
"1980-09-08 20:00","1980","09","08","20:00"," ","","","","","","","","","","","","","","","","","","",""
"1980-09-08 20:30","1980","09","08","20:30"," ","9,10","","6,60","","84,00","","27,00","","11,00","","24,10","","100,69","","","","","","Généralement dégagé"
"1980-09-08 21:00","1980","09","08","21:00"," ","","","","","","","","","","","","","","","","","","",""
"1980-09-08 21:30","1980","09","08","21:30"," ","8,40","","6,10","","86,00","","28,00","","6,00","","24,10","","100,72","","","","","","Généralement dégagé"
"1980-09-08 22:00","1980","09","08","22:00"," ","","","","","","","","","","","","","","","","","","",""
"1980-09-08 22:30","1980","09","08","22:30"," ","8,10","","6,20","","88,00","","25,00","","7,00","","24,10","","100,79","","","","","","Généralement dégagé"
"1980-09-08 23:00","1980","09","08","23:00"," ","","","","","","","","","","","","","","","","","","",""
"1980-09-08 23:30","1980","09","08","23:30"," ","7,50","","7,40","","99,00","","29,00","","6,00","","24,10","","100,79","","","","","","Généralement dégagé"
"1980-09-09 00:00","1980","09","09","00:00"," ","","","","","","","","","","","","","","","","","","",""
"1980-09-09 00:30","1980","09","09","00:30"," ","8,50","","7,80","","95,00","","0,00","","0,00","","24,10","","100,82","","","","","","Généralement nuageux"
"1980-09-09 01:00","1980","09","09","01:00"," ","","","","","","","","","","","","","","","","","","",""
"1980-09-09 01:30","1980","09","09","01:30"," ","8,80","","8,10","","96,00","","21,00","","7,00","","24,10","","100,85","","","","","","Généralement nuageux"
"1980-09-09 02:00","1980","09","09","02:00"," ","","","","","","","","","","","","","","","","","","",""
"1980-09-09 02:30","1980","09","09","02:30"," ","9,10","","7,90","","92,00","","21,00","","15,00","","24,10","","100,89","","","","","","Nuageux"
"1980-09-09 03:00","1980","09","09","03:00"," ","","","","","","","","","","","","","","","","","","",""
"1980-09-09 03:30","1980","09","09","03:30"," ","9,10","","7,50","","90,00","","21,00","","15,00","","24,10","","100,89","","","","","","Nuageux"
"1980-09-09 04:00","1980","09","09","04:00"," ","","","","","","","","","","","","","","","","","","",""
"1980-09-09 04:30","1980","09","09","04:30"," ","8,50","","8,30","","99,00","","0,00","","0,00","","24,10","","100,92","","","","","","Généralement nuageux"
"1980-09-09 05:00","1980","09","09","05:00"," ","","","","","","","","","","","","","","","","","","",""
"1980-09-09 05:30","1980","09","09","05:30"," ","7,40","","7,20","","99,00","","0,00","","0,00","","24,10","","100,96","","","","","","Généralement nuageux"
"1980-09-09 06:00","1980","09","09","06:00"," ","","","","","","","","","","","","","","","","","","",""
"1980-09-09 06:30","1980","09","09","06:30"," ","7,50","","6,90","","96,00","","19,00","","6,00","","24,10","","101,02","","","","","","Généralement dégagé"
"1980-09-09 07:00","1980","09","09","07:00"," ","","","","","","","","","","","","","","","","","","",""
"1980-09-09 07:30","1980","09","09","07:30"," ","10,70","","7,30","","79,00","","23,00","","9,00","","24,10","","101,06","","","","","","Généralement dégagé"
"1980-09-09 08:00","1980","09","09","08:00"," ","","","","","","","","","","","","","","","","","","",""
"1980-09-09 08:30","1980","09","09","08:30"," ","11,80","","7,10","","73,00","","24,00","","19,00","","24,10","","101,09","","","","","","Généralement dégagé"
"1980-09-09 09:00","1980","09","09","09:00"," ","","","","","","","","","","","","","","","","","","",""
"1980-09-09 09:30","1980","09","09","09:30"," ","13,80","","7,20","","65,00","","22,00","","28,00","","24,10","","101,09","","","","","","Généralement nuageux"
"1980-09-09 10:00","1980","09","09","10:00"," ","","","","","","","","","","","","","","","","","","",""
"1980-09-09 10:30","1980","09","09","10:30"," ","13,90","","7,40","","65,00","","25,00","","19,00","","24,10","","101,06","","","","","","Généralement nuageux"
"1980-09-09 11:00","1980","09","09","11:00"," ","","","","","","","","","","","","","","","","","","",""
"1980-09-09 11:30","1980","09","09","11:30"," ","13,10","","7,20","","67,00","","25,00","","28,00","","24,10","","101,02","","","","","","Généralement nuageux"
"1980-09-09 12:00","1980","09","09","12:00"," ","","","","","","","","","","","","","","","","","","",""
"1980-09-09 12:30","1980","09","09","12:30"," ","14,20","","7,70","","65,00","","25,00","","28,00","","24,10","","101,02","","","","","","Généralement nuageux"
"1980-09-09 13:00","1980","09","09","13:00"," ","","","","","","","","","","","","","","","","","","",""
"1980-09-09 13:30","1980","09","09","13:30"," ","13,90","","8,30","","69,00","","25,00","","28,00","","24,10","","100,99","","","","","","Généralement nuageux"
"1980-09-09 14:00","1980","09","09","14:00"," ","","","","","","","","","","","","","","","","","","",""
"1980-09-09 14:30","1980","09","09","14:30"," ","14,10","","8,30","","68,00","","23,00","","28,00","","24,10","","100,96","","","","","","Généralement nuageux"
"1980-09-09 15:00","1980","09","09","15:00"," ","","","","","","","","","","","","","","","","","","",""
"1980-09-09 15:30","1980","09","09","15:30"," ","12,80","","9,30","","79,00","","25,00","","6,00","","24,10","","100,96","","","","","","Généralement nuageux"
"1980-09-09 16:00","1980","09","09","16:00"," ","","","","","","","","","","","","","","","","","","",""
"1980-09-09 16:30","1980","09","09","16:30"," ","12,80","","11,20","","90,00","","19,00","","13,00","","24,10","","100,92","","","","","","Généralement nuageux"
"1980-09-09 17:00","1980","09","09","17:00"," ","","","","","","","","","","","","","","","","","","",""
"1980-09-09 17:30","1980","09","09","17:30"," ","12,30","","11,20","","93,00","","29,00","","7,00","","24,10","","100,96","","","","","","Généralement nuageux"
"1980-09-09 18:00","1980","09","09","18:00"," ","","","","","","","","","","","","","","","","","","",""
"1980-09-09 18:30","1980","09","09","18:30"," ","11,80","","10,50","","92,00","","25,00","","11,00","","24,10","","100,96","","","","","","Généralement dégagé"
"1980-09-09 19:00","1980","09","09","19:00"," ","","","","","","","","","","","","","","","","","","",""
"1980-09-09 19:30","1980","09","09","19:30"," ","9,60","","9,00","","96,00","","19,00","","6,00","","24,10","","101,02","","","","","","Généralement dégagé"
"1980-09-09 20:00","1980","09","09","20:00"," ","","","","","","","","","","","","","","","","","","",""
"1980-09-09 20:30","1980","09","09","20:30"," ","8,80","","7,50","","92,00","","19,00","","7,00","","24,10","","101,09","","","","","","Généralement dégagé"
"1980-09-09 21:00","1980","09","09","21:00"," ","","","","","","","","","","","","","","","","","","",""
"1980-09-09 21:30","1980","09","09","21:30"," ","7,40","","7,00","","97,00","","17,00","","6,00","","24,10","","101,06","","","","","","Généralement dégagé"
"1980-09-09 22:00","1980","09","09","22:00"," ","","","","","","","","","","","","","","","","","","",""
"1980-09-09 22:30","1980","09","09","22:30"," ","5,80","","5,20","","96,00","","21,00","","6,00","","24,10","","101,06","","","","","","Généralement dégagé"
"1980-09-09 23:00","1980","09","09","23:00"," ","","","","","","","","","","","","","","","","","","",""
"1980-09-09 23:30","1980","09","09","23:30"," ","5,20","","4,40","","94,00","","0,00","","0,00","","24,10","","101,06","","","","","","Généralement dégagé"
"1980-09-10 00:00","1980","09","10","00:00"," ","","","","","","","","","","","","","","","","","","",""
"1980-09-10 00:30","1980","09","10","00:30"," ","5,40","","4,30","","93,00","","0,00","","0,00","","24,10","","101,06","","","","","","Généralement dégagé"
"1980-09-10 01:00","1980","09","10","01:00"," ","","","","","","","","","","","","","","","","","","",""
"1980-09-10 01:30","1980","09","10","01:30"," ","7,30","","5,50","","88,00","","22,00","","9,00","","24,10","","101,02","","","","","","Généralement dégagé"
"1980-09-10 02:00","1980","09","10","02:00"," ","","","","","","","","","","","","","","","","","","",""
"1980-09-10 02:30","1980","09","10","02:30"," ","7,40","","5,50","","88,00","","20,00","","7,00","","24,10","","101,02","","","","","","Généralement dégagé"
"1980-09-10 03:00","1980","09","10","03:00"," ","","","","","","","","","","","","","","","","","","",""
"1980-09-10 03:30","1980","09","10","03:30"," ","7,90","","5,50","","85,00","","20,00","","7,00","","24,10","","101,02","","","","","","Généralement nuageux"
"1980-09-10 04:00","1980","09","10","04:00"," ","","","","","","","","","","","","","","","","","","",""
"1980-09-10 04:30","1980","09","10","04:30"," ","7,80","","6,30","","90,00","","20,00","","6,00","","24,10","","101,02","","","","","","Généralement nuageux"
"1980-09-10 05:00","1980","09","10","05:00"," ","","","","","","","","","","","","","","","","","","",""
"1980-09-10 05:30","1980","09","10","05:30"," ","7,90","","5,60","","86,00","","19,00","","6,00","","24,10","","101,02","","","","","","Nuageux"
"1980-09-10 06:00","1980","09","10","06:00"," ","","","","","","","","","","","","","","","","","","",""
"1980-09-10 06:30","1980","09","10","06:30"," ","9,20","","7,30","","88,00","","20,00","","7,00","","24,10","","101,09","","","","","","Généralement nuageux"
"1980-09-10 07:00","1980","09","10","07:00"," ","","","","","","","","","","","","","","","","","","",""
"1980-09-10 07:30","1980","09","10","07:30"," ","9,70","","8,10","","90,00","","0,00","","0,00","","24,10","","101,06","","","","","","Généralement nuageux"
"1980-09-10 08:00","1980","09","10","08:00"," ","","","","","","","","","","","","","","","","","","",""
"1980-09-10 08:30","1980","09","10","08:30"," ","11,30","","8,40","","82,00","","0,00","","0,00","","24,10","","101,02","","","","","","Généralement nuageux"
"1980-09-10 09:00","1980","09","10","09:00"," ","","","","","","","","","","","","","","","","","","",""
"1980-09-10 09:30","1980","09","10","09:30"," ","11,80","","8,10","","78,00","","24,00","","11,00","","24,10","","101,02","","","","","","Généralement nuageux"
"1980-09-10 10:00","1980","09","10","10:00"," ","","","","","","","","","","","","","","","","","","",""
"1980-09-10 10:30","1980","09","10","10:30"," ","12,50","","8,30","","75,00","","24,00","","11,00","","24,10","","100,96","","","","","","Généralement nuageux"
"1980-09-10 11:00","1980","09","10","11:00"," ","","","","","","","","","","","","","","","","","","",""
"1980-09-10 11:30","1980","09","10","11:30"," ","13,10","","8,20","","72,00","","0,00","","0,00","","24,10","","100,85","","","","","","Généralement nuageux"
"1980-09-10 12:00","1980","09","10","12:00"," ","","","","","","","","","","","","","","","","","","",""
"1980-09-10 12:30","1980","09","10","12:30"," ","14,60","","8,10","","65,00","","0,00","","0,00","","24,10","","100,82","","","","","","Généralement nuageux"
"1980-09-10 13:00","1980","09","10","13:00"," ","","","","","","","","","","","","","","","","","","",""
"1980-09-10 13:30","1980","09","10","13:30"," ","16,70","","8,30","","57,00","","17,00","","22,00","","24,10","","100,72","","","","","","Généralement nuageux"
"1980-09-10 14:00","1980","09","10","14:00"," ","","","","","","","","","","","","","","","","","","",""
"1980-09-10 14:30","1980","09","10","14:30"," ","16,20","","8,10","","59,00","","21,00","","22,00","","24,10","","100,65","","","","","","Généralement nuageux"
"1980-09-10 15:00","1980","09","10","15:00"," ","","","","","","","","","","","","","","","","","","",""
"1980-09-10 15:30","1980","09","10","15:30"," ","15,60","","10,00","","69,00","","20,00","","20,00","","24,10","","100,55","","","","","","Nuageux"
"1980-09-10 16:00","1980","09","10","16:00"," ","","","","","","","","","","","","","","","","","","",""
"1980-09-10 16:30","1980","09","10","16:30"," ","13,20","","11,50","","89,00","","14,00","","13,00","","19,30","","100,55","","","","","","Nuageux"
"1980-09-10 17:00","1980","09","10","17:00"," ","","","","","","","","","","","","","","","","","","",""
"1980-09-10 17:30","1980","09","10","17:30"," ","12,50","","11,00","","91,00","","10,00","","11,00","","19,30","","100,35","","","","","","Averses de pluie"
"1980-09-10 18:00","1980","09","10","18:00"," ","","","","","","","","","","","","","","","","","","",""
"1980-09-10 18:30","1980","09","10","18:30"," ","12,00","","11,20","","95,00","","11,00","","6,00","","19,30","","100,18","","","","","","Nuageux"
"1980-09-10 19:00","1980","09","10","19:00"," ","","","","","","","","","","","","","","","","","","",""
"1980-09-10 19:30","1980","09","10","19:30"," ","11,80","","11,30","","97,00","","4,00","","7,00","","16,10","","100,04","","","","","","Averses de pluie"
"1980-09-10 20:00","1980","09","10","20:00"," ","","","","","","","","","","","","","","","","","","",""
"1980-09-10 20:30","1980","09","10","20:30"," ","11,40","","10,80","","96,00","","1,00","","15,00","","16,10","","100,04","","","","","","Averses de pluie"
"1980-09-10 21:00","1980","09","10","21:00"," ","","","","","","","","","","","","","","","","","","",""
"1980-09-10 21:30","1980","09","10","21:30"," ","11,40","","10,90","","97,00","","7,00","","13,00","","16,10","","99,91","","","","","","Averses de pluie"
"1980-09-10 22:00","1980","09","10","22:00"," ","","","","","","","","","","","","","","","","","","",""
"1980-09-10 22:30","1980","09","10","22:30"," ","11,60","","11,20","","97,00","","19,00","","6,00","","19,30","","99,91","","","","","","Nuageux"
"1980-09-10 23:00","1980","09","10","23:00"," ","","","","","","","","","","","","","","","","","","",""
"1980-09-10 23:30","1980","09","10","23:30"," ","12,70","","11,30","","91,00","","21,00","","15,00","","24,10","","99,98","","","","","","Nuageux"
"1980-09-11 00:00","1980","09","11","00:00"," ","","","","","","","","","","","","","","","","","","",""
"1980-09-11 00:30","1980","09","11","00:30"," ","13,10","","11,40","","89,00","","22,00","","19,00","","24,10","","100,04","","","","","","Nuageux"
"1980-09-11 01:00","1980","09","11","01:00"," ","","","","","","","","","","","","","","","","","","",""
"1980-09-11 01:30","1980","09","11","01:30"," ","12,70","","10,30","","85,00","","22,00","","22,00","","24,10","","100,08","","","","","","Nuageux"
"1980-09-11 02:00","1980","09","11","02:00"," ","","","","","","","","","","","","","","","","","","",""
"1980-09-11 02:30","1980","09","11","02:30"," ","11,80","","9,40","","85,00","","26,00","","15,00","","24,10","","100,11","","","","","","Nuageux"
"1980-09-11 03:00","1980","09","11","03:00"," ","","","","","","","","","","","","","","","","","","",""
"1980-09-11 03:30","1980","09","11","03:30"," ","11,20","","8,10","","81,00","","26,00","","19,00","","24,10","","100,14","","","","","","Nuageux"
"1980-09-11 04:00","1980","09","11","04:00"," ","","","","","","","","","","","","","","","","","","",""
"1980-09-11 04:30","1980","09","11","04:30"," ","9,80","","7,40","","85,00","","23,00","","11,00","","24,10","","100,25","","","","","","Généralement nuageux"
"1980-09-11 05:00","1980","09","11","05:00"," ","","","","","","","","","","","","","","","","","","",""
"1980-09-11 05:30","1980","09","11","05:30"," ","9,30","","6,70","","84,00","","25,00","","7,00","","24,10","","100,31","","","","","","Généralement nuageux"
"1980-09-11 06:00","1980","09","11","06:00"," ","","","","","","","","","","","","","","","","","","",""
"1980-09-11 06:30","1980","09","11","06:30"," ","8,30","","6,20","","87,00","","0,00","","0,00","","24,10","","100,35","","","","","","Généralement dégagé"
"1980-09-11 07:00","1980","09","11","07:00"," ","","","","","","","","","","","","","","","","","","",""
"1980-09-11 07:30","1980","09","11","07:30"," ","10,00","","7,60","","85,00","","20,00","","9,00","","24,10","","100,35","","","","","","Généralement dégagé"
"1980-09-11 08:00","1980","09","11","08:00"," ","","","","","","","","","","","","","","","","","","",""
"1980-09-11 08:30","1980","09","11","08:30"," ","11,80","","9,00","","83,00","","22,00","","24,00","","24,10","","100,35","","","","","","Généralement dégagé"
"1980-09-11 09:00","1980","09","11","09:00"," ","","","","","","","","","","","","","","","","","","",""
"1980-09-11 09:30","1980","09","11","09:30"," ","13,30","","8,00","","70,00","","22,00","","26,00","","24,10","","100,42","","","","","","Généralement dégagé"
"1980-09-11 10:00","1980","09","11","10:00"," ","","","","","","","","","","","","","","","","","","",""
"1980-09-11 10:30","1980","09","11","10:30"," ","13,60","","6,80","","63,00","","22,00","","30,00","","24,10","","100,45","","","","","","Généralement dégagé"
"1980-09-11 11:00","1980","09","11","11:00"," ","","","","","","","","","","","","","","","","","","",""
"1980-09-11 11:30","1980","09","11","11:30"," ","15,00","","7,40","","60,00","","22,00","","31,00","","24,10","","100,45","","","","","","Généralement dégagé"
"1980-09-11 12:00","1980","09","11","12:00"," ","","","","","","","","","","","","","","","","","","",""
"1980-09-11 12:30","1980","09","11","12:30"," ","13,40","","10,30","","81,00","","24,00","","24,00","","24,10","","100,45","","","","","","Généralement nuageux"
"1980-09-11 13:00","1980","09","11","13:00"," ","","","","","","","","","","","","","","","","","","",""
"1980-09-11 13:30","1980","09","11","13:30"," ","14,90","","6,20","","56,00","","22,00","","24,00","","24,10","","100,42","","","","","","Généralement nuageux"
"1980-09-11 14:00","1980","09","11","14:00"," ","","","","","","","","","","","","","","","","","","",""
"1980-09-11 14:30","1980","09","11","14:30"," ","15,50","","7,40","","58,00","","23,00","","22,00","","24,10","","100,42","","","","","","Généralement nuageux"
"1980-09-11 15:00","1980","09","11","15:00"," ","","","","","","","","","","","","","","","","","","",""
"1980-09-11 15:30","1980","09","11","15:30"," ","14,30","","6,00","","57,00","","24,00","","31,00","","24,10","","100,45","","","","","","Généralement nuageux"
"1980-09-11 16:00","1980","09","11","16:00"," ","","","","","","","","","","","","","","","","","","",""
"1980-09-11 16:30","1980","09","11","16:30"," ","13,90","","2,50","","46,00","","25,00","","33,00","","24,10","","100,48","","","","","","Généralement nuageux"
"1980-09-11 17:00","1980","09","11","17:00"," ","","","","","","","","","","","","","","","","","","",""
"1980-09-11 17:30","1980","09","11","17:30"," ","12,50","","3,90","","56,00","","25,00","","22,00","","24,10","","100,52","","","","","","Généralement dégagé"
"1980-09-11 18:00","1980","09","11","18:00"," ","","","","","","","","","","","","","","","","","","",""
"1980-09-11 18:30","1980","09","11","18:30"," ","10,70","","5,20","","69,00","","25,00","","6,00","","24,10","","100,55","","","","","","Généralement nuageux"
"1980-09-11 19:00","1980","09","11","19:00"," ","","","","","","","","","","","","","","","","","","",""
"1980-09-11 19:30","1980","09","11","19:30"," ","9,50","","6,90","","84,00","","28,00","","4,00","","24,10","","100,58","","","","","","Généralement nuageux"
"1980-09-11 20:00","1980","09","11","20:00"," ","","","","","","","","","","","","","","","","","","",""
"1980-09-11 20:30","1980","09","11","20:30"," ","9,50","","7,50","","87,00","","0,00","","0,00","","24,10","","100,62","","","","","","Généralement nuageux"
"1980-09-11 21:00","1980","09","11","21:00"," ","","","","","","","","","","","","","","","","","","",""
"1980-09-11 21:30","1980","09","11","21:30"," ","9,30","","7,70","","90,00","","17,00","","4,00","","24,10","","100,58","","","","","","Généralement nuageux"
"1980-09-11 22:00","1980","09","11","22:00"," ","","","","","","","","","","","","","","","","","","",""
"1980-09-11 22:30","1980","09","11","22:30"," ","8,70","","7,50","","92,00","","0,00","","0,00","","24,10","","100,62","","","","","","Nuageux"
"1980-09-11 23:00","1980","09","11","23:00"," ","","","","","","","","","","","","","","","","","","",""
"1980-09-11 23:30","1980","09","11","23:30"," ","8,80","","6,10","","83,00","","0,00","","0,00","","24,10","","100,58","","","","","","Nuageux"
"1980-09-12 00:00","1980","09","12","00:00"," ","","","","","","","","","","","","","","","","","","",""
"1980-09-12 00:30","1980","09","12","00:30"," ","8,70","","7,20","","90,00","","0,00","","0,00","","24,10","","100,58","","","","","","Nuageux"
"1980-09-12 01:00","1980","09","12","01:00"," ","","","","","","","","","","","","","","","","","","",""
"1980-09-12 01:30","1980","09","12","01:30"," ","8,60","","6,90","","89,00","","0,00","","0,00","","24,10","","100,55","","","","","","Nuageux"
"1980-09-12 02:00","1980","09","12","02:00"," ","","","","","","","","","","","","","","","","","","",""
"1980-09-12 02:30","1980","09","12","02:30"," ","8,60","","7,30","","91,00","","0,00","","0,00","","24,10","","100,55","","","","","","Nuageux"
"1980-09-12 03:00","1980","09","12","03:00"," ","","","","","","","","","","","","","","","","","","",""
"1980-09-12 03:30","1980","09","12","03:30"," ","9,10","","6,80","","85,00","","0,00","","0,00","","19,30","","100,45","","","","","","Averses de pluie"
"1980-09-12 04:00","1980","09","12","04:00"," ","","","","","","","","","","","","","","","","","","",""
"1980-09-12 04:30","1980","09","12","04:30"," ","9,60","","8,30","","91,00","","8,00","","7,00","","24,10","","100,31","","","","","","Généralement nuageux"
"1980-09-12 05:00","1980","09","12","05:00"," ","","","","","","","","","","","","","","","","","","",""
"1980-09-12 05:30","1980","09","12","05:30"," ","9,60","","8,20","","91,00","","2,00","","9,00","","24,10","","100,18","","","","","","Généralement nuageux"
"1980-09-12 06:00","1980","09","12","06:00"," ","","","","","","","","","","","","","","","","","","",""
"1980-09-12 06:30","1980","09","12","06:30"," ","10,60","","8,80","","88,00","","18,00","","7,00","","24,10","","100,11","","","","","","Généralement nuageux"
"1980-09-12 07:00","1980","09","12","07:00"," ","","","","","","","","","","","","","","","","","","",""
"1980-09-12 07:30","1980","09","12","07:30"," ","11,90","","10,80","","93,00","","23,00","","6,00","","24,10","","100,01","","","","","","Nuageux"
"1980-09-12 08:00","1980","09","12","08:00"," ","","","","","","","","","","","","","","","","","","",""
"1980-09-12 08:30","1980","09","12","08:30"," ","12,00","","11,70","","98,00","","18,00","","15,00","","16,10","","99,91","","","","","","Averses de pluie"
"1980-09-12 09:00","1980","09","12","09:00"," ","","","","","","","","","","","","","","","","","","",""
"1980-09-12 09:30","1980","09","12","09:30"," ","11,80","","11,70","","100,00","","26,00","","15,00","","16,10","","99,77","","","","","","Averses de pluie"
"1980-09-12 10:00","1980","09","12","10:00"," ","","","","","","","","","","","","","","","","","","",""
"1980-09-12 10:30","1980","09","12","10:30"," ","11,80","","11,70","","100,00","","17,00","","6,00","","16,10","","99,67","","","","","","Averses de pluie"
"1980-09-12 11:00","1980","09","12","11:00"," ","","","","","","","","","","","","","","","","","","",""
"1980-09-12 11:30","1980","09","12","11:30"," ","10,60","","10,30","","98,00","","23,00","","22,00","","16,10","","99,64","","","","","","Averses de pluie"
"1980-09-12 12:00","1980","09","12","12:00"," ","","","","","","","","","","","","","","","","","","",""
"1980-09-12 12:30","1980","09","12","12:30"," ","11,80","","10,10","","90,00","","28,00","","22,00","","24,10","","99,54","","","","","","Généralement nuageux"
"1980-09-12 13:00","1980","09","12","13:00"," ","","","","","","","","","","","","","","","","","","",""
"1980-09-12 13:30","1980","09","12","13:30"," ","10,40","","8,50","","88,00","","22,00","","30,00","","24,10","","99,47","","","","","","Généralement nuageux"
"1980-09-12 14:00","1980","09","12","14:00"," ","","","","","","","","","","","","","","","","","","",""
"1980-09-12 14:30","1980","09","12","14:30"," ","10,30","","8,10","","86,00","","18,00","","28,00","","24,10","","99,37","","","","","","Généralement nuageux"
"1980-09-12 15:00","1980","09","12","15:00"," ","","","","","","","","","","","","","","","","","","",""
"1980-09-12 15:30","1980","09","12","15:30"," ","10,20","","8,20","","87,00","","22,00","","33,00","","12,90","","99,37","","","","","","Averses de pluie"
"1980-09-12 16:00","1980","09","12","16:00"," ","","","","","","","","","","","","","","","","","","",""
"1980-09-12 16:30","1980","09","12","16:30"," ","10,00","","8,10","","88,00","","23,00","","28,00","","12,90","","99,40","","","","","","Averses de pluie"
"1980-09-12 17:00","1980","09","12","17:00"," ","","","","","","","","","","","","","","","","","","",""
"1980-09-12 17:30","1980","09","12","17:30"," ","10,20","","8,10","","87,00","","22,00","","28,00","","12,90","","99,54","","","","","","Généralement nuageux"
"1980-09-12 18:00","1980","09","12","18:00"," ","","","","","","","","","","","","","","","","","","",""
"1980-09-12 18:30","1980","09","12","18:30"," ","9,90","","8,30","","90,00","","22,00","","28,00","","16,10","","99,64","","","","","","Généralement nuageux"
"1980-09-12 19:00","1980","09","12","19:00"," ","","","","","","","","","","","","","","","","","","",""
"1980-09-12 19:30","1980","09","12","19:30"," ","9,80","","8,50","","92,00","","24,00","","28,00","","16,10","","99,71","","","","","","Généralement nuageux"
"1980-09-12 20:00","1980","09","12","20:00"," ","","","","","","","","","","","","","","","","","","",""
"1980-09-12 20:30","1980","09","12","20:30"," ","9,30","","8,20","","93,00","","26,00","","28,00","","12,90","","99,84","","","","","","Averses de pluie"
"1980-09-12 21:00","1980","09","12","21:00"," ","","","","","","","","","","","","","","","","","","",""
"1980-09-12 21:30","1980","09","12","21:30"," ","9,30","","8,10","","92,00","","24,00","","28,00","","16,10","","99,98","","","","","","Averses de pluie"
"1980-09-12 22:00","1980","09","12","22:00"," ","","","","","","","","","","","","","","","","","","",""
"1980-09-12 22:30","1980","09","12","22:30"," ","9,40","","8,30","","93,00","","23,00","","28,00","","16,10","","100,04","","","","","","Nuageux"
"1980-09-12 23:00","1980","09","12","23:00"," ","","","","","","","","","","","","","","","","","","",""
"1980-09-12 23:30","1980","09","12","23:30"," ","9,40","","8,50","","94,00","","25,00","","22,00","","24,10","","100,11","","","","","","Nuageux"
"1980-09-13 00:00","1980","09","13","00:00"," ","","","","","","","","","","","","","","","","","","",""
"1980-09-13 00:30","1980","09","13","00:30"," ","9,20","","7,30","","88,00","","30,00","","26,00","","24,10","","100,14","","","","","","Généralement dégagé"
"1980-09-13 01:00","1980","09","13","01:00"," ","","","","","","","","","","","","","","","","","","",""
"1980-09-13 01:30","1980","09","13","01:30"," ","8,80","","7,10","","89,00","","29,00","","24,00","","24,10","","100,25","","","","","","Généralement dégagé"
"1980-09-13 02:00","1980","09","13","02:00"," ","","","","","","","","","","","","","","","","","","",""
"1980-09-13 02:30","1980","09","13","02:30"," ","8,20","","6,10","","87,00","","27,00","","22,00","","24,10","","100,38","","","","","","Généralement nuageux"
"1980-09-13 03:00","1980","09","13","03:00"," ","","","","","","","","","","","","","","","","","","",""
"1980-09-13 03:30","1980","09","13","03:30"," ","8,20","","6,00","","86,00","","30,00","","20,00","","24,10","","100,42","","","","","","Généralement nuageux"
"1980-09-13 04:00","1980","09","13","04:00"," ","","","","","","","","","","","","","","","","","","",""
"1980-09-13 04:30","1980","09","13","04:30"," ","7,60","","5,70","","88,00","","28,00","","22,00","","24,10","","100,52","","","","","","Généralement nuageux"
"1980-09-13 05:00","1980","09","13","05:00"," ","","","","","","","","","","","","","","","","","","",""
"1980-09-13 05:30","1980","09","13","05:30"," ","7,00","","5,00","","87,00","","26,00","","20,00","","24,10","","100,58","","","","","","Généralement nuageux"
"1980-09-13 06:00","1980","09","13","06:00"," ","","","","","","","","","","","","","","","","","","",""
"1980-09-13 06:30","1980","09","13","06:30"," ","7,40","","4,80","","83,00","","28,00","","22,00","","24,10","","100,69","","","","","","Généralement nuageux"
"1980-09-13 07:00","1980","09","13","07:00"," ","","","","","","","","","","","","","","","","","","",""
"1980-09-13 07:30","1980","09","13","07:30"," ","8,00","","5,30","","83,00","","28,00","","28,00","","24,10","","100,82","","","","","","Généralement nuageux"
"1980-09-13 08:00","1980","09","13","08:00"," ","","","","","","","","","","","","","","","","","","",""
"1980-09-13 08:30","1980","09","13","08:30"," ","8,60","","4,70","","77,00","","28,00","","22,00","","24,10","","100,85","","","","","","Généralement nuageux"
"1980-09-13 09:00","1980","09","13","09:00"," ","","","","","","","","","","","","","","","","","","",""
"1980-09-13 09:30","1980","09","13","09:30"," ","8,70","","5,00","","77,00","","30,00","","28,00","","24,10","","100,96","","","","","","Généralement nuageux"
"1980-09-13 10:00","1980","09","13","10:00"," ","","","","","","","","","","","","","","","","","","",""
"1980-09-13 10:30","1980","09","13","10:30"," ","9,10","","4,70","","74,00","","29,00","","22,00","","24,10","","101,02","","","","","","Généralement nuageux"
"1980-09-13 11:00","1980","09","13","11:00"," ","","","","","","","","","","","","","","","","","","",""
"1980-09-13 11:30","1980","09","13","11:30"," ","10,20","","5,50","","72,00","","30,00","","28,00","","24,10","","101,06","","","","","","Généralement nuageux"
"1980-09-13 12:00","1980","09","13","12:00"," ","","","","","","","","","","","","","","","","","","",""
"1980-09-13 12:30","1980","09","13","12:30"," ","11,90","","6,00","","67,00","","29,00","","19,00","","24,10","","101,09","","","","","","Généralement nuageux"
"1980-09-13 13:00","1980","09","13","13:00"," ","","","","","","","","","","","","","","","","","","",""
"1980-09-13 13:30","1980","09","13","13:30"," ","10,90","","5,40","","69,00","","30,00","","19,00","","24,10","","101,13","","","","","","Généralement nuageux"
"1980-09-13 14:00","1980","09","13","14:00"," ","","","","","","","","","","","","","","","","","","",""
"1980-09-13 14:30","1980","09","13","14:30"," ","11,70","","5,20","","64,00","","30,00","","28,00","","24,10","","101,19","","","","","","Généralement nuageux"
"1980-09-13 15:00","1980","09","13","15:00"," ","","","","","","","","","","","","","","","","","","",""
"1980-09-13 15:30","1980","09","13","15:30"," ","12,60","","6,20","","65,00","","26,00","","26,00","","24,10","","101,23","","","","","","Généralement nuageux"
"1980-09-13 16:00","1980","09","13","16:00"," ","","","","","","","","","","","","","","","","","","",""
"1980-09-13 16:30","1980","09","13","16:30"," ","12,30","","7,10","","71,00","","29,00","","24,00","","24,10","","101,23","","","","","","Généralement dégagé"
"1980-09-13 17:00","1980","09","13","17:00"," ","","","","","","","","","","","","","","","","","","",""
"1980-09-13 17:30","1980","09","13","17:30"," ","10,80","","6,90","","77,00","","29,00","","20,00","","24,10","","101,29","","","","","","Généralement dégagé"
"1980-09-13 18:00","1980","09","13","18:00"," ","","","","","","","","","","","","","","","","","","",""
"1980-09-13 18:30","1980","09","13","18:30"," ","9,60","","7,60","","87,00","","26,00","","22,00","","24,10","","101,33","","","","","","Généralement dégagé"
"1980-09-13 19:00","1980","09","13","19:00"," ","","","","","","","","","","","","","","","","","","",""
"1980-09-13 19:30","1980","09","13","19:30"," ","9,10","","8,00","","93,00","","24,00","","15,00","","24,10","","101,40","","","","","","Généralement dégagé"
"1980-09-13 20:00","1980","09","13","20:00"," ","","","","","","","","","","","","","","","","","","",""
"1980-09-13 20:30","1980","09","13","20:30"," ","8,10","","7,40","","95,00","","27,00","","11,00","","24,10","","101,40","","","","","","Généralement dégagé"
"1980-09-13 21:00","1980","09","13","21:00"," ","","","","","","","","","","","","","","","","","","",""
"1980-09-13 21:30","1980","09","13","21:30"," ","6,80","","6,60","","99,00","","19,00","","9,00","","24,10","","101,43","","","","","","Généralement dégagé"
"1980-09-13 22:00","1980","09","13","22:00"," ","","","","","","","","","","","","","","","","","","",""
"1980-09-13 22:30","1980","09","13","22:30"," ","5,60","","5,10","","97,00","","17,00","","7,00","","24,10","","101,43","","","","","","Généralement dégagé"
"1980-09-13 23:00","1980","09","13","23:00"," ","","","","","","","","","","","","","","","","","","",""
"1980-09-13 23:30","1980","09","13","23:30"," ","5,40","","3,50","","88,00","","0,00","","0,00","","24,10","","101,43","","","","","","Généralement dégagé"
"1980-09-14 00:00","1980","09","14","00:00"," ","","","","","","","","","","","","","","","","","","",""
"1980-09-14 00:30","1980","09","14","00:30"," ","4,20","","3,10","","92,00","","0,00","","0,00","","24,10","","101,43","","","","","","Généralement dégagé"
"1980-09-14 01:00","1980","09","14","01:00"," ","","","","","","","","","","","","","","","","","","",""
"1980-09-14 01:30","1980","09","14","01:30"," ","2,40","","1,00","","91,00","","0,00","","0,00","","24,10","","101,46","","","","","","Généralement dégagé"
"1980-09-14 02:00","1980","09","14","02:00"," ","","","","","","","","","","","","","","","","","","",""
"1980-09-14 02:30","1980","09","14","02:30"," ","2,20","","1,00","","92,00","","0,00","","0,00","","24,10","","101,46","","","","","","Généralement dégagé"
"1980-09-14 03:00","1980","09","14","03:00"," ","","","","","","","","","","","","","","","","","","",""
"1980-09-14 03:30","1980","09","14","03:30"," ","3,20","","1,30","","87,00","","23,00","","7,00","","24,10","","101,50","","","","","","Généralement dégagé"
"1980-09-14 04:00","1980","09","14","04:00"," ","","","","","","","","","","","","","","","","","","",""
"1980-09-14 04:30","1980","09","14","04:30"," ","3,30","","1,40","","87,00","","26,00","","9,00","","24,10","","101,50","","","","","","Généralement dégagé"
"1980-09-14 05:00","1980","09","14","05:00"," ","","","","","","","","","","","","","","","","","","",""
"1980-09-14 05:30","1980","09","14","05:30"," ","3,30","","1,20","","86,00","","25,00","","6,00","","24,10","","101,53","","","","","","Généralement dégagé"
"1980-09-14 06:00","1980","09","14","06:00"," ","","","","","","","","","","","","","","","","","","",""
"1980-09-14 06:30","1980","09","14","06:30"," ","4,60","","3,30","","91,00","","25,00","","19,00","","24,10","","101,56","","","","","","Généralement dégagé"
"1980-09-14 07:00","1980","09","14","07:00"," ","","","","","","","","","","","","","","","","","","",""
"1980-09-14 07:30","1980","09","14","07:30"," ","8,20","","4,10","","75,00","","23,00","","9,00","","24,10","","101,63","","","","","","Généralement dégagé"
"1980-09-14 08:00","1980","09","14","08:00"," ","","","","","","","","","","","","","","","","","","",""
"1980-09-14 08:30","1980","09","14","08:30"," ","10,00","","5,70","","75,00","","23,00","","19,00","","24,10","","101,60","","","","","","Généralement dégagé"
"1980-09-14 09:00","1980","09","14","09:00"," ","","","","","","","","","","","","","","","","","","",""
"1980-09-14 09:30","1980","09","14","09:30"," ","12,00","","5,00","","62,00","","26,00","","22,00","","24,10","","101,60","","","","","","Généralement dégagé"
"1980-09-14 10:00","1980","09","14","10:00"," ","","","","","","","","","","","","","","","","","","",""
"1980-09-14 10:30","1980","09","14","10:30"," ","13,00","","5,70","","61,00","","29,00","","9,00","","24,10","","101,53","","","","","","Généralement dégagé"
"1980-09-14 11:00","1980","09","14","11:00"," ","","","","","","","","","","","","","","","","","","",""
"1980-09-14 11:30","1980","09","14","11:30"," ","15,40","","5,90","","53,00","","23,00","","28,00","","24,10","","101,50","","","","","","Généralement nuageux"
"1980-09-14 12:00","1980","09","14","12:00"," ","","","","","","","","","","","","","","","","","","",""
"1980-09-14 12:30","1980","09","14","12:30"," ","15,80","","5,70","","51,00","","25,00","","28,00","","24,10","","101,46","","","","","","Généralement nuageux"
"1980-09-14 13:00","1980","09","14","13:00"," ","","","","","","","","","","","","","","","","","","",""
"1980-09-14 13:30","1980","09","14","13:30"," ","15,50","","5,30","","51,00","","22,00","","19,00","","24,10","","101,40","","","","","","Généralement nuageux"
"1980-09-14 14:00","1980","09","14","14:00"," ","","","","","","","","","","","","","","","","","","",""
"1980-09-14 14:30","1980","09","14","14:30"," ","15,20","","5,00","","50,00","","23,00","","22,00","","24,10","","101,40","","","","","","Généralement nuageux"
"1980-09-14 15:00","1980","09","14","15:00"," ","","","","","","","","","","","","","","","","","","",""
"1980-09-14 15:30","1980","09","14","15:30"," ","14,80","","5,40","","53,00","","24,00","","28,00","","24,10","","101,36","","","","","","Généralement nuageux"
"1980-09-14 16:00","1980","09","14","16:00"," ","","","","","","","","","","","","","","","","","","",""
"1980-09-14 16:30","1980","09","14","16:30"," ","13,80","","5,30","","56,00","","25,00","","19,00","","24,10","","101,36","","","","","","Nuageux"
"1980-09-14 17:00","1980","09","14","17:00"," ","","","","","","","","","","","","","","","","","","",""
"1980-09-14 17:30","1980","09","14","17:30"," ","12,10","","6,40","","68,00","","26,00","","15,00","","24,10","","101,33","","","","","","Nuageux"
"1980-09-14 18:00","1980","09","14","18:00"," ","","","","","","","","","","","","","","","","","","",""
"1980-09-14 18:30","1980","09","14","18:30"," ","11,40","","6,50","","72,00","","24,00","","11,00","","24,10","","101,33","","","","","","Nuageux"
"1980-09-14 19:00","1980","09","14","19:00"," ","","","","","","","","","","","","","","","","","","",""
"1980-09-14 19:30","1980","09","14","19:30"," ","10,90","","6,40","","74,00","","25,00","","9,00","","24,10","","101,29","","","","","","Nuageux"
"1980-09-14 20:00","1980","09","14","20:00"," ","","","","","","","","","","","","","","","","","","",""
"1980-09-14 20:30","1980","09","14","20:30"," ","9,10","","6,20","","82,00","","21,00","","6,00","","24,10","","101,29","","","","","","Nuageux"
"1980-09-14 21:00","1980","09","14","21:00"," ","","","","","","","","","","","","","","","","","","",""
"1980-09-14 21:30","1980","09","14","21:30"," ","10,30","","7,40","","82,00","","0,00","","0,00","","24,10","","101,29","","","","","","Nuageux"
"1980-09-14 22:00","1980","09","14","22:00"," ","","","","","","","","","","","","","","","","","","",""
"1980-09-14 22:30","1980","09","14","22:30"," ","8,20","","6,30","","88,00","","20,00","","6,00","","24,10","","101,26","","","","","","Nuageux"
"1980-09-14 23:00","1980","09","14","23:00"," ","","","","","","","","","","","","","","","","","","",""
"1980-09-14 23:30","1980","09","14","23:30"," ","8,20","","6,40","","88,00","","4,00","","6,00","","24,10","","101,23","","","","","","Nuageux"
"1980-09-15 00:00","1980","09","15","00:00"," ","","","","","","","","","","","","","","","","","","",""
"1980-09-15 00:30","1980","09","15","00:30"," ","8,00","","6,30","","89,00","","0,00","","0,00","","24,10","","101,19","","","","","","Nuageux"
"1980-09-15 01:00","1980","09","15","01:00"," ","","","","","","","","","","","","","","","","","","",""
"1980-09-15 01:30","1980","09","15","01:30"," ","8,10","","6,20","","88,00","","0,00","","0,00","","24,10","","101,16","","","","","","Nuageux"
"1980-09-15 02:00","1980","09","15","02:00"," ","","","","","","","","","","","","","","","","","","",""
"1980-09-15 02:30","1980","09","15","02:30"," ","7,80","","6,00","","89,00","","0,00","","0,00","","24,10","","101,13","","","","","","Nuageux"
"1980-09-15 03:00","1980","09","15","03:00"," ","","","","","","","","","","","","","","","","","","",""
"1980-09-15 03:30","1980","09","15","03:30"," ","7,60","","6,00","","90,00","","0,00","","0,00","","24,10","","101,06","","","","","","Nuageux"
"1980-09-15 04:00","1980","09","15","04:00"," ","","","","","","","","","","","","","","","","","","",""
"1980-09-15 04:30","1980","09","15","04:30"," ","7,80","","6,10","","89,00","","0,00","","0,00","","24,10","","101,06","","","","","","Nuageux"
"1980-09-15 05:00","1980","09","15","05:00"," ","","","","","","","","","","","","","","","","","","",""
"1980-09-15 05:30","1980","09","15","05:30"," ","7,80","","6,00","","89,00","","0,00","","0,00","","24,10","","100,99","","","","","","Nuageux"
"1980-09-15 06:00","1980","09","15","06:00"," ","","","","","","","","","","","","","","","","","","",""
"1980-09-15 06:30","1980","09","15","06:30"," ","8,00","","6,30","","89,00","","0,00","","0,00","","24,10","","100,96","","","","","","Nuageux"
"1980-09-15 07:00","1980","09","15","07:00"," ","","","","","","","","","","","","","","","","","","",""
"1980-09-15 07:30","1980","09","15","07:30"," ","8,20","","6,10","","87,00","","4,00","","7,00","","24,10","","100,92","","","","","","Nuageux"
"1980-09-15 08:00","1980","09","15","08:00"," ","","","","","","","","","","","","","","","","","","",""
"1980-09-15 08:30","1980","09","15","08:30"," ","8,30","","6,20","","87,00","","5,00","","9,00","","12,90","","100,92","","","","","","Averses de pluie"
"1980-09-15 09:00","1980","09","15","09:00"," ","","","","","","","","","","","","","","","","","","",""
"1980-09-15 09:30","1980","09","15","09:30"," ","8,50","","6,50","","87,00","","4,00","","9,00","","12,90","","100,89","","","","","","Averses de pluie"
"1980-09-15 10:00","1980","09","15","10:00"," ","","","","","","","","","","","","","","","","","","",""
"1980-09-15 10:30","1980","09","15","10:30"," ","8,80","","6,60","","86,00","","3,00","","9,00","","6,40","","100,85","","","","","","Averses de pluie,Brouillard"
"1980-09-15 11:00","1980","09","15","11:00"," ","","","","","","","","","","","","","","","","","","",""
"1980-09-15 11:30","1980","09","15","11:30"," ","9,20","","7,10","","87,00","","5,00","","11,00","","6,40","","100,75","","","","","","Averses de pluie,Brouillard"
"1980-09-15 12:00","1980","09","15","12:00"," ","","","","","","","","","","","","","","","","","","",""
"1980-09-15 12:30","1980","09","15","12:30"," ","9,60","","8,70","","94,00","","6,00","","13,00","","6,40","","100,69","","","","","","Averses de pluie,Brouillard"
"1980-09-15 13:00","1980","09","15","13:00"," ","","","","","","","","","","","","","","","","","","",""
"1980-09-15 13:30","1980","09","15","13:30"," ","9,60","","9,40","","99,00","","3,00","","13,00","","4,80","","100,62","","","","","","Averses de pluie,Brouillard"
"1980-09-15 14:00","1980","09","15","14:00"," ","","","","","","","","","","","","","","","","","","",""
"1980-09-15 14:30","1980","09","15","14:30"," ","9,90","","9,40","","97,00","","4,00","","28,00","","8,00","","100,58","","","","","","Averses de pluie,Brouillard"
"1980-09-15 15:00","1980","09","15","15:00"," ","","","","","","","","","","","","","","","","","","",""
"1980-09-15 15:30","1980","09","15","15:30"," ","9,40","","9,20","","99,00","","4,00","","15,00","","19,30","","100,48","","","","","","Averses de pluie"
"1980-09-15 16:00","1980","09","15","16:00"," ","","","","","","","","","","","","","","","","","","",""
"1980-09-15 16:30","1980","09","15","16:30"," ","9,00","","8,70","","98,00","","4,00","","15,00","","19,30","","100,45","","","","","","Averses de pluie"
"1980-09-15 17:00","1980","09","15","17:00"," ","","","","","","","","","","","","","","","","","","",""
"1980-09-15 17:30","1980","09","15","17:30"," ","8,70","","8,30","","97,00","","5,00","","13,00","","19,30","","100,42","","","","","","Averses de pluie"
"1980-09-15 18:00","1980","09","15","18:00"," ","","","","","","","","","","","","","","","","","","",""
"1980-09-15 18:30","1980","09","15","18:30"," ","8,20","","8,00","","99,00","","4,00","","17,00","","19,30","","100,48","","","","","","Averses de pluie"
"1980-09-15 19:00","1980","09","15","19:00"," ","","","","","","","","","","","","","","","","","","",""
"1980-09-15 19:30","1980","09","15","19:30"," ","7,60","","7,40","","98,00","","5,00","","17,00","","24,10","","100,48","","","","","","Averses de pluie"
"1980-09-15 20:00","1980","09","15","20:00"," ","","","","","","","","","","","","","","","","","","",""
"1980-09-15 20:30","1980","09","15","20:30"," ","7,60","","7,30","","98,00","","4,00","","20,00","","24,10","","100,55","","","","","","Averses de pluie"
"1980-09-15 21:00","1980","09","15","21:00"," ","","","","","","","","","","","","","","","","","","",""
"1980-09-15 21:30","1980","09","15","21:30"," ","7,60","","7,30","","98,00","","2,00","","20,00","","24,10","","100,55","","","","","","Généralement nuageux"
"1980-09-15 22:00","1980","09","15","22:00"," ","","","","","","","","","","","","","","","","","","",""
"1980-09-15 22:30","1980","09","15","22:30"," ","7,30","","7,20","","100,00","","4,00","","15,00","","24,10","","100,55","","","","","","Généralement nuageux"
"1980-09-15 23:00","1980","09","15","23:00"," ","","","","","","","","","","","","","","","","","","",""
"1980-09-15 23:30","1980","09","15","23:30"," ","7,20","","7,10","","99,00","","0,00","","0,00","","24,10","","100,65","","","","","","Nuageux"
"1980-09-16 00:00","1980","09","16","00:00"," ","","","","","","","","","","","","","","","","","","",""
"1980-09-16 00:30","1980","09","16","00:30"," ","6,60","","6,20","","97,00","","0,00","","0,00","","24,10","","100,72","","","","","","Nuageux"
"1980-09-16 01:00","1980","09","16","01:00"," ","","","","","","","","","","","","","","","","","","",""
"1980-09-16 01:30","1980","09","16","01:30"," ","4,80","","4,50","","98,00","","31,00","","9,00","","24,10","","100,79","","","","","","Nuageux"
"1980-09-16 02:00","1980","09","16","02:00"," ","","","","","","","","","","","","","","","","","","",""
"1980-09-16 02:30","1980","09","16","02:30"," ","3,50","","3,20","","98,00","","32,00","","11,00","","24,10","","100,85","","","","","","Généralement nuageux"
"1980-09-16 03:00","1980","09","16","03:00"," ","","","","","","","","","","","","","","","","","","",""
"1980-09-16 03:30","1980","09","16","03:30"," ","3,20","","-1,10","","73,00","","0,00","","0,00","","24,10","","100,92","","","","","","Généralement dégagé"
"1980-09-16 04:00","1980","09","16","04:00"," ","","","","","","","","","","","","","","","","","","",""
"1980-09-16 04:30","1980","09","16","04:30"," ","4,20","","-0,80","","70,00","","0,00","","0,00","","24,10","","100,99","","","","","","Généralement dégagé"
"1980-09-16 05:00","1980","09","16","05:00"," ","","","","","","","","","","","","","","","","","","",""
"1980-09-16 05:30","1980","09","16","05:30"," ","4,20","","-1,20","","68,00","","0,00","","0,00","","24,10","","101,13","","","","","","Généralement dégagé"
"1980-09-16 06:00","1980","09","16","06:00"," ","","","","","","","","","","","","","","","","","","",""
"1980-09-16 06:30","1980","09","16","06:30"," ","2,80","","2,40","","97,00","","0,00","","0,00","","6,40","","101,26","","","","","","Brouillard"
"1980-09-16 07:00","1980","09","16","07:00"," ","","","","","","","","","","","","","","","","","","",""
"1980-09-16 07:30","1980","09","16","07:30"," ","5,00","","3,10","","88,00","","18,00","","6,00","","24,10","","101,43","","","","","","Généralement dégagé"
"1980-09-16 08:00","1980","09","16","08:00"," ","","","","","","","","","","","","","","","","","","",""
"1980-09-16 08:30","1980","09","16","08:30"," ","8,10","","4,30","","77,00","","21,00","","6,00","","24,10","","101,53","","","","","","Généralement dégagé"
"1980-09-16 09:00","1980","09","16","09:00"," ","","","","","","","","","","","","","","","","","","",""
"1980-09-16 09:30","1980","09","16","09:30"," ","9,00","","4,40","","73,00","","21,00","","6,00","","24,10","","101,60","","","","","","Généralement dégagé"
"1980-09-16 10:00","1980","09","16","10:00"," ","","","","","","","","","","","","","","","","","","",""
"1980-09-16 10:30","1980","09","16","10:30"," ","10,30","","5,20","","71,00","","20,00","","15,00","","24,10","","101,60","","","","","","Généralement dégagé"
"1980-09-16 11:00","1980","09","16","11:00"," ","","","","","","","","","","","","","","","","","","",""
"1980-09-16 11:30","1980","09","16","11:30"," ","11,50","","4,50","","62,00","","28,00","","19,00","","24,10","","101,63","","","","","","Généralement dégagé"
"1980-09-16 12:00","1980","09","16","12:00"," ","","","","","","","","","","","","","","","","","","",""
"1980-09-16 12:30","1980","09","16","12:30"," ","11,70","","3,60","","57,00","","31,00","","22,00","","24,10","","101,67","","","","","","Généralement dégagé"
"1980-09-16 13:00","1980","09","16","13:00"," ","","","","","","","","","","","","","","","","","","",""
"1980-09-16 13:30","1980","09","16","13:30"," ","11,90","","3,40","","56,00","","27,00","","11,00","","24,10","","101,70","","","","","","Généralement dégagé"
"1980-09-16 14:00","1980","09","16","14:00"," ","","","","","","","","","","","","","","","","","","",""
"1980-09-16 14:30","1980","09","16","14:30"," ","12,80","","3,50","","53,00","","28,00","","13,00","","24,10","","101,77","","","","","","Généralement dégagé"
"1980-09-16 15:00","1980","09","16","15:00"," ","","","","","","","","","","","","","","","","","","",""
"1980-09-16 15:30","1980","09","16","15:30"," ","13,10","","3,60","","52,00","","29,00","","19,00","","24,10","","101,84","","","","","","Dégagé"
"1980-09-16 16:00","1980","09","16","16:00"," ","","","","","","","","","","","","","","","","","","",""
"1980-09-16 16:30","1980","09","16","16:30"," ","12,30","","4,10","","57,00","","30,00","","22,00","","24,10","","101,94","","","","","","Dégagé"
"1980-09-16 17:00","1980","09","16","17:00"," ","","","","","","","","","","","","","","","","","","",""
"1980-09-16 17:30","1980","09","16","17:30"," ","11,30","","3,80","","60,00","","30,00","","19,00","","24,10","","102,04","","","","","","Dégagé"
"1980-09-16 18:00","1980","09","16","18:00"," ","","","","","","","","","","","","","","","","","","",""
"1980-09-16 18:30","1980","09","16","18:30"," ","8,20","","3,70","","73,00","","0,00","","0,00","","24,10","","102,14","","","","","","Dégagé"
"1980-09-16 19:00","1980","09","16","19:00"," ","","","","","","","","","","","","","","","","","","",""
"1980-09-16 19:30","1980","09","16","19:30"," ","6,20","","2,90","","79,00","","23,00","","7,00","","24,10","","102,24","","","","","","Dégagé"
"1980-09-16 20:00","1980","09","16","20:00"," ","","","","","","","","","","","","","","","","","","",""
"1980-09-16 20:30","1980","09","16","20:30"," ","5,60","","3,30","","85,00","","25,00","","15,00","","24,10","","102,34","","","","","","Dégagé"
"1980-09-16 21:00","1980","09","16","21:00"," ","","","","","","","","","","","","","","","","","","",""
"1980-09-16 21:30","1980","09","16","21:30"," ","2,30","","-1,20","","78,00","","0,00","","0,00","","24,10","","102,38","","","","","","Dégagé"
"1980-09-16 22:00","1980","09","16","22:00"," ","","","","","","","","","","","","","","","","","","",""
"1980-09-16 22:30","1980","09","16","22:30"," ","0,10","","-2,20","","84,00","","0,00","","0,00","","24,10","","102,44","","","","","","Dégagé"
"1980-09-16 23:00","1980","09","16","23:00"," ","","","","","","","","","","","","","","","","","","",""
"1980-09-16 23:30","1980","09","16","23:30"," ","-1,40","","-2,40","","93,00","","0,00","","0,00","","24,10","","102,44","","","","","","Dégagé"
"1980-09-17 00:00","1980","09","17","00:00"," ","","","","","","","","","","","","","","","","","","",""
"1980-09-17 00:30","1980","09","17","00:30"," ","-1,20","","-2,30","","92,00","","0,00","","0,00","","4,80","","102,48","","","","","","Brouillard"
"1980-09-17 01:00","1980","09","17","01:00"," ","","","","","","","","","","","","","","","","","","",""
"1980-09-17 01:30","1980","09","17","01:30"," ","-1,10","","-2,10","","93,00","","0,00","","0,00","","4,80","","102,48","","","","","","Brouillard"
"1980-09-17 02:00","1980","09","17","02:00"," ","","","","","","","","","","","","","","","","","","",""
"1980-09-17 02:30","1980","09","17","02:30"," ","1,20","","-2,10","","78,00","","0,00","","0,00","","4,80","","102,48","","","","","","Brouillard"
"1980-09-17 03:00","1980","09","17","03:00"," ","","","","","","","","","","","","","","","","","","",""
"1980-09-17 03:30","1980","09","17","03:30"," ","-1,80","","-2,60","","94,00","","0,00","","0,00","","3,20","","102,48","","","","","","Brouillard"
"1980-09-17 04:00","1980","09","17","04:00"," ","","","","","","","","","","","","","","","","","","",""
"1980-09-17 04:30","1980","09","17","04:30"," ","-2,20","","-3,10","","94,00","","0,00","","0,00","","3,20","","102,48","","","","","","Brouillard"
"1980-09-17 05:00","1980","09","17","05:00"," ","","","","","","","","","","","","","","","","","","",""
"1980-09-17 05:30","1980","09","17","05:30"," ","-2,80","","-3,50","","95,00","","0,00","","0,00","","12,90","","102,48","","","","","","Généralement dégagé"
"1980-09-17 06:00","1980","09","17","06:00"," ","","","","","","","","","","","","","","","","","","",""
"1980-09-17 06:30","1980","09","17","06:30"," ","-2,50","","-3,50","","93,00","","14,00","","7,00","","12,90","","102,51","","","","-5,00","","Généralement dégagé"
"1980-09-17 07:00","1980","09","17","07:00"," ","","","","","","","","","","","","","","","","","","",""
"1980-09-17 07:30","1980","09","17","07:30"," ","-1,00","","-1,70","","95,00","","4,00","","9,00","","1,60","","102,58","","","","-4,00","","Brouillard"
"1980-09-17 08:00","1980","09","17","08:00"," ","","","","","","","","","","","","","","","","","","",""
"1980-09-17 08:30","1980","09","17","08:30"," ","2,30","","1,00","","91,00","","0,00","","0,00","","24,10","","102,68","","","","","","Généralement dégagé"
"1980-09-17 09:00","1980","09","17","09:00"," ","","","","","","","","","","","","","","","","","","",""
"1980-09-17 09:30","1980","09","17","09:30"," ","6,00","","3,40","","83,00","","24,00","","6,00","","24,10","","102,68","","","","","","Généralement dégagé"
"1980-09-17 10:00","1980","09","17","10:00"," ","","","","","","","","","","","","","","","","","","",""
"1980-09-17 10:30","1980","09","17","10:30"," ","11,60","","3,90","","59,00","","23,00","","15,00","","24,10","","102,58","","","","","","Généralement dégagé"
"1980-09-17 11:00","1980","09","17","11:00"," ","","","","","","","","","","","","","","","","","","",""
"1980-09-17 11:30","1980","09","17","11:30"," ","15,00","","3,00","","44,00","","23,00","","22,00","","24,10","","102,51","","","","","","Généralement dégagé"
"1980-09-17 12:00","1980","09","17","12:00"," ","","","","","","","","","","","","","","","","","","",""
"1980-09-17 12:30","1980","09","17","12:30"," ","16,40","","4,00","","44,00","","18,00","","28,00","","24,10","","102,48","","","","","","Généralement dégagé"
"1980-09-17 13:00","1980","09","17","13:00"," ","","","","","","","","","","","","","","","","","","",""
"1980-09-17 13:30","1980","09","17","13:30"," ","17,40","","3,90","","41,00","","20,00","","28,00","","24,10","","102,41","","","","","","Généralement dégagé"
"1980-09-17 14:00","1980","09","17","14:00"," ","","","","","","","","","","","","","","","","","","",""
"1980-09-17 14:30","1980","09","17","14:30"," ","17,20","","2,90","","38,00","","22,00","","28,00","","24,10","","102,34","","","","","","Généralement dégagé"
"1980-09-17 15:00","1980","09","17","15:00"," ","","","","","","","","","","","","","","","","","","",""
"1980-09-17 15:30","1980","09","17","15:30"," ","17,10","","3,00","","39,00","","21,00","","28,00","","24,10","","102,34","","","","","","Généralement dégagé"
"1980-09-17 16:00","1980","09","17","16:00"," ","","","","","","","","","","","","","","","","","","",""
"1980-09-17 16:30","1980","09","17","16:30"," ","16,30","","4,10","","44,00","","21,00","","28,00","","24,10","","102,34","","","","","","Généralement dégagé"
"1980-09-17 17:00","1980","09","17","17:00"," ","","","","","","","","","","","","","","","","","","",""
"1980-09-17 17:30","1980","09","17","17:30"," ","15,20","","3,80","","46,00","","21,00","","22,00","","24,10","","102,34","","","","","","Généralement dégagé"
"1980-09-17 18:00","1980","09","17","18:00"," ","","","","","","","","","","","","","","","","","","",""
"1980-09-17 18:30","1980","09","17","18:30"," ","11,30","","3,90","","60,00","","21,00","","19,00","","24,10","","102,38","","","","","","Généralement dégagé"
"1980-09-17 19:00","1980","09","17","19:00"," ","","","","","","","","","","","","","","","","","","",""
"1980-09-17 19:30","1980","09","17","19:30"," ","11,20","","4,40","","63,00","","21,00","","19,00","","24,10","","102,38","","","","","","Généralement nuageux"
"1980-09-17 20:00","1980","09","17","20:00"," ","","","","","","","","","","","","","","","","","","",""
"1980-09-17 20:30","1980","09","17","20:30"," ","10,30","","4,70","","68,00","","20,00","","22,00","","24,10","","102,31","","","","","","Généralement nuageux"
"1980-09-17 21:00","1980","09","17","21:00"," ","","","","","","","","","","","","","","","","","","",""
"1980-09-17 21:30","1980","09","17","21:30"," ","10,10","","5,30","","72,00","","21,00","","19,00","","24,10","","102,24","","","","","","Généralement nuageux"
"1980-09-17 22:00","1980","09","17","22:00"," ","","","","","","","","","","","","","","","","","","",""
"1980-09-17 22:30","1980","09","17","22:30"," ","9,60","","5,10","","74,00","","20,00","","15,00","","24,10","","102,21","","","","","","Généralement nuageux"
"1980-09-17 23:00","1980","09","17","23:00"," ","","","","","","","","","","","","","","","","","","",""
"1980-09-17 23:30","1980","09","17","23:30"," ","9,10","","5,40","","78,00","","20,00","","19,00","","24,10","","102,14","","","","","","Généralement nuageux"
"1980-09-18 00:00","1980","09","18","00:00"," ","","","","","","","","","","","","","","","","","","",""
"1980-09-18 00:30","1980","09","18","00:30"," ","9,00","","4,50","","73,00","","20,00","","9,00","","24,10","","102,14","","","","","","Généralement dégagé"
"1980-09-18 01:00","1980","09","18","01:00"," ","","","","","","","","","","","","","","","","","","",""
"1980-09-18 01:30","1980","09","18","01:30"," ","9,00","","5,50","","79,00","","0,00","","0,00","","24,10","","102,07","","","","","","Généralement dégagé"
"1980-09-18 02:00","1980","09","18","02:00"," ","","","","","","","","","","","","","","","","","","",""
"1980-09-18 02:30","1980","09","18","02:30"," ","9,40","","5,60","","77,00","","23,00","","9,00","","24,10","","102,00","","","","","","Généralement dégagé"
"1980-09-18 03:00","1980","09","18","03:00"," ","","","","","","","","","","","","","","","","","","",""
"1980-09-18 03:30","1980","09","18","03:30"," ","9,60","","6,40","","80,00","","24,00","","22,00","","24,10","","101,94","","","","","","Généralement dégagé"
"1980-09-18 04:00","1980","09","18","04:00"," ","","","","","","","","","","","","","","","","","","",""
"1980-09-18 04:30","1980","09","18","04:30"," ","9,70","","6,70","","82,00","","23,00","","19,00","","24,10","","101,94","","","","","","Généralement dégagé"
"1980-09-18 05:00","1980","09","18","05:00"," ","","","","","","","","","","","","","","","","","","",""
"1980-09-18 05:30","1980","09","18","05:30"," ","9,80","","6,40","","79,00","","20,00","","22,00","","24,10","","101,90","","","","","","Généralement nuageux"
"1980-09-18 06:00","1980","09","18","06:00"," ","","","","","","","","","","","","","","","","","","",""
"1980-09-18 06:30","1980","09","18","06:30"," ","11,10","","7,40","","78,00","","13,00","","15,00","","24,10","","101,87","","","","","","Généralement nuageux"
"1980-09-18 07:00","1980","09","18","07:00"," ","","","","","","","","","","","","","","","","","","",""
"1980-09-18 07:30","1980","09","18","07:30"," ","11,90","","7,40","","74,00","","18,00","","19,00","","24,10","","101,87","","","","","","Généralement nuageux"
"1980-09-18 08:00","1980","09","18","08:00"," ","","","","","","","","","","","","","","","","","","",""
"1980-09-18 08:30","1980","09","18","08:30"," ","12,60","","8,20","","75,00","","19,00","","22,00","","24,10","","101,84","","","","","","Généralement nuageux"
"1980-09-18 09:00","1980","09","18","09:00"," ","","","","","","","","","","","","","","","","","","",""
"1980-09-18 09:30","1980","09","18","09:30"," ","13,70","","8,50","","71,00","","20,00","","26,00","","24,10","","101,77","","","","","","Généralement nuageux"
"1980-09-18 10:00","1980","09","18","10:00"," ","","","","","","","","","","","","","","","","","","",""
"1980-09-18 10:30","1980","09","18","10:30"," ","16,40","","9,10","","62,00","","20,00","","26,00","","24,10","","101,73","","","","","","Généralement nuageux"
"1980-09-18 11:00","1980","09","18","11:00"," ","","","","","","","","","","","","","","","","","","",""
"1980-09-18 11:30","1980","09","18","11:30"," ","18,00","","11,00","","64,00","","22,00","","24,00","","24,10","","101,63","","","","","","Généralement nuageux"
"1980-09-18 12:00","1980","09","18","12:00"," ","","","","","","","","","","","","","","","","","","",""
"1980-09-18 12:30","1980","09","18","12:30"," ","17,20","","10,30","","64,00","","21,00","","24,00","","24,10","","101,53","","","","","","Généralement nuageux"
"1980-09-18 13:00","1980","09","18","13:00"," ","","","","","","","","","","","","","","","","","","",""
"1980-09-18 13:30","1980","09","18","13:30"," ","16,60","","10,10","","65,00","","19,00","","41,00","","24,10","","101,46","","","","","","Généralement nuageux"
"1980-09-18 14:00","1980","09","18","14:00"," ","","","","","","","","","","","","","","","","","","",""
"1980-09-18 14:30","1980","09","18","14:30"," ","16,60","","10,40","","67,00","","19,00","","26,00","","24,10","","101,46","","","","","","Généralement nuageux"
"1980-09-18 15:00","1980","09","18","15:00"," ","","","","","","","","","","","","","","","","","","",""
"1980-09-18 15:30","1980","09","18","15:30"," ","16,80","","10,30","","66,00","","20,00","","22,00","","24,10","","101,50","","","","","","Nuageux"
"1980-09-18 16:00","1980","09","18","16:00"," ","","","","","","","","","","","","","","","","","","",""
"1980-09-18 16:30","1980","09","18","16:30"," ","15,10","","9,70","","70,00","","21,00","","22,00","","24,10","","101,50","","","","","","Nuageux"
"1980-09-18 17:00","1980","09","18","17:00"," ","","","","","","","","","","","","","","","","","","",""
"1980-09-18 17:30","1980","09","18","17:30"," ","13,90","","9,30","","74,00","","21,00","","22,00","","24,10","","101,50","","","","","","Nuageux"
"1980-09-18 18:00","1980","09","18","18:00"," ","","","","","","","","","","","","","","","","","","",""
"1980-09-18 18:30","1980","09","18","18:30"," ","13,70","","9,20","","74,00","","21,00","","19,00","","16,10","","101,46","","","","","","Averses de pluie"
"1980-09-18 19:00","1980","09","18","19:00"," ","","","","","","","","","","","","","","","","","","",""
"1980-09-18 19:30","1980","09","18","19:30"," ","12,30","","8,80","","79,00","","5,00","","7,00","","16,10","","101,40","","","","","","Averses de pluie"
"1980-09-18 20:00","1980","09","18","20:00"," ","","","","","","","","","","","","","","","","","","",""
"1980-09-18 20:30","1980","09","18","20:30"," ","11,90","","9,20","","84,00","","0,00","","0,00","","16,10","","101,33","","","","","","Averses de pluie"
"1980-09-18 21:00","1980","09","18","21:00"," ","","","","","","","","","","","","","","","","","","",""
"1980-09-18 21:30","1980","09","18","21:30"," ","11,90","","9,10","","83,00","","0,00","","0,00","","16,10","","101,29","","","","","","Averses de pluie"
"1980-09-18 22:00","1980","09","18","22:00"," ","","","","","","","","","","","","","","","","","","",""
"1980-09-18 22:30","1980","09","18","22:30"," ","11,80","","9,30","","85,00","","0,00","","0,00","","16,10","","101,23","","","","","","Averses de pluie"
"1980-09-18 23:00","1980","09","18","23:00"," ","","","","","","","","","","","","","","","","","","",""
"1980-09-18 23:30","1980","09","18","23:30"," ","12,70","","10,20","","85,00","","20,00","","15,00","","16,10","","101,13","","","","","","Averses de pluie"
"1980-09-19 00:00","1980","09","19","00:00"," ","","","","","","","","","","","","","","","","","","",""
"1980-09-19 00:30","1980","09","19","00:30"," ","12,40","","10,10","","86,00","","9,00","","19,00","","12,90","","101,06","","","","","","Averses de pluie"
"1980-09-19 01:00","1980","09","19","01:00"," ","","","","","","","","","","","","","","","","","","",""
"1980-09-19 01:30","1980","09","19","01:30"," ","12,30","","10,20","","87,00","","3,00","","7,00","","12,90","","100,99","","","","","","Averses de pluie"
"1980-09-19 02:00","1980","09","19","02:00"," ","","","","","","","","","","","","","","","","","","",""
"1980-09-19 02:30","1980","09","19","02:30"," ","12,10","","10,10","","88,00","","0,00","","0,00","","12,90","","100,96","","","","","","Averses de pluie"
"1980-09-19 03:00","1980","09","19","03:00"," ","","","","","","","","","","","","","","","","","","",""
"1980-09-19 03:30","1980","09","19","03:30"," ","11,10","","9,30","","88,00","","4,00","","6,00","","12,90","","100,92","","","","","","Averses de pluie"
"1980-09-19 04:00","1980","09","19","04:00"," ","","","","","","","","","","","","","","","","","","",""
"1980-09-19 04:30","1980","09","19","04:30"," ","11,20","","10,10","","93,00","","0,00","","0,00","","12,90","","100,92","","","","","","Averses de pluie"
"1980-09-19 05:00","1980","09","19","05:00"," ","","","","","","","","","","","","","","","","","","",""
"1980-09-19 05:30","1980","09","19","05:30"," ","11,70","","11,20","","97,00","","6,00","","6,00","","9,70","","100,92","","","","","","Averses de pluie,Brouillard"
"1980-09-19 06:00","1980","09","19","06:00"," ","","","","","","","","","","","","","","","","","","",""
"1980-09-19 06:30","1980","09","19","06:30"," ","11,90","","11,40","","97,00","","14,00","","7,00","","4,80","","100,96","","","","","","Brouillard"
"1980-09-19 07:00","1980","09","19","07:00"," ","","","","","","","","","","","","","","","","","","",""
"1980-09-19 07:30","1980","09","19","07:30"," ","12,10","","11,30","","95,00","","21,00","","6,00","","6,40","","100,99","","","","","","Brouillard"
"1980-09-19 08:00","1980","09","19","08:00"," ","","","","","","","","","","","","","","","","","","",""
"1980-09-19 08:30","1980","09","19","08:30"," ","12,80","","11,10","","90,00","","21,00","","7,00","","12,90","","101,02","","","","","","Généralement nuageux"
"1980-09-19 09:00","1980","09","19","09:00"," ","","","","","","","","","","","","","","","","","","",""
"1980-09-19 09:30","1980","09","19","09:30"," ","12,80","","12,20","","96,00","","4,00","","22,00","","4,80","","101,13","","","","","","Bruine,Brouillard"
"1980-09-19 10:00","1980","09","19","10:00"," ","","","","","","","","","","","","","","","","","","",""
"1980-09-19 10:30","1980","09","19","10:30"," ","12,70","","12,00","","95,00","","4,00","","19,00","","3,20","","101,16","","","","","","Bruine,Brouillard"
"1980-09-19 11:00","1980","09","19","11:00"," ","","","","","","","","","","","","","","","","","","",""
"1980-09-19 11:30","1980","09","19","11:30"," ","11,00","","10,30","","95,00","","4,00","","28,00","","3,20","","101,19","","","","","","Bruine,Brouillard"
"1980-09-19 12:00","1980","09","19","12:00"," ","","","","","","","","","","","","","","","","","","",""
"1980-09-19 12:30","1980","09","19","12:30"," ","10,20","","8,10","","87,00","","4,00","","28,00","","4,80","","101,19","","","","","","Bruine,Brouillard"
"1980-09-19 13:00","1980","09","19","13:00"," ","","","","","","","","","","","","","","","","","","",""
"1980-09-19 13:30","1980","09","19","13:30"," ","8,30","","5,20","","81,00","","4,00","","22,00","","16,10","","101,16","","","","","","Nuageux"
"1980-09-19 14:00","1980","09","19","14:00"," ","","","","","","","","","","","","","","","","","","",""
"1980-09-19 14:30","1980","09","19","14:30"," ","7,90","","4,70","","80,00","","4,00","","22,00","","19,30","","101,23","","","","","","Nuageux"
"1980-09-19 15:00","1980","09","19","15:00"," ","","","","","","","","","","","","","","","","","","",""
"1980-09-19 15:30","1980","09","19","15:30"," ","7,80","","6,60","","92,00","","3,00","","20,00","","24,10","","101,19","","","","","","Nuageux"
"1980-09-19 16:00","1980","09","19","16:00"," ","","","","","","","","","","","","","","","","","","",""
"1980-09-19 16:30","1980","09","19","16:30"," ","7,80","","7,40","","97,00","","4,00","","22,00","","24,10","","101,19","","","","","","Nuageux"
"1980-09-19 17:00","1980","09","19","17:00"," ","","","","","","","","","","","","","","","","","","",""
"1980-09-19 17:30","1980","09","19","17:30"," ","12,60","","8,10","","74,00","","1,00","","22,00","","24,10","","101,23","","","","","","Généralement nuageux"
"1980-09-19 18:00","1980","09","19","18:00"," ","","","","","","","","","","","","","","","","","","",""
"1980-09-19 18:30","1980","09","19","18:30"," ","11,40","","7,10","","75,00","","2,00","","19,00","","24,10","","101,29","","","","","","Généralement nuageux"
"1980-09-19 19:00","1980","09","19","19:00"," ","","","","","","","","","","","","","","","","","","",""
"1980-09-19 19:30","1980","09","19","19:30"," ","11,40","","6,80","","73,00","","4,00","","20,00","","24,10","","101,33","","","","","","Généralement nuageux"
"1980-09-19 20:00","1980","09","19","20:00"," ","","","","","","","","","","","","","","","","","","",""
"1980-09-19 20:30","1980","09","19","20:30"," ","11,80","","7,40","","74,00","","4,00","","13,00","","24,10","","101,40","","","","","","Généralement nuageux"
"1980-09-19 21:00","1980","09","19","21:00"," ","","","","","","","","","","","","","","","","","","",""
"1980-09-19 21:30","1980","09","19","21:30"," ","11,00","","7,40","","78,00","","0,00","","0,00","","24,10","","101,43","","","","","","Généralement nuageux"
"1980-09-19 22:00","1980","09","19","22:00"," ","","","","","","","","","","","","","","","","","","",""
"1980-09-19 22:30","1980","09","19","22:30"," ","9,60","","7,10","","84,00","","0,00","","0,00","","24,10","","101,43","","","","","","Généralement nuageux"
"1980-09-19 23:00","1980","09","19","23:00"," ","","","","","","","","","","","","","","","","","","",""
"1980-09-19 23:30","1980","09","19","23:30"," ","9,00","","6,80","","86,00","","0,00","","0,00","","24,10","","101,46","","","","","","Généralement nuageux"
"1980-09-20 00:00","1980","09","20","00:00"," ","","","","","","","","","","","","","","","","","","",""
"1980-09-20 00:30","1980","09","20","00:30"," ","8,40","","5,60","","83,00","","0,00","","0,00","","24,10","","101,50","","","","","","Généralement nuageux"
"1980-09-20 01:00","1980","09","20","01:00"," ","","","","","","","","","","","","","","","","","","",""
"1980-09-20 01:30","1980","09","20","01:30"," ","8,10","","5,50","","84,00","","0,00","","0,00","","24,10","","101,56","","","","","","Généralement nuageux"
"1980-09-20 02:00","1980","09","20","02:00"," ","","","","","","","","","","","","","","","","","","",""
"1980-09-20 02:30","1980","09","20","02:30"," ","8,80","","5,20","","78,00","","0,00","","0,00","","24,10","","101,60","","","","","","Nuageux"
"1980-09-20 03:00","1980","09","20","03:00"," ","","","","","","","","","","","","","","","","","","",""
"1980-09-20 03:30","1980","09","20","03:30"," ","7,80","","2,70","","70,00","","23,00","","9,00","","24,10","","101,63","","","","","","Nuageux"
"1980-09-20 04:00","1980","09","20","04:00"," ","","","","","","","","","","","","","","","","","","",""
"1980-09-20 04:30","1980","09","20","04:30"," ","7,40","","5,10","","85,00","","0,00","","0,00","","24,10","","101,67","","","","","","Généralement dégagé"
"1980-09-20 05:00","1980","09","20","05:00"," ","","","","","","","","","","","","","","","","","","",""
"1980-09-20 05:30","1980","09","20","05:30"," ","5,20","","3,40","","88,00","","0,00","","0,00","","24,10","","101,67","","","","","","Dégagé"
"1980-09-20 06:00","1980","09","20","06:00"," ","","","","","","","","","","","","","","","","","","",""
"1980-09-20 06:30","1980","09","20","06:30"," ","3,80","","2,80","","93,00","","0,00","","0,00","","24,10","","101,80","","","","","","Généralement dégagé"
"1980-09-20 07:00","1980","09","20","07:00"," ","","","","","","","","","","","","","","","","","","",""
"1980-09-20 07:30","1980","09","20","07:30"," ","7,30","","4,10","","80,00","","0,00","","0,00","","24,10","","101,90","","","","","","Dégagé"
"1980-09-20 08:00","1980","09","20","08:00"," ","","","","","","","","","","","","","","","","","","",""
"1980-09-20 08:30","1980","09","20","08:30"," ","8,10","","3,70","","74,00","","0,00","","0,00","","24,10","","101,97","","","","","","Généralement nuageux"
"1980-09-20 09:00","1980","09","20","09:00"," ","","","","","","","","","","","","","","","","","","",""
"1980-09-20 09:30","1980","09","20","09:30"," ","10,30","","4,60","","68,00","","1,00","","19,00","","24,10","","102,00","","","","","","Généralement dégagé"
"1980-09-20 10:00","1980","09","20","10:00"," ","","","","","","","","","","","","","","","","","","",""
"1980-09-20 10:30","1980","09","20","10:30"," ","10,70","","5,30","","69,00","","4,00","","19,00","","24,10","","101,97","","","","","","Généralement nuageux"
"1980-09-20 11:00","1980","09","20","11:00"," ","","","","","","","","","","","","","","","","","","",""
"1980-09-20 11:30","1980","09","20","11:30"," ","12,20","","5,10","","62,00","","32,00","","19,00","","24,10","","101,90","","","","","","Généralement nuageux"
"1980-09-20 12:00","1980","09","20","12:00"," ","","","","","","","","","","","","","","","","","","",""
"1980-09-20 12:30","1980","09","20","12:30"," ","12,90","","5,30","","60,00","","33,00","","19,00","","24,10","","101,90","","","","","","Généralement nuageux"
"1980-09-20 13:00","1980","09","20","13:00"," ","","","","","","","","","","","","","","","","","","",""
"1980-09-20 13:30","1980","09","20","13:30"," ","12,20","","4,70","","60,00","","33,00","","19,00","","24,10","","101,87","","","","","","Généralement nuageux"
"1980-09-20 14:00","1980","09","20","14:00"," ","","","","","","","","","","","","","","","","","","",""
"1980-09-20 14:30","1980","09","20","14:30"," ","13,20","","5,00","","57,00","","30,00","","15,00","","24,10","","101,84","","","","","","Généralement nuageux"
"1980-09-20 15:00","1980","09","20","15:00"," ","","","","","","","","","","","","","","","","","","",""
"1980-09-20 15:30","1980","09","20","15:30"," ","14,80","","5,00","","52,00","","25,00","","11,00","","24,10","","101,80","","","","","","Généralement nuageux"
"1980-09-20 16:00","1980","09","20","16:00"," ","","","","","","","","","","","","","","","","","","",""
"1980-09-20 16:30","1980","09","20","16:30"," ","13,40","","3,50","","51,00","","29,00","","15,00","","24,10","","101,84","","","","","","Généralement dégagé"
"1980-09-20 17:00","1980","09","20","17:00"," ","","","","","","","","","","","","","","","","","","",""
"1980-09-20 17:30","1980","09","20","17:30"," ","11,80","","3,80","","58,00","","29,00","","13,00","","24,10","","101,90","","","","","","Généralement nuageux"
"1980-09-20 18:00","1980","09","20","18:00"," ","","","","","","","","","","","","","","","","","","",""
"1980-09-20 18:30","1980","09","20","18:30"," ","10,40","","3,50","","62,00","","0,00","","0,00","","24,10","","101,94","","","","","","Généralement nuageux"
"1980-09-20 19:00","1980","09","20","19:00"," ","","","","","","","","","","","","","","","","","","",""
"1980-09-20 19:30","1980","09","20","19:30"," ","9,20","","3,10","","66,00","","21,00","","7,00","","24,10","","101,94","","","","","","Généralement dégagé"
"1980-09-20 20:00","1980","09","20","20:00"," ","","","","","","","","","","","","","","","","","","",""
"1980-09-20 20:30","1980","09","20","20:30"," ","7,40","","4,80","","83,00","","35,00","","7,00","","24,10","","101,94","","","","","","Généralement nuageux"
"1980-09-20 21:00","1980","09","20","21:00"," ","","","","","","","","","","","","","","","","","","",""
"1980-09-20 21:30","1980","09","20","21:30"," ","7,80","","4,40","","79,00","","35,00","","6,00","","24,10","","101,90","","","","","","Généralement nuageux"
"1980-09-20 22:00","1980","09","20","22:00"," ","","","","","","","","","","","","","","","","","","",""
"1980-09-20 22:30","1980","09","20","22:30"," ","5,00","","4,10","","94,00","","35,00","","7,00","","24,10","","101,84","","","","","","Généralement nuageux"
"1980-09-20 23:00","1980","09","20","23:00"," ","","","","","","","","","","","","","","","","","","",""
"1980-09-20 23:30","1980","09","20","23:30"," ","4,80","","3,20","","90,00","","0,00","","0,00","","24,10","","101,84","","","","","","Généralement nuageux"
"1980-09-21 00:00","1980","09","21","00:00"," ","","","","","","","","","","","","","","","","","","",""
"1980-09-21 00:30","1980","09","21","00:30"," ","4,30","","2,10","","86,00","","0,00","","0,00","","24,10","","101,84","","","","","","Généralement nuageux"
"1980-09-21 01:00","1980","09","21","01:00"," ","","","","","","","","","","","","","","","","","","",""
"1980-09-21 01:30","1980","09","21","01:30"," ","4,40","","2,30","","86,00","","0,00","","0,00","","24,10","","101,80","","","","","","Nuageux"
"1980-09-21 02:00","1980","09","21","02:00"," ","","","","","","","","","","","","","","","","","","",""
"1980-09-21 02:30","1980","09","21","02:30"," ","4,70","","3,10","","89,00","","0,00","","0,00","","24,10","","101,80","","","","","","Nuageux"
"1980-09-21 03:00","1980","09","21","03:00"," ","","","","","","","","","","","","","","","","","","",""
"1980-09-21 03:30","1980","09","21","03:30"," ","5,80","","3,80","","87,00","","0,00","","0,00","","19,30","","101,73","","","","","","Averses de pluie"
"1980-09-21 04:00","1980","09","21","04:00"," ","","","","","","","","","","","","","","","","","","",""
"1980-09-21 04:30","1980","09","21","04:30"," ","7,30","","5,40","","88,00","","5,00","","9,00","","12,90","","101,67","","","","","","Pluie"
"1980-09-21 05:00","1980","09","21","05:00"," ","","","","","","","","","","","","","","","","","","",""
"1980-09-21 05:30","1980","09","21","05:30"," ","7,30","","5,40","","88,00","","5,00","","11,00","","9,70","","101,56","","","","","","Pluie,Brouillard"
"1980-09-21 06:00","1980","09","21","06:00"," ","","","","","","","","","","","","","","","","","","",""
"1980-09-21 06:30","1980","09","21","06:30"," ","7,20","","6,20","","93,00","","4,00","","9,00","","4,80","","101,46","","","","","","Pluie,Brouillard"
"1980-09-21 07:00","1980","09","21","07:00"," ","","","","","","","","","","","","","","","","","","",""
"1980-09-21 07:30","1980","09","21","07:30"," ","7,30","","6,10","","92,00","","4,00","","19,00","","4,80","","101,40","","","","","","Pluie,Brouillard"
"1980-09-21 08:00","1980","09","21","08:00"," ","","","","","","","","","","","","","","","","","","",""
"1980-09-21 08:30","1980","09","21","08:30"," ","8,20","","6,00","","86,00","","4,00","","15,00","","12,90","","101,29","","","","","","Pluie"
"1980-09-21 09:00","1980","09","21","09:00"," ","","","","","","","","","","","","","","","","","","",""
"1980-09-21 09:30","1980","09","21","09:30"," ","8,70","","6,90","","88,00","","5,00","","13,00","","12,90","","101,19","","","","","","Pluie"
"1980-09-21 10:00","1980","09","21","10:00"," ","","","","","","","","","","","","","","","","","","",""
"1980-09-21 10:30","1980","09","21","10:30"," ","9,40","","7,50","","88,00","","5,00","","15,00","","12,90","","101,13","","","","","","Pluie"
"1980-09-21 11:00","1980","09","21","11:00"," ","","","","","","","","","","","","","","","","","","",""
"1980-09-21 11:30","1980","09","21","11:30"," ","10,00","","8,30","","89,00","","2,00","","19,00","","12,90","","101,02","","","","","","Pluie"
"1980-09-21 12:00","1980","09","21","12:00"," ","","","","","","","","","","","","","","","","","","",""
"1980-09-21 12:30","1980","09","21","12:30"," ","10,80","","9,20","","90,00","","3,00","","13,00","","12,90","","100,99","","","","","","Pluie"
"1980-09-21 13:00","1980","09","21","13:00"," ","","","","","","","","","","","","","","","","","","",""
"1980-09-21 13:30","1980","09","21","13:30"," ","11,20","","10,10","","93,00","","7,00","","15,00","","12,90","","100,92","","","","","","Pluie"
"1980-09-21 14:00","1980","09","21","14:00"," ","","","","","","","","","","","","","","","","","","",""
"1980-09-21 14:30","1980","09","21","14:30"," ","11,60","","10,20","","91,00","","4,00","","15,00","","12,90","","100,89","","","","","","Pluie"
"1980-09-21 15:00","1980","09","21","15:00"," ","","","","","","","","","","","","","","","","","","",""
"1980-09-21 15:30","1980","09","21","15:30"," ","10,20","","9,30","","94,00","","2,00","","22,00","","8,00","","100,89","","","","","","Pluie,Brouillard"
"1980-09-21 16:00","1980","09","21","16:00"," ","","","","","","","","","","","","","","","","","","",""
"1980-09-21 16:30","1980","09","21","16:30"," ","9,00","","8,20","","95,00","","4,00","","22,00","","9,70","","100,92","","","","","","Bruine,Brouillard"
"1980-09-21 17:00","1980","09","21","17:00"," ","","","","","","","","","","","","","","","","","","",""
"1980-09-21 17:30","1980","09","21","17:30"," ","9,20","","9,00","","99,00","","2,00","","28,00","","6,40","","100,92","","","","","","Bruine,Brouillard"
"1980-09-21 18:00","1980","09","21","18:00"," ","","","","","","","","","","","","","","","","","","",""
"1980-09-21 18:30","1980","09","21","18:30"," ","9,20","","8,80","","97,00","","3,00","","22,00","","4,80","","100,99","","","","","","Bruine,Brouillard"
"1980-09-21 19:00","1980","09","21","19:00"," ","","","","","","","","","","","","","","","","","","",""
"1980-09-21 19:30","1980","09","21","19:30"," ","8,40","","8,00","","97,00","","4,00","","19,00","","4,80","","101,06","","","","","","Bruine,Brouillard"
"1980-09-21 20:00","1980","09","21","20:00"," ","","","","","","","","","","","","","","","","","","",""
"1980-09-21 20:30","1980","09","21","20:30"," ","10,60","","9,20","","91,00","","2,00","","19,00","","6,40","","101,09","","","","","","Bruine,Brouillard"
"1980-09-21 21:00","1980","09","21","21:00"," ","","","","","","","","","","","","","","","","","","",""
"1980-09-21 21:30","1980","09","21","21:30"," ","10,40","","8,30","","87,00","","3,00","","22,00","","6,40","","101,13","","","","","","Bruine,Brouillard"
"1980-09-21 22:00","1980","09","21","22:00"," ","","","","","","","","","","","","","","","","","","",""
"1980-09-21 22:30","1980","09","21","22:30"," ","10,00","","8,70","","92,00","","4,00","","15,00","","9,70","","101,16","","","","","","Bruine,Brouillard"
"1980-09-21 23:00","1980","09","21","23:00"," ","","","","","","","","","","","","","","","","","","",""
"1980-09-21 23:30","1980","09","21","23:30"," ","10,30","","7,70","","84,00","","4,00","","15,00","","9,70","","101,19","","","","","","Bruine,Brouillard"
"1980-09-22 00:00","1980","09","22","00:00"," ","","","","","","","","","","","","","","","","","","",""
"1980-09-22 00:30","1980","09","22","00:30"," ","9,10","","7,30","","88,00","","4,00","","15,00","","8,00","","101,23","","","","","","Bruine,Brouillard"
"1980-09-22 01:00","1980","09","22","01:00"," ","","","","","","","","","","","","","","","","","","",""
"1980-09-22 01:30","1980","09","22","01:30"," ","9,10","","7,20","","88,00","","4,00","","22,00","","8,00","","101,26","","","","","","Bruine,Brouillard"
"1980-09-22 02:00","1980","09","22","02:00"," ","","","","","","","","","","","","","","","","","","",""
"1980-09-22 02:30","1980","09","22","02:30"," ","9,10","","7,20","","88,00","","4,00","","15,00","","9,70","","101,29","","","","","","Bruine,Brouillard"
"1980-09-22 03:00","1980","09","22","03:00"," ","","","","","","","","","","","","","","","","","","",""
"1980-09-22 03:30","1980","09","22","03:30"," ","8,30","","4,70","","78,00","","4,00","","22,00","","24,10","","101,26","","","","","","Généralement nuageux"
"1980-09-22 04:00","1980","09","22","04:00"," ","","","","","","","","","","","","","","","","","","",""
"1980-09-22 04:30","1980","09","22","04:30"," ","7,80","","4,50","","80,00","","4,00","","19,00","","24,10","","101,23","","","","","","Généralement nuageux"
"1980-09-22 05:00","1980","09","22","05:00"," ","","","","","","","","","","","","","","","","","","",""
"1980-09-22 05:30","1980","09","22","05:30"," ","7,30","","5,40","","88,00","","6,00","","9,00","","24,10","","101,26","","","","","","Généralement dégagé"
"1980-09-22 06:00","1980","09","22","06:00"," ","","","","","","","","","","","","","","","","","","",""
"1980-09-22 06:30","1980","09","22","06:30"," ","7,20","","5,10","","86,00","","5,00","","7,00","","16,10","","101,29","","","","","","Généralement nuageux"
"1980-09-22 07:00","1980","09","22","07:00"," ","","","","","","","","","","","","","","","","","","",""
"1980-09-22 07:30","1980","09","22","07:30"," ","10,20","","8,30","","88,00","","4,00","","7,00","","24,10","","101,26","","","","","","Généralement dégagé"
"1980-09-22 08:00","1980","09","22","08:00"," ","","","","","","","","","","","","","","","","","","",""
"1980-09-22 08:30","1980","09","22","08:30"," ","8,20","","6,80","","91,00","","4,00","","19,00","","24,10","","101,23","","","","","","Généralement nuageux"
"1980-09-22 09:00","1980","09","22","09:00"," ","","","","","","","","","","","","","","","","","","",""
"1980-09-22 09:30","1980","09","22","09:30"," ","9,80","","8,10","","89,00","","6,00","","15,00","","24,10","","101,23","","","","","","Généralement nuageux"
"1980-09-22 10:00","1980","09","22","10:00"," ","","","","","","","","","","","","","","","","","","",""
"1980-09-22 10:30","1980","09","22","10:30"," ","10,20","","7,70","","84,00","","6,00","","17,00","","24,10","","101,16","","","","","","Généralement nuageux"
"1980-09-22 11:00","1980","09","22","11:00"," ","","","","","","","","","","","","","","","","","","",""
"1980-09-22 11:30","1980","09","22","11:30"," ","12,20","","8,30","","77,00","","6,00","","20,00","","24,10","","101,06","","","","","","Généralement nuageux"
"1980-09-22 12:00","1980","09","22","12:00"," ","","","","","","","","","","","","","","","","","","",""
"1980-09-22 12:30","1980","09","22","12:30"," ","11,80","","9,10","","84,00","","5,00","","17,00","","24,10","","100,99","","","","","","Nuageux"
"1980-09-22 13:00","1980","09","22","13:00"," ","","","","","","","","","","","","","","","","","","",""
"1980-09-22 13:30","1980","09","22","13:30"," ","11,90","","9,10","","83,00","","5,00","","11,00","","24,10","","100,92","","","","","","Nuageux"
"1980-09-22 14:00","1980","09","22","14:00"," ","","","","","","","","","","","","","","","","","","",""
"1980-09-22 14:30","1980","09","22","14:30"," ","12,30","","8,90","","80,00","","5,00","","15,00","","24,10","","100,85","","","","","","Nuageux"
"1980-09-22 15:00","1980","09","22","15:00"," ","","","","","","","","","","","","","","","","","","",""
"1980-09-22 15:30","1980","09","22","15:30"," ","11,50","","8,30","","81,00","","1,00","","19,00","","24,10","","100,82","","","","","","Nuageux"
"1980-09-22 16:00","1980","09","22","16:00"," ","","","","","","","","","","","","","","","","","","",""
"1980-09-22 16:30","1980","09","22","16:30"," ","10,60","","10,00","","96,00","","4,00","","19,00","","19,30","","100,79","","","","","","Bruine"
"1980-09-22 17:00","1980","09","22","17:00"," ","","","","","","","","","","","","","","","","","","",""
"1980-09-22 17:30","1980","09","22","17:30"," ","10,00","","9,60","","97,00","","2,00","","9,00","","1,60","","100,75","","","","","","Averses de pluie,Brouillard"
"1980-09-22 18:00","1980","09","22","18:00"," ","","","","","","","","","","","","","","","","","","",""
"1980-09-22 18:30","1980","09","22","18:30"," ","9,50","","9,40","","99,00","","4,00","","9,00","","1,60","","100,75","","","","","","Averses de pluie,Brouillard"
"1980-09-22 19:00","1980","09","22","19:00"," ","","","","","","","","","","","","","","","","","","",""
"1980-09-22 19:30","1980","09","22","19:30"," ","9,10","","8,80","","98,00","","4,00","","15,00","","1,60","","100,69","","","","","","Pluie,Brouillard"
"1980-09-22 20:00","1980","09","22","20:00"," ","","","","","","","","","","","","","","","","","","",""
"1980-09-22 20:30","1980","09","22","20:30"," ","8,80","","8,20","","96,00","","4,00","","13,00","","4,80","","100,69","","","","","","Pluie,Brouillard"
"1980-09-22 21:00","1980","09","22","21:00"," ","","","","","","","","","","","","","","","","","","",""
"1980-09-22 21:30","1980","09","22","21:30"," ","8,40","","7,60","","95,00","","4,00","","19,00","","4,80","","100,62","","","","","","Bruine,Brouillard"
"1980-09-22 22:00","1980","09","22","22:00"," ","","","","","","","","","","","","","","","","","","",""
"1980-09-22 22:30","1980","09","22","22:30"," ","8,20","","7,60","","96,00","","5,00","","13,00","","4,80","","100,62","","","","","","Pluie,Brouillard"
"1980-09-22 23:00","1980","09","22","23:00"," ","","","","","","","","","","","","","","","","","","",""
"1980-09-22 23:30","1980","09","22","23:30"," ","7,80","","7,60","","99,00","","6,00","","17,00","","4,80","","100,55","","","","","","Pluie,Brouillard"
"1980-09-23 00:00","1980","09","23","00:00"," ","","","","","","","","","","","","","","","","","","",""
"1980-09-23 00:30","1980","09","23","00:30"," ","7,80","","7,60","","99,00","","5,00","","9,00","","4,80","","100,48","","","","","","Pluie,Brouillard"
"1980-09-23 01:00","1980","09","23","01:00"," ","","","","","","","","","","","","","","","","","","",""
"1980-09-23 01:30","1980","09","23","01:30"," ","7,80","","7,60","","99,00","","3,00","","13,00","","8,00","","100,45","","","","","","Pluie,Brouillard"
"1980-09-23 02:00","1980","09","23","02:00"," ","","","","","","","","","","","","","","","","","","",""
"1980-09-23 02:30","1980","09","23","02:30"," ","7,90","","7,60","","98,00","","3,00","","17,00","","8,00","","100,42","","","","","","Pluie,Brouillard"
"1980-09-23 03:00","1980","09","23","03:00"," ","","","","","","","","","","","","","","","","","","",""
"1980-09-23 03:30","1980","09","23","03:30"," ","7,90","","7,60","","98,00","","3,00","","15,00","","12,90","","100,35","","","","","","Bruine"
"1980-09-23 04:00","1980","09","23","04:00"," ","","","","","","","","","","","","","","","","","","",""
"1980-09-23 04:30","1980","09","23","04:30"," ","7,80","","7,60","","99,00","","5,00","","9,00","","12,90","","100,31","","","","","","Bruine"
"1980-09-23 05:00","1980","09","23","05:00"," ","","","","","","","","","","","","","","","","","","",""
"1980-09-23 05:30","1980","09","23","05:30"," ","7,80","","7,60","","99,00","","5,00","","11,00","","12,90","","100,31","","","","","","Bruine"
"1980-09-23 06:00","1980","09","23","06:00"," ","","","","","","","","","","","","","","","","","","",""
"1980-09-23 06:30","1980","09","23","06:30"," ","7,80","","7,60","","99,00","","5,00","","15,00","","12,90","","100,28","","","","","","Bruine"
"1980-09-23 07:00","1980","09","23","07:00"," ","","","","","","","","","","","","","","","","","","",""
"1980-09-23 07:30","1980","09","23","07:30"," ","8,80","","7,90","","94,00","","4,00","","9,00","","9,70","","100,31","","","","","","Bruine,Brouillard"
"1980-09-23 08:00","1980","09","23","08:00"," ","","","","","","","","","","","","","","","","","","",""
"1980-09-23 08:30","1980","09","23","08:30"," ","8,80","","7,90","","94,00","","4,00","","9,00","","9,70","","100,31","","","","","","Bruine,Brouillard"
"1980-09-23 09:00","1980","09","23","09:00"," ","","","","","","","","","","","","","","","","","","",""
"1980-09-23 09:30","1980","09","23","09:30"," ","8,30","","6,80","","90,00","","4,00","","9,00","","9,70","","100,28","","","","","","Bruine,Brouillard"
"1980-09-23 10:00","1980","09","23","10:00"," ","","","","","","","","","","","","","","","","","","",""
"1980-09-23 10:30","1980","09","23","10:30"," ","9,40","","8,30","","93,00","","3,00","","19,00","","9,70","","100,21","","","","","","Bruine,Brouillard"
"1980-09-23 11:00","1980","09","23","11:00"," ","","","","","","","","","","","","","","","","","","",""
"1980-09-23 11:30","1980","09","23","11:30"," ","10,10","","8,90","","92,00","","2,00","","9,00","","9,70","","100,14","","","","","","Brouillard"
"1980-09-23 12:00","1980","09","23","12:00"," ","","","","","","","","","","","","","","","","","","",""
"1980-09-23 12:30","1980","09","23","12:30"," ","10,70","","9,90","","95,00","","1,00","","9,00","","12,90","","100,04","","","","","","Nuageux"
"1980-09-23 13:00","1980","09","23","13:00"," ","","","","","","","","","","","","","","","","","","",""
"1980-09-23 13:30","1980","09","23","13:30"," ","10,60","","9,80","","95,00","","1,00","","11,00","","12,90","","99,91","","","","","","Nuageux"
"1980-09-23 14:00","1980","09","23","14:00"," ","","","","","","","","","","","","","","","","","","",""
"1980-09-23 14:30","1980","09","23","14:30"," ","11,00","","10,70","","98,00","","2,00","","4,00","","12,90","","99,87","","","","","","Nuageux"
"1980-09-23 15:00","1980","09","23","15:00"," ","","","","","","","","","","","","","","","","","","",""
"1980-09-23 15:30","1980","09","23","15:30"," ","10,80","","10,40","","97,00","","11,00","","6,00","","11,30","","99,91","","","","","","Nuageux"
"1980-09-23 16:00","1980","09","23","16:00"," ","","","","","","","","","","","","","","","","","","",""
"1980-09-23 16:30","1980","09","23","16:30"," ","10,90","","10,40","","97,00","","0,00","","0,00","","11,30","","99,77","","","","","","Nuageux"
"1980-09-23 17:00","1980","09","23","17:00"," ","","","","","","","","","","","","","","","","","","",""
"1980-09-23 17:30","1980","09","23","17:30"," ","11,30","","10,30","","94,00","","6,00","","6,00","","11,30","","99,67","","","","","","Nuageux"
"1980-09-23 18:00","1980","09","23","18:00"," ","","","","","","","","","","","","","","","","","","",""
"1980-09-23 18:30","1980","09","23","18:30"," ","12,20","","11,30","","94,00","","4,00","","7,00","","11,30","","99,60","","","","","","Averses de pluie"
"1980-09-23 19:00","1980","09","23","19:00"," ","","","","","","","","","","","","","","","","","","",""
"1980-09-23 19:30","1980","09","23","19:30"," ","11,80","","11,40","","97,00","","8,00","","6,00","","6,40","","99,54","","","","","","Averses de pluie,Brouillard"
"1980-09-23 20:00","1980","09","23","20:00"," ","","","","","","","","","","","","","","","","","","",""
"1980-09-23 20:30","1980","09","23","20:30"," ","11,70","","11,30","","97,00","","5,00","","6,00","","4,80","","99,47","","","","","","Pluie,Brouillard"
"1980-09-23 21:00","1980","09","23","21:00"," ","","","","","","","","","","","","","","","","","","",""
"1980-09-23 21:30","1980","09","23","21:30"," ","11,80","","11,40","","97,00","","20,00","","6,00","","6,40","","99,40","","","","","","Bruine,Brouillard"
"1980-09-23 22:00","1980","09","23","22:00"," ","","","","","","","","","","","","","","","","","","",""
"1980-09-23 22:30","1980","09","23","22:30"," ","11,40","","10,30","","93,00","","19,00","","6,00","","6,40","","99,37","","","","","","Bruine,Brouillard"
"1980-09-23 23:00","1980","09","23","23:00"," ","","","","","","","","","","","","","","","","","","",""
"1980-09-23 23:30","1980","09","23","23:30"," ","12,20","","11,80","","97,00","","25,00","","26,00","","19,30","","99,43","","","","","","Nuageux"
"1980-09-24 00:00","1980","09","24","00:00"," ","","","","","","","","","","","","","","","","","","",""
"1980-09-24 00:30","1980","09","24","00:30"," ","11,60","","10,60","","94,00","","24,00","","31,00","","19,30","","99,50","","","","","","Bruine"
"1980-09-24 01:00","1980","09","24","01:00"," ","","","","","","","","","","","","","","","","","","",""
"1980-09-24 01:30","1980","09","24","01:30"," ","10,70","","10,00","","95,00","","23,00","","24,00","","12,90","","99,50","","","","","","Bruine"
"1980-09-24 02:00","1980","09","24","02:00"," ","","","","","","","","","","","","","","","","","","",""
"1980-09-24 02:30","1980","09","24","02:30"," ","10,80","","9,70","","93,00","","26,00","","22,00","","24,10","","99,57","","","","","","Généralement nuageux"
"1980-09-24 03:00","1980","09","24","03:00"," ","","","","","","","","","","","","","","","","","","",""
"1980-09-24 03:30","1980","09","24","03:30"," ","10,20","","8,00","","86,00","","27,00","","24,00","","19,30","","99,71","","","","","","Généralement nuageux"
"1980-09-24 04:00","1980","09","24","04:00"," ","","","","","","","","","","","","","","","","","","",""
"1980-09-24 04:30","1980","09","24","04:30"," ","9,70","","7,20","","84,00","","26,00","","22,00","","24,10","","99,84","","","","","","Généralement nuageux"
"1980-09-24 05:00","1980","09","24","05:00"," ","","","","","","","","","","","","","","","","","","",""
"1980-09-24 05:30","1980","09","24","05:30"," ","9,20","","5,40","","77,00","","26,00","","20,00","","24,10","","100,01","","","","","","Généralement nuageux"
"1980-09-24 06:00","1980","09","24","06:00"," ","","","","","","","","","","","","","","","","","","",""
"1980-09-24 06:30","1980","09","24","06:30"," ","7,40","","4,10","","80,00","","23,00","","20,00","","24,10","","100,14","","","","","","Généralement nuageux"
"1980-09-24 07:00","1980","09","24","07:00"," ","","","","","","","","","","","","","","","","","","",""
"1980-09-24 07:30","1980","09","24","07:30"," ","8,20","","3,80","","74,00","","28,00","","19,00","","24,10","","100,31","","","","","","Généralement dégagé"
"1980-09-24 08:00","1980","09","24","08:00"," ","","","","","","","","","","","","","","","","","","",""
"1980-09-24 08:30","1980","09","24","08:30"," ","8,00","","2,30","","67,00","","29,00","","28,00","","24,10","","100,38","","","","","","Généralement nuageux"
"1980-09-24 09:00","1980","09","24","09:00"," ","","","","","","","","","","","","","","","","","","",""
"1980-09-24 09:30","1980","09","24","09:30"," ","8,60","","0,60","","57,00","","28,00","","28,00","","24,10","","100,52","","","","","","Généralement nuageux"
"1980-09-24 10:00","1980","09","24","10:00"," ","","","","","","","","","","","","","","","","","","",""
"1980-09-24 10:30","1980","09","24","10:30"," ","9,40","","0,60","","54,00","","27,00","","28,00","","24,10","","100,52","","","","","","Généralement nuageux"
"1980-09-24 11:00","1980","09","24","11:00"," ","","","","","","","","","","","","","","","","","","",""
"1980-09-24 11:30","1980","09","24","11:30"," ","10,00","","1,50","","55,00","","28,00","","28,00","","24,10","","100,55","","","","","","Généralement nuageux"
"1980-09-24 12:00","1980","09","24","12:00"," ","","","","","","","","","","","","","","","","","","",""
"1980-09-24 12:30","1980","09","24","12:30"," ","8,50","","1,60","","62,00","","26,00","","28,00","","24,10","","100,62","","","","","","Généralement nuageux"
"1980-09-24 13:00","1980","09","24","13:00"," ","","","","","","","","","","","","","","","","","","",""
"1980-09-24 13:30","1980","09","24","13:30"," ","8,00","","-1,40","","51,00","","27,00","","28,00","","24,10","","100,65","","","","","","Généralement nuageux"
"1980-09-24 14:00","1980","09","24","14:00"," ","","","","","","","","","","","","","","","","","","",""
"1980-09-24 14:30","1980","09","24","14:30"," ","7,00","","-1,50","","55,00","","25,00","","37,00","","24,10","","100,72","","","","","","Généralement nuageux"
"1980-09-24 15:00","1980","09","24","15:00"," ","","","","","","","","","","","","","","","","","","",""
"1980-09-24 15:30","1980","09","24","15:30"," ","8,30","","-1,40","","50,00","","25,00","","28,00","","24,10","","100,82","","","","","","Généralement nuageux"
"1980-09-24 16:00","1980","09","24","16:00"," ","","","","","","","","","","","","","","","","","","",""
"1980-09-24 16:30","1980","09","24","16:30"," ","7,80","","-0,40","","56,00","","27,00","","22,00","","24,10","","100,92","","","","","","Généralement nuageux"
"1980-09-24 17:00","1980","09","24","17:00"," ","","","","","","","","","","","","","","","","","","",""
"1980-09-24 17:30","1980","09","24","17:30"," ","7,20","","-1,40","","54,00","","27,00","","22,00","","24,10","","101,02","","","","","","Généralement nuageux"
"1980-09-24 18:00","1980","09","24","18:00"," ","","","","","","","","","","","","","","","","","","",""
"1980-09-24 18:30","1980","09","24","18:30"," ","6,10","","-1,10","","60,00","","26,00","","22,00","","24,10","","101,16","","","","","","Généralement nuageux"
"1980-09-24 19:00","1980","09","24","19:00"," ","","","","","","","","","","","","","","","","","","",""
"1980-09-24 19:30","1980","09","24","19:30"," ","5,70","","-1,40","","60,00","","23,00","","19,00","","24,10","","101,19","","","","","","Généralement dégagé"
"1980-09-24 20:00","1980","09","24","20:00"," ","","","","","","","","","","","","","","","","","","",""
"1980-09-24 20:30","1980","09","24","20:30"," ","5,60","","-1,30","","61,00","","21,00","","22,00","","24,10","","101,33","","","","","","Généralement dégagé"
"1980-09-24 21:00","1980","09","24","21:00"," ","","","","","","","","","","","","","","","","","","",""
"1980-09-24 21:30","1980","09","24","21:30"," ","5,80","","-1,40","","60,00","","22,00","","19,00","","24,10","","101,36","","","","","","Généralement dégagé"
"1980-09-24 22:00","1980","09","24","22:00"," ","","","","","","","","","","","","","","","","","","",""
"1980-09-24 22:30","1980","09","24","22:30"," ","6,10","","-1,20","","59,00","","24,00","","11,00","","24,10","","101,43","","","","","","Généralement dégagé"
"1980-09-24 23:00","1980","09","24","23:00"," ","","","","","","","","","","","","","","","","","","",""
"1980-09-24 23:30","1980","09","24","23:30"," ","7,00","","1,30","","67,00","","22,00","","19,00","","24,10","","101,43","","","","","","Généralement dégagé"
"1980-09-25 00:00","1980","09","25","00:00"," ","","","","","","","","","","","","","","","","","","",""
"1980-09-25 00:30","1980","09","25","00:30"," ","7,00","","-0,30","","60,00","","21,00","","15,00","","24,10","","101,50","","","","","","Généralement dégagé"
"1980-09-25 01:00","1980","09","25","01:00"," ","","","","","","","","","","","","","","","","","","",""
"1980-09-25 01:30","1980","09","25","01:30"," ","7,00","","2,80","","74,00","","24,00","","19,00","","24,10","","101,56","","","","","","Généralement dégagé"
"1980-09-25 02:00","1980","09","25","02:00"," ","","","","","","","","","","","","","","","","","","",""
"1980-09-25 02:30","1980","09","25","02:30"," ","7,10","","-2,70","","50,00","","24,00","","19,00","","24,10","","101,63","","","","","","Généralement dégagé"
"1980-09-25 03:00","1980","09","25","03:00"," ","","","","","","","","","","","","","","","","","","",""
"1980-09-25 03:30","1980","09","25","03:30"," ","6,40","","-4,80","","45,00","","23,00","","19,00","","24,10","","101,67","","","","","","Généralement dégagé"
"1980-09-25 04:00","1980","09","25","04:00"," ","","","","","","","","","","","","","","","","","","",""
"1980-09-25 04:30","1980","09","25","04:30"," ","6,20","","-6,10","","41,00","","24,00","","19,00","","24,10","","101,67","","","","","","Généralement dégagé"
"1980-09-25 05:00","1980","09","25","05:00"," ","","","","","","","","","","","","","","","","","","",""
"1980-09-25 05:30","1980","09","25","05:30"," ","6,00","","-3,50","","50,00","","23,00","","19,00","","24,10","","101,80","","","","","","Dégagé"
"1980-09-25 06:00","1980","09","25","06:00"," ","","","","","","","","","","","","","","","","","","",""
"1980-09-25 06:30","1980","09","25","06:30"," ","6,10","","-4,30","","47,00","","22,00","","28,00","","24,10","","101,80","","","","","","Dégagé"
"1980-09-25 07:00","1980","09","25","07:00"," ","","","","","","","","","","","","","","","","","","",""
"1980-09-25 07:30","1980","09","25","07:30"," ","7,20","","-4,40","","43,00","","23,00","","22,00","","24,10","","101,87","","","","","","Généralement dégagé"
"1980-09-25 08:00","1980","09","25","08:00"," ","","","","","","","","","","","","","","","","","","",""
"1980-09-25 08:30","1980","09","25","08:30"," ","7,70","","-2,20","","49,00","","25,00","","22,00","","24,10","","101,94","","","","","","Généralement dégagé"
"1980-09-25 09:00","1980","09","25","09:00"," ","","","","","","","","","","","","","","","","","","",""
"1980-09-25 09:30","1980","09","25","09:30"," ","10,60","","1,40","","53,00","","26,00","","28,00","","24,10","","102,00","","","","","","Généralement dégagé"
"1980-09-25 10:00","1980","09","25","10:00"," ","","","","","","","","","","","","","","","","","","",""
"1980-09-25 10:30","1980","09","25","10:30"," ","11,30","","1,30","","50,00","","27,00","","28,00","","24,10","","102,00","","","","","","Généralement dégagé"
"1980-09-25 11:00","1980","09","25","11:00"," ","","","","","","","","","","","","","","","","","","",""
"1980-09-25 11:30","1980","09","25","11:30"," ","11,20","","1,50","","51,00","","27,00","","28,00","","24,10","","102,00","","","","","","Généralement dégagé"
"1980-09-25 12:00","1980","09","25","12:00"," ","","","","","","","","","","","","","","","","","","",""
"1980-09-25 12:30","1980","09","25","12:30"," ","11,10","","1,10","","50,00","","27,00","","28,00","","24,10","","102,00","","","","","","Généralement dégagé"
"1980-09-25 13:00","1980","09","25","13:00"," ","","","","","","","","","","","","","","","","","","",""
"1980-09-25 13:30","1980","09","25","13:30"," ","10,60","","1,20","","52,00","","29,00","","22,00","","24,10","","102,07","","","","","","Généralement dégagé"
"1980-09-25 14:00","1980","09","25","14:00"," ","","","","","","","","","","","","","","","","","","",""
"1980-09-25 14:30","1980","09","25","14:30"," ","10,80","","1,10","","51,00","","30,00","","28,00","","24,10","","102,07","","","","","","Généralement dégagé"
"1980-09-25 15:00","1980","09","25","15:00"," ","","","","","","","","","","","","","","","","","","",""
"1980-09-25 15:30","1980","09","25","15:30"," ","10,30","","1,20","","53,00","","29,00","","28,00","","24,10","","102,11","","","","","","Généralement dégagé"
"1980-09-25 16:00","1980","09","25","16:00"," ","","","","","","","","","","","","","","","","","","",""
"1980-09-25 16:30","1980","09","25","16:30"," ","9,90","","1,30","","55,00","","27,00","","22,00","","24,10","","102,11","","","","","","Généralement dégagé"
"1980-09-25 17:00","1980","09","25","17:00"," ","","","","","","","","","","","","","","","","","","",""
"1980-09-25 17:30","1980","09","25","17:30"," ","9,70","","1,30","","56,00","","27,00","","22,00","","24,10","","102,17","","","","","","Généralement dégagé"
"1980-09-25 18:00","1980","09","25","18:00"," ","","","","","","","","","","","","","","","","","","",""
"1980-09-25 18:30","1980","09","25","18:30"," ","7,80","","1,30","","63,00","","27,00","","22,00","","24,10","","102,24","","","","","","Généralement dégagé"
"1980-09-25 19:00","1980","09","25","19:00"," ","","","","","","","","","","","","","","","","","","",""
"1980-09-25 19:30","1980","09","25","19:30"," ","7,20","","2,20","","70,00","","0,00","","0,00","","24,10","","102,27","","","","","","Généralement dégagé"
"1980-09-25 20:00","1980","09","25","20:00"," ","","","","","","","","","","","","","","","","","","",""
"1980-09-25 20:30","1980","09","25","20:30"," ","5,90","","2,30","","78,00","","20,00","","11,00","","24,10","","102,34","","","","","","Généralement dégagé"
"1980-09-25 21:00","1980","09","25","21:00"," ","","","","","","","","","","","","","","","","","","",""
"1980-09-25 21:30","1980","09","25","21:30"," ","5,20","","2,10","","80,00","","25,00","","13,00","","24,10","","102,38","","","","","","Généralement dégagé"
"1980-09-25 22:00","1980","09","25","22:00"," ","","","","","","","","","","","","","","","","","","",""
"1980-09-25 22:30","1980","09","25","22:30"," ","4,70","","2,30","","84,00","","23,00","","19,00","","24,10","","102,38","","","","","","Généralement dégagé"
"1980-09-25 23:00","1980","09","25","23:00"," ","","","","","","","","","","","","","","","","","","",""
"1980-09-25 23:30","1980","09","25","23:30"," ","3,90","","1,50","","84,00","","21,00","","6,00","","24,10","","102,38","","","","","","Dégagé"
"1980-09-26 00:00","1980","09","26","00:00"," ","","","","","","","","","","","","","","","","","","",""
"1980-09-26 00:30","1980","09","26","00:30"," ","3,20","","0,70","","84,00","","9,00","","7,00","","24,10","","102,40","","","","","","Dégagé"
"1980-09-26 01:00","1980","09","26","01:00"," ","","","","","","","","","","","","","","","","","","",""
"1980-09-26 01:30","1980","09","26","01:30"," ","3,00","","0,60","","84,00","","20,00","","6,00","","24,10","","102,51","","","","","","Généralement nuageux"
"1980-09-26 02:00","1980","09","26","02:00"," ","","","","","","","","","","","","","","","","","","",""
"1980-09-26 02:30","1980","09","26","02:30"," ","1,40","","-1,10","","83,00","","0,00","","0,00","","24,10","","102,48","","","","","","Généralement nuageux"
"1980-09-26 03:00","1980","09","26","03:00"," ","","","","","","","","","","","","","","","","","","",""
"1980-09-26 03:30","1980","09","26","03:30"," ","2,20","","0,50","","88,00","","6,00","","6,00","","24,10","","102,41","","","","","","Nuageux"
"1980-09-26 04:00","1980","09","26","04:00"," ","","","","","","","","","","","","","","","","","","",""
"1980-09-26 04:30","1980","09","26","04:30"," ","2,50","","0,50","","87,00","","1,00","","9,00","","24,10","","102,41","","","","","","Généralement nuageux"
"1980-09-26 05:00","1980","09","26","05:00"," ","","","","","","","","","","","","","","","","","","",""
"1980-09-26 05:30","1980","09","26","05:30"," ","1,60","","0,70","","94,00","","0,00","","0,00","","24,10","","102,34","","","","","","Généralement nuageux"
"1980-09-26 06:00","1980","09","26","06:00"," ","","","","","","","","","","","","","","","","","","",""
"1980-09-26 06:30","1980","09","26","06:30"," ","1,40","","-0,50","","87,00","","0,00","","0,00","","24,10","","102,44","","","","","","Généralement nuageux"
"1980-09-26 07:00","1980","09","26","07:00"," ","","","","","","","","","","","","","","","","","","",""
"1980-09-26 07:30","1980","09","26","07:30"," ","3,40","","-0,60","","75,00","","1,00","","6,00","","24,10","","102,44","","","","","","Généralement nuageux"
"1980-09-26 08:00","1980","09","26","08:00"," ","","","","","","","","","","","","","","","","","","",""
"1980-09-26 08:30","1980","09","26","08:30"," ","4,30","","-0,70","","70,00","","5,00","","7,00","","24,10","","102,41","","","","","","Généralement nuageux"
"1980-09-26 09:00","1980","09","26","09:00"," ","","","","","","","","","","","","","","","","","","",""
"1980-09-26 09:30","1980","09","26","09:30"," ","6,80","","1,20","","68,00","","4,00","","7,00","","24,10","","102,38","","","","","","Généralement nuageux"
"1980-09-26 10:00","1980","09","26","10:00"," ","","","","","","","","","","","","","","","","","","",""
"1980-09-26 10:30","1980","09","26","10:30"," ","9,30","","2,20","","61,00","","5,00","","9,00","","24,10","","102,24","","","","","","Généralement nuageux"
"1980-09-26 11:00","1980","09","26","11:00"," ","","","","","","","","","","","","","","","","","","",""
"1980-09-26 11:30","1980","09","26","11:30"," ","11,10","","3,60","","60,00","","18,00","","11,00","","24,10","","102,17","","","","","","Nuageux"
"1980-09-26 12:00","1980","09","26","12:00"," ","","","","","","","","","","","","","","","","","","",""
"1980-09-26 12:30","1980","09","26","12:30"," ","12,30","","3,80","","56,00","","23,00","","15,00","","24,10","","102,07","","","","","","Nuageux"
"1980-09-26 13:00","1980","09","26","13:00"," ","","","","","","","","","","","","","","","","","","",""
"1980-09-26 13:30","1980","09","26","13:30"," ","12,20","","4,40","","59,00","","19,00","","22,00","","24,10","","101,94","","","","","","Nuageux"
"1980-09-26 14:00","1980","09","26","14:00"," ","","","","","","","","","","","","","","","","","","",""
"1980-09-26 14:30","1980","09","26","14:30"," ","11,90","","4,50","","61,00","","18,00","","19,00","","24,10","","101,90","","","","","","Nuageux"
"1980-09-26 15:00","1980","09","26","15:00"," ","","","","","","","","","","","","","","","","","","",""
"1980-09-26 15:30","1980","09","26","15:30"," ","11,70","","5,30","","65,00","","17,00","","19,00","","24,10","","101,77","","","","","","Nuageux"
"1980-09-26 16:00","1980","09","26","16:00"," ","","","","","","","","","","","","","","","","","","",""
"1980-09-26 16:30","1980","09","26","16:30"," ","11,20","","5,10","","66,00","","16,00","","19,00","","24,10","","101,56","","","","","","Nuageux"
"1980-09-26 17:00","1980","09","26","17:00"," ","","","","","","","","","","","","","","","","","","",""
"1980-09-26 17:30","1980","09","26","17:30"," ","10,30","","4,20","","66,00","","13,00","","15,00","","24,10","","101,43","","","","","","Nuageux"
"1980-09-26 18:00","1980","09","26","18:00"," ","","","","","","","","","","","","","","","","","","",""
"1980-09-26 18:30","1980","09","26","18:30"," ","9,90","","6,30","","78,00","","13,00","","19,00","","12,90","","101,29","","","","","","Pluie"
"1980-09-26 19:00","1980","09","26","19:00"," ","","","","","","","","","","","","","","","","","","",""
"1980-09-26 19:30","1980","09","26","19:30"," ","9,20","","5,70","","79,00","","8,00","","19,00","","9,70","","101,16","","","","","","Pluie,Brouillard"
"1980-09-26 20:00","1980","09","26","20:00"," ","","","","","","","","","","","","","","","","","","",""
"1980-09-26 20:30","1980","09","26","20:30"," ","8,30","","6,10","","86,00","","5,00","","22,00","","8,00","","100,92","","","","","","Pluie,Brouillard"
"1980-09-26 21:00","1980","09","26","21:00"," ","","","","","","","","","","","","","","","","","","",""
"1980-09-26 21:30","1980","09","26","21:30"," ","8,10","","6,30","","88,00","","5,00","","28,00","","8,00","","100,65","","","","","","Pluie,Brouillard"
"1980-09-26 22:00","1980","09","26","22:00"," ","","","","","","","","","","","","","","","","","","",""
"1980-09-26 22:30","1980","09","26","22:30"," ","8,10","","6,20","","88,00","","6,00","","19,00","","6,40","","100,38","","","","","","Pluie,Brouillard"
"1980-09-26 23:00","1980","09","26","23:00"," ","","","","","","","","","","","","","","","","","","",""
"1980-09-26 23:30","1980","09","26","23:30"," ","8,20","","6,40","","88,00","","4,00","","28,00","","6,40","","100,04","","","","","","Pluie,Brouillard"
"1980-09-27 00:00","1980","09","27","00:00"," ","","","","","","","","","","","","","","","","","","",""
"1980-09-27 00:30","1980","09","27","00:30"," ","8,40","","6,30","","87,00","","5,00","","22,00","","6,40","","99,84","","","","","","Pluie,Brouillard"
"1980-09-27 01:00","1980","09","27","01:00"," ","","","","","","","","","","","","","","","","","","",""
"1980-09-27 01:30","1980","09","27","01:30"," ","8,40","","6,50","","88,00","","7,00","","19,00","","8,00","","99,67","","","","","","Averses de pluie,Brouillard"
"1980-09-27 02:00","1980","09","27","02:00"," ","","","","","","","","","","","","","","","","","","",""
"1980-09-27 02:30","1980","09","27","02:30"," ","8,50","","6,80","","89,00","","5,00","","28,00","","9,70","","99,43","","","","","","Averses de pluie,Brouillard"
"1980-09-27 03:00","1980","09","27","03:00"," ","","","","","","","","","","","","","","","","","","",""
"1980-09-27 03:30","1980","09","27","03:30"," ","8,30","","7,20","","93,00","","5,00","","15,00","","9,70","","99,33","","","","","","Bruine,Brouillard"
"1980-09-27 04:00","1980","09","27","04:00"," ","","","","","","","","","","","","","","","","","","",""
"1980-09-27 04:30","1980","09","27","04:30"," ","8,40","","7,10","","92,00","","2,00","","13,00","","9,70","","99,30","","","","","","Bruine,Brouillard"
"1980-09-27 05:00","1980","09","27","05:00"," ","","","","","","","","","","","","","","","","","","",""
"1980-09-27 05:30","1980","09","27","05:30"," ","8,40","","7,20","","92,00","","7,00","","9,00","","9,70","","99,27","","","","","","Bruine,Brouillard"
"1980-09-27 06:00","1980","09","27","06:00"," ","","","","","","","","","","","","","","","","","","",""
"1980-09-27 06:30","1980","09","27","06:30"," ","8,50","","7,20","","92,00","","6,00","","6,00","","12,90","","99,27","","","","","","Généralement nuageux"
"1980-09-27 07:00","1980","09","27","07:00"," ","","","","","","","","","","","","","","","","","","",""
"1980-09-27 07:30","1980","09","27","07:30"," ","8,70","","7,20","","90,00","","5,00","","4,00","","24,10","","99,23","","","","","","Averses de pluie"
"1980-09-27 08:00","1980","09","27","08:00"," ","","","","","","","","","","","","","","","","","","",""
"1980-09-27 08:30","1980","09","27","08:30"," ","10,80","","9,60","","93,00","","20,00","","28,00","","19,30","","99,23","","","","","","Averses de pluie"
"1980-09-27 09:00","1980","09","27","09:00"," ","","","","","","","","","","","","","","","","","","",""
"1980-09-27 09:30","1980","09","27","09:30"," ","11,70","","9,00","","83,00","","21,00","","37,00","","24,10","","99,20","","","","","","Averses de pluie"
"1980-09-27 10:00","1980","09","27","10:00"," ","","","","","","","","","","","","","","","","","","",""
"1980-09-27 10:30","1980","09","27","10:30"," ","12,20","","8,30","","77,00","","22,00","","52,00","","24,10","","99,23","","","","","","Averses de pluie"
"1980-09-27 11:00","1980","09","27","11:00"," ","","","","","","","","","","","","","","","","","","",""
"1980-09-27 11:30","1980","09","27","11:30"," ","11,80","","7,50","","75,00","","21,00","","46,00","","24,10","","99,23","","","","","","Généralement nuageux"
"1980-09-27 12:00","1980","09","27","12:00"," ","","","","","","","","","","","","","","","","","","",""
"1980-09-27 12:30","1980","09","27","12:30"," ","11,70","","6,50","","70,00","","21,00","","56,00","","24,10","","99,27","","","","","","Généralement nuageux"
"1980-09-27 13:00","1980","09","27","13:00"," ","","","","","","","","","","","","","","","","","","",""
"1980-09-27 13:30","1980","09","27","13:30"," ","10,80","","8,00","","83,00","","21,00","","41,00","","24,10","","99,33","","","","","","Généralement nuageux"
"1980-09-27 14:00","1980","09","27","14:00"," ","","","","","","","","","","","","","","","","","","",""
"1980-09-27 14:30","1980","09","27","14:30"," ","11,30","","5,70","","69,00","","22,00","","56,00","","24,10","","99,33","","","","","","Généralement nuageux"
"1980-09-27 15:00","1980","09","27","15:00"," ","","","","","","","","","","","","","","","","","","",""
"1980-09-27 15:30","1980","09","27","15:30"," ","10,30","","5,10","","70,00","","23,00","","46,00","","24,10","","99,47","","","","","","Nuageux"
"1980-09-27 16:00","1980","09","27","16:00"," ","","","","","","","","","","","","","","","","","","",""
"1980-09-27 16:30","1980","09","27","16:30"," ","9,80","","6,30","","79,00","","25,00","","28,00","","16,10","","99,57","","","","","","Averses de pluie"
"1980-09-27 17:00","1980","09","27","17:00"," ","","","","","","","","","","","","","","","","","","",""
"1980-09-27 17:30","1980","09","27","17:30"," ","9,70","","6,20","","79,00","","24,00","","22,00","","16,10","","99,64","","","","","","Averses de pluie"
"1980-09-27 18:00","1980","09","27","18:00"," ","","","","","","","","","","","","","","","","","","",""
"1980-09-27 18:30","1980","09","27","18:30"," ","9,20","","5,10","","75,00","","23,00","","22,00","","24,10","","99,71","","","","","","Généralement nuageux"
"1980-09-27 19:00","1980","09","27","19:00"," ","","","","","","","","","","","","","","","","","","",""
"1980-09-27 19:30","1980","09","27","19:30"," ","8,10","","5,30","","82,00","","24,00","","22,00","","12,90","","99,77","","","","","","Averses de pluie"
"1980-09-27 20:00","1980","09","27","20:00"," ","","","","","","","","","","","","","","","","","","",""
"1980-09-27 20:30","1980","09","27","20:30"," ","7,40","","4,10","","80,00","","23,00","","22,00","","24,10","","99,84","","","","","","Généralement nuageux"
"1980-09-27 21:00","1980","09","27","21:00"," ","","","","","","","","","","","","","","","","","","",""
"1980-09-27 21:30","1980","09","27","21:30"," ","7,30","","3,80","","78,00","","23,00","","22,00","","24,10","","99,91","","","","","","Généralement nuageux"
"1980-09-27 22:00","1980","09","27","22:00"," ","","","","","","","","","","","","","","","","","","",""
"1980-09-27 22:30","1980","09","27","22:30"," ","7,30","","3,70","","78,00","","23,00","","22,00","","24,10","","99,94","","","","","","Généralement nuageux"
"1980-09-27 23:00","1980","09","27","23:00"," ","","","","","","","","","","","","","","","","","","",""
"1980-09-27 23:30","1980","09","27","23:30"," ","7,60","","4,60","","81,00","","23,00","","19,00","","24,10","","99,98","","","","","","Généralement nuageux"
"1980-09-28 00:00","1980","09","28","00:00"," ","","","","","","","","","","","","","","","","","","",""
"1980-09-28 00:30","1980","09","28","00:30"," ","6,30","","4,10","","86,00","","23,00","","19,00","","24,10","","100,04","","","","","","Généralement nuageux"
"1980-09-28 01:00","1980","09","28","01:00"," ","","","","","","","","","","","","","","","","","","",""
"1980-09-28 01:30","1980","09","28","01:30"," ","7,00","","4,40","","83,00","","25,00","","22,00","","24,10","","100,08","","","","","","Généralement nuageux"
"1980-09-28 02:00","1980","09","28","02:00"," ","","","","","","","","","","","","","","","","","","",""
"1980-09-28 02:30","1980","09","28","02:30"," ","7,10","","4,20","","82,00","","24,00","","28,00","","24,10","","100,28","","","","","","Généralement nuageux"
"1980-09-28 03:00","1980","09","28","03:00"," ","","","","","","","","","","","","","","","","","","",""
"1980-09-28 03:30","1980","09","28","03:30"," ","5,90","","3,80","","86,00","","23,00","","28,00","","24,10","","100,35","","","","","","Généralement nuageux"
"1980-09-28 04:00","1980","09","28","04:00"," ","","","","","","","","","","","","","","","","","","",""
"1980-09-28 04:30","1980","09","28","04:30"," ","6,30","","3,10","","80,00","","24,00","","28,00","","24,10","","100,48","","","","","","Généralement nuageux"
"1980-09-28 05:00","1980","09","28","05:00"," ","","","","","","","","","","","","","","","","","","",""
"1980-09-28 05:30","1980","09","28","05:30"," ","5,40","","2,90","","84,00","","23,00","","28,00","","24,10","","100,62","","","","","","Généralement dégagé"
"1980-09-28 06:00","1980","09","28","06:00"," ","","","","","","","","","","","","","","","","","","",""
"1980-09-28 06:30","1980","09","28","06:30"," ","5,50","","2,80","","83,00","","25,00","","28,00","","24,10","","100,69","","","","","","Généralement dégagé"
"1980-09-28 07:00","1980","09","28","07:00"," ","","","","","","","","","","","","","","","","","","",""
"1980-09-28 07:30","1980","09","28","07:30"," ","4,60","","2,30","","85,00","","24,00","","22,00","","24,10","","100,85","","","","","","Généralement dégagé"
"1980-09-28 08:00","1980","09","28","08:00"," ","","","","","","","","","","","","","","","","","","",""
"1980-09-28 08:30","1980","09","28","08:30"," ","6,60","","3,10","","78,00","","24,00","","22,00","","24,10","","100,89","","","","","","Généralement dégagé"
"1980-09-28 09:00","1980","09","28","09:00"," ","","","","","","","","","","","","","","","","","","",""
"1980-09-28 09:30","1980","09","28","09:30"," ","6,10","","3,40","","83,00","","25,00","","19,00","","24,10","","100,96","","","","","","Averses de pluie"
"1980-09-28 10:00","1980","09","28","10:00"," ","","","","","","","","","","","","","","","","","","",""
"1980-09-28 10:30","1980","09","28","10:30"," ","7,60","","3,30","","74,00","","23,00","","28,00","","24,10","","100,99","","","","","","Généralement nuageux"
"1980-09-28 11:00","1980","09","28","11:00"," ","","","","","","","","","","","","","","","","","","",""
"1980-09-28 11:30","1980","09","28","11:30"," ","8,30","","4,40","","76,00","","21,00","","26,00","","24,10","","100,99","","","","","","Généralement nuageux"
"1980-09-28 12:00","1980","09","28","12:00"," ","","","","","","","","","","","","","","","","","","",""
"1980-09-28 12:30","1980","09","28","12:30"," ","8,40","","4,40","","76,00","","23,00","","24,00","","19,30","","100,92","","","","","","Averses de pluie"
"1980-09-28 13:00","1980","09","28","13:00"," ","","","","","","","","","","","","","","","","","","",""
"1980-09-28 13:30","1980","09","28","13:30"," ","7,80","","5,20","","84,00","","24,00","","19,00","","19,30","","100,85","","","","","","Averses de pluie"
"1980-09-28 14:00","1980","09","28","14:00"," ","","","","","","","","","","","","","","","","","","",""
"1980-09-28 14:30","1980","09","28","14:30"," ","8,60","","4,90","","77,00","","23,00","","28,00","","24,10","","100,85","","","","","","Nuageux"
"1980-09-28 15:00","1980","09","28","15:00"," ","","","","","","","","","","","","","","","","","","",""
"1980-09-28 15:30","1980","09","28","15:30"," ","9,10","","5,20","","77,00","","23,00","","22,00","","24,10","","100,89","","","","","","Averses de pluie"
"1980-09-28 16:00","1980","09","28","16:00"," ","","","","","","","","","","","","","","","","","","",""
"1980-09-28 16:30","1980","09","28","16:30"," ","9,20","","5,10","","75,00","","22,00","","22,00","","24,10","","100,89","","","","","","Généralement nuageux"
"1980-09-28 17:00","1980","09","28","17:00"," ","","","","","","","","","","","","","","","","","","",""
"1980-09-28 17:30","1980","09","28","17:30"," ","7,60","","5,10","","84,00","","23,00","","22,00","","16,10","","100,89","","","","","","Averses de pluie"
"1980-09-28 18:00","1980","09","28","18:00"," ","","","","","","","","","","","","","","","","","","",""
"1980-09-28 18:30","1980","09","28","18:30"," ","6,90","","4,30","","83,00","","22,00","","22,00","","12,90","","100,96","","","","","","Averses de pluie"
"1980-09-28 19:00","1980","09","28","19:00"," ","","","","","","","","","","","","","","","","","","",""
"1980-09-28 19:30","1980","09","28","19:30"," ","5,10","","2,70","","85,00","","22,00","","19,00","","16,10","","100,99","","","","","","Averses de pluie"
"1980-09-28 20:00","1980","09","28","20:00"," ","","","","","","","","","","","","","","","","","","",""
"1980-09-28 20:30","1980","09","28","20:30"," ","4,90","","2,30","","83,00","","20,00","","15,00","","24,10","","100,99","","","","","","Averses de pluie"
"1980-09-28 21:00","1980","09","28","21:00"," ","","","","","","","","","","","","","","","","","","",""
"1980-09-28 21:30","1980","09","28","21:30"," ","4,70","","2,20","","84,00","","9,00","","6,00","","24,10","","100,96","","","","","","Averses de pluie"
"1980-09-28 22:00","1980","09","28","22:00"," ","","","","","","","","","","","","","","","","","","",""
"1980-09-28 22:30","1980","09","28","22:30"," ","4,30","","1,30","","81,00","","0,00","","0,00","","24,10","","100,85","","","","","","Nuageux"
"1980-09-28 23:00","1980","09","28","23:00"," ","","","","","","","","","","","","","","","","","","",""
"1980-09-28 23:30","1980","09","28","23:30"," ","3,70","","2,20","","90,00","","0,00","","0,00","","24,10","","100,75","","","","","","Nuageux"
"1980-09-29 00:00","1980","09","29","00:00"," ","","","","","","","","","","","","","","","","","","",""
"1980-09-29 00:30","1980","09","29","00:30"," ","4,40","","3,20","","92,00","","12,00","","15,00","","19,30","","100,58","","","","","","Averses de pluie"
"1980-09-29 01:00","1980","09","29","01:00"," ","","","","","","","","","","","","","","","","","","",""
"1980-09-29 01:30","1980","09","29","01:30"," ","3,90","","3,10","","95,00","","22,00","","13,00","","24,10","","100,58","","","","","","Nuageux"
"1980-09-29 02:00","1980","09","29","02:00"," ","","","","","","","","","","","","","","","","","","",""
"1980-09-29 02:30","1980","09","29","02:30"," ","3,70","","2,60","","92,00","","22,00","","19,00","","24,10","","100,55","","","","","","Généralement nuageux"
"1980-09-29 03:00","1980","09","29","03:00"," ","","","","","","","","","","","","","","","","","","",""
"1980-09-29 03:30","1980","09","29","03:30"," ","2,90","","2,10","","95,00","","24,00","","28,00","","24,10","","100,58","","","","","","Averses de pluie"
"1980-09-29 04:00","1980","09","29","04:00"," ","","","","","","","","","","","","","","","","","","",""
"1980-09-29 04:30","1980","09","29","04:30"," ","2,50","","1,40","","92,00","","22,00","","22,00","","16,10","","100,75","","","","","","Averses de pluie"
"1980-09-29 05:00","1980","09","29","05:00"," ","","","","","","","","","","","","","","","","","","",""
"1980-09-29 05:30","1980","09","29","05:30"," ","2,30","","0,50","","88,00","","23,00","","19,00","","24,10","","100,85","","","","","","Généralement nuageux"
"1980-09-29 06:00","1980","09","29","06:00"," ","","","","","","","","","","","","","","","","","","",""
"1980-09-29 06:30","1980","09","29","06:30"," ","2,60","","0,80","","88,00","","25,00","","15,00","","24,10","","100,99","","","","","","Généralement dégagé"
"1980-09-29 07:00","1980","09","29","07:00"," ","","","","","","","","","","","","","","","","","","",""
"1980-09-29 07:30","1980","09","29","07:30"," ","3,10","","1,10","","87,00","","25,00","","19,00","","24,10","","101,09","","","","","","Généralement dégagé"
"1980-09-29 08:00","1980","09","29","08:00"," ","","","","","","","","","","","","","","","","","","",""
"1980-09-29 08:30","1980","09","29","08:30"," ","3,30","","1,20","","86,00","","25,00","","22,00","","24,10","","101,19","","","","","","Généralement nuageux"
"1980-09-29 09:00","1980","09","29","09:00"," ","","","","","","","","","","","","","","","","","","",""
"1980-09-29 09:30","1980","09","29","09:30"," ","4,70","","2,10","","83,00","","25,00","","22,00","","24,10","","101,26","","","","","","Généralement dégagé"
"1980-09-29 10:00","1980","09","29","10:00"," ","","","","","","","","","","","","","","","","","","",""
"1980-09-29 10:30","1980","09","29","10:30"," ","4,80","","2,10","","83,00","","25,00","","22,00","","24,10","","101,33","","","","","","Généralement nuageux"
"1980-09-29 11:00","1980","09","29","11:00"," ","","","","","","","","","","","","","","","","","","",""
"1980-09-29 11:30","1980","09","29","11:30"," ","5,80","","2,20","","78,00","","26,00","","28,00","","24,10","","101,40","","","","","","Généralement nuageux"
"1980-09-29 12:00","1980","09","29","12:00"," ","","","","","","","","","","","","","","","","","","",""
"1980-09-29 12:30","1980","09","29","12:30"," ","5,20","","2,10","","80,00","","27,00","","28,00","","24,10","","101,50","","","","","","Généralement nuageux"
"1980-09-29 13:00","1980","09","29","13:00"," ","","","","","","","","","","","","","","","","","","",""
"1980-09-29 13:30","1980","09","29","13:30"," ","5,10","","0,30","","71,00","","28,00","","28,00","","24,10","","101,60","","","","","","Généralement nuageux"
"1980-09-29 14:00","1980","09","29","14:00"," ","","","","","","","","","","","","","","","","","","",""
"1980-09-29 14:30","1980","09","29","14:30"," ","5,20","","0,10","","70,00","","27,00","","28,00","","24,10","","101,70","","","","","","Généralement nuageux"
"1980-09-29 15:00","1980","09","29","15:00"," ","","","","","","","","","","","","","","","","","","",""
"1980-09-29 15:30","1980","09","29","15:30"," ","5,20","","-0,50","","66,00","","24,00","","26,00","","24,10","","101,80","","","","","","Généralement nuageux"
"1980-09-29 16:00","1980","09","29","16:00"," ","","","","","","","","","","","","","","","","","","",""
"1980-09-29 16:30","1980","09","29","16:30"," ","5,00","","-0,90","","66,00","","26,00","","17,00","","24,10","","101,87","","","","","","Généralement dégagé"
"1980-09-29 17:00","1980","09","29","17:00"," ","","","","","","","","","","","","","","","","","","",""
"1980-09-29 17:30","1980","09","29","17:30"," ","4,60","","-1,20","","66,00","","23,00","","19,00","","24,10","","102,00","","","","","","Généralement dégagé"
"1980-09-29 18:00","1980","09","29","18:00"," ","","","","","","","","","","","","","","","","","","",""
"1980-09-29 18:30","1980","09","29","18:30"," ","3,20","","-1,20","","73,00","","23,00","","17,00","","24,10","","102,07","","","","","","Généralement dégagé"
"1980-09-29 19:00","1980","09","29","19:00"," ","","","","","","","","","","","","","","","","","","",""
"1980-09-29 19:30","1980","09","29","19:30"," ","0,60","","-0,70","","91,00","","25,00","","7,00","","24,10","","102,17","","","","","","Généralement dégagé"
"1980-09-29 20:00","1980","09","29","20:00"," ","","","","","","","","","","","","","","","","","","",""
"1980-09-29 20:30","1980","09","29","20:30"," ","1,00","","-0,90","","87,00","","27,00","","13,00","","24,10","","102,17","","","","","","Généralement dégagé"
"1980-09-29 21:00","1980","09","29","21:00"," ","","","","","","","","","","","","","","","","","","",""
"1980-09-29 21:30","1980","09","29","21:30"," ","1,20","","-0,20","","90,00","","27,00","","17,00","","24,10","","102,17","","","","","","Généralement dégagé"
"1980-09-29 22:00","1980","09","29","22:00"," ","","","","","","","","","","","","","","","","","","",""
"1980-09-29 22:30","1980","09","29","22:30"," ","-0,20","","-0,90","","95,00","","21,00","","7,00","","24,10","","102,21","","","","-3,00","","Généralement dégagé"
"1980-09-29 23:00","1980","09","29","23:00"," ","","","","","","","","","","","","","","","","","","",""
"1980-09-29 23:30","1980","09","29","23:30"," ","2,20","","1,10","","92,00","","25,00","","13,00","","24,10","","102,24","","","","","","Généralement dégagé"
"1980-09-30 00:00","1980","09","30","00:00"," ","","","","","","","","","","","","","","","","","","",""
"1980-09-30 00:30","1980","09","30","00:30"," ","1,40","","-0,10","","90,00","","21,00","","11,00","","24,10","","102,21","","","","","","Généralement nuageux"
"1980-09-30 01:00","1980","09","30","01:00"," ","","","","","","","","","","","","","","","","","","",""
"1980-09-30 01:30","1980","09","30","01:30"," ","2,40","","0,30","","86,00","","19,00","","19,00","","24,10","","102,21","","","","","","Généralement nuageux"
"1980-09-30 02:00","1980","09","30","02:00"," ","","","","","","","","","","","","","","","","","","",""
"1980-09-30 02:30","1980","09","30","02:30"," ","2,40","","0,50","","87,00","","16,00","","9,00","","24,10","","102,14","","","","","","Généralement nuageux"
"1980-09-30 03:00","1980","09","30","03:00"," ","","","","","","","","","","","","","","","","","","",""
"1980-09-30 03:30","1980","09","30","03:30"," ","2,90","","0,60","","85,00","","19,00","","6,00","","24,10","","102,07","","","","","","Nuageux"
"1980-09-30 04:00","1980","09","30","04:00"," ","","","","","","","","","","","","","","","","","","",""
"1980-09-30 04:30","1980","09","30","04:30"," ","4,00","","-0,50","","72,00","","20,00","","15,00","","24,10","","102,00","","","","","","Nuageux"
"1980-09-30 05:00","1980","09","30","05:00"," ","","","","","","","","","","","","","","","","","","",""
"1980-09-30 05:30","1980","09","30","05:30"," ","4,60","","0,00","","72,00","","20,00","","28,00","","24,10","","101,90","","","","","","Généralement nuageux"
"1980-09-30 06:00","1980","09","30","06:00"," ","","","","","","","","","","","","","","","","","","",""
"1980-09-30 06:30","1980","09","30","06:30"," ","4,90","","0,80","","75,00","","20,00","","19,00","","24,10","","101,80","","","","","","Généralement nuageux"
"1980-09-30 07:00","1980","09","30","07:00"," ","","","","","","","","","","","","","","","","","","",""
"1980-09-30 07:30","1980","09","30","07:30"," ","5,60","","1,00","","72,00","","21,00","","28,00","","24,10","","101,87","","","","","","Généralement nuageux"
"1980-09-30 08:00","1980","09","30","08:00"," ","","","","","","","","","","","","","","","","","","",""
"1980-09-30 08:30","1980","09","30","08:30"," ","7,80","","1,20","","63,00","","22,00","","28,00","","24,10","","101,67","","","","","","Généralement nuageux"
"1980-09-30 09:00","1980","09","30","09:00"," ","","","","","","","","","","","","","","","","","","",""
"1980-09-30 09:30","1980","09","30","09:30"," ","8,80","","0,70","","57,00","","21,00","","28,00","","24,10","","101,60","","","","","","Généralement nuageux"
"1980-09-30 10:00","1980","09","30","10:00"," ","","","","","","","","","","","","","","","","","","",""
"1980-09-30 10:30","1980","09","30","10:30"," ","11,00","","-0,20","","46,00","","21,00","","28,00","","24,10","","101,50","","","","","","Généralement dégagé"
"1980-09-30 11:00","1980","09","30","11:00"," ","","","","","","","","","","","","","","","","","","",""
"1980-09-30 11:30","1980","09","30","11:30"," ","12,70","","1,30","","46,00","","21,00","","33,00","","24,10","","101,40","","","","","","Généralement dégagé"
"1980-09-30 12:00","1980","09","30","12:00"," ","","","","","","","","","","","","","","","","","","",""
"1980-09-30 12:30","1980","09","30","12:30"," ","12,10","","2,30","","51,00","","21,00","","37,00","","24,10","","101,26","","","","","","Généralement nuageux"
"1980-09-30 13:00","1980","09","30","13:00"," ","","","","","","","","","","","","","","","","","","",""
"1980-09-30 13:30","1980","09","30","13:30"," ","11,90","","2,00","","51,00","","20,00","","37,00","","24,10","","101,16","","","","","","Généralement nuageux"
"1980-09-30 14:00","1980","09","30","14:00"," ","","","","","","","","","","","","","","","","","","",""
"1980-09-30 14:30","1980","09","30","14:30"," ","12,00","","3,00","","54,00","","23,00","","37,00","","24,10","","101,09","","","","","","Généralement nuageux"
"1980-09-30 15:00","1980","09","30","15:00"," ","","","","","","","","","","","","","","","","","","",""
"1980-09-30 15:30","1980","09","30","15:30"," ","11,80","","4,50","","61,00","","21,00","","31,00","","24,10","","101,09","","","","","","Nuageux"
"1980-09-30 16:00","1980","09","30","16:00"," ","","","","","","","","","","","","","","","","","","",""
"1980-09-30 16:30","1980","09","30","16:30"," ","11,40","","5,00","","65,00","","19,00","","33,00","","24,10","","101,02","","","","","","Nuageux"
"1980-09-30 17:00","1980","09","30","17:00"," ","","","","","","","","","","","","","","","","","","",""
"1980-09-30 17:30","1980","09","30","17:30"," ","11,20","","6,60","","73,00","","22,00","","30,00","","24,10","","101,09","","","","","","Nuageux"
"1980-09-30 18:00","1980","09","30","18:00"," ","","","","","","","","","","","","","","","","","","",""
"1980-09-30 18:30","1980","09","30","18:30"," ","9,80","","8,00","","89,00","","23,00","","24,00","","11,30","","101,06","","","","","","Averses de pluie"
"1980-09-30 19:00","1980","09","30","19:00"," ","","","","","","","","","","","","","","","","","","",""
"1980-09-30 19:30","1980","09","30","19:30"," ","9,50","","8,80","","95,00","","22,00","","26,00","","11,30","","101,02","","","","","","Averses de pluie"
"1980-09-30 20:00","1980","09","30","20:00"," ","","","","","","","","","","","","","","","","","","",""
"1980-09-30 20:30","1980","09","30","20:30"," ","9,30","","9,20","","100,00","","23,00","","24,00","","11,30","","101,02","","","","","","Averses de pluie"
"1980-09-30 21:00","1980","09","30","21:00"," ","","","","","","","","","","","","","","","","","","",""
"1980-09-30 21:30","1980","09","30","21:30"," ","9,40","","9,20","","99,00","","22,00","","19,00","","11,30","","101,02","","","","","","Averses de pluie"
"1980-09-30 22:00","1980","09","30","22:00"," ","","","","","","","","","","","","","","","","","","",""
"1980-09-30 22:30","1980","09","30","22:30"," ","9,00","","8,50","","97,00","","25,00","","22,00","","16,10","","101,06","","","","","","Averses de pluie"
"1980-09-30 23:00","1980","09","30","23:00"," ","","","","","","","","","","","","","","","","","","",""
"1980-09-30 23:30","1980","09","30","23:30"," ","9,10","","8,20","","94,00","","25,00","","19,00","","19,30","","101,16","","","","","","Averses de pluie"
