"Nom de la Station","DEER LAKE A"
"Province","NEWFOUNDLAND"
"Latitude","49,22"
"Longitude","-57,40"
"Altitude","21,90"
"Identification Climat","8401501"
"Identification OMM","71809"
"Identification TC","YDF"
"Toutes les heures sont exprimées en heure normale locale (HNL). Pour convertir l'heure locale en heure avancée de l'Est (HAE), ajoutez 1 heure s'il y a lieu."

"Légende"
"M","Données Manquantes"
"E","Valeur Estimée"
"ND","Non Disponible"
"**","Données fournies par un partenaire, non assujetties à un révision par les Archives climatiques nationales du Canada"

"Date/Heure","Année","Mois","Jour","Heure","Qualité des Données","Temp (°C)","Temp Indicateur","Point de rosée (°C)","Point de rosée Indicateur","Hum. rel (%)","Hum. rel. Indicateur","Dir. du vent (10s deg)","Dir. du vent Indicateur","Vit. du vent (km/h)","Vit. du vent Indicateur","Visibilité (km)","Visibilité Indicateur","Pression à la station (kPa)","Pression à la station Indicateur","Hmdx","Hmdx Indicateur","Refroid. éolien","Refroid. éolien Indicateur","Temps"
"2011-10-01 00:00","2011","10","01","00:00"," ","","","","","","","","","","","","","","","","","","",""
"2011-10-01 00:30","2011","10","01","00:30"," ","13,30","","11,30","","88,00","","25,00","","20,00","","24,10","","100,62","","","","","","Généralement dégagé"
"2011-10-01 01:00","2011","10","01","01:00"," ","","","","","","","","","","","","","","","","","","",""
"2011-10-01 01:30","2011","10","01","01:30"," ","14,90","","10,80","","76,00","","24,00","","15,00","","24,10","","100,68","","","","","","Généralement dégagé"
"2011-10-01 02:00","2011","10","01","02:00"," ","","","","","","","","","","","","","","","","","","",""
"2011-10-01 02:30","2011","10","01","02:30"," ","13,10","","10,80","","86,00","","22,00","","13,00","","24,10","","100,74","","","","","","Généralement nuageux"
"2011-10-01 03:00","2011","10","01","03:00"," ","","","","","","","","","","","","","","","","","","",""
"2011-10-01 03:30","2011","10","01","03:30"," ","13,40","","10,90","","85,00","","22,00","","13,00","","24,10","","100,79","","","","","","Généralement nuageux"
"2011-10-01 04:00","2011","10","01","04:00"," ","","","","","","","","","","","","","","","","","","",""
"2011-10-01 04:30","2011","10","01","04:30"," ","14,60","","11,50","","82,00","","23,00","","19,00","","24,10","","100,85","","","","","","Généralement nuageux"
"2011-10-01 05:00","2011","10","01","05:00"," ","","","","","","","","","","","","","","","","","","",""
"2011-10-01 05:30","2011","10","01","05:30"," ","14,80","","11,40","","80,00","","23,00","","15,00","","24,10","","100,88","","","","","","Généralement nuageux"
"2011-10-01 06:00","2011","10","01","06:00"," ","","","","","","","","","","","","","","","","","","",""
"2011-10-01 06:30","2011","10","01","06:30"," ","13,70","","11,30","","85,00","","0,00","","0,00","","24,10","","100,92","","","","","","Généralement nuageux"
"2011-10-01 07:00","2011","10","01","07:00"," ","","","","","","","","","","","","","","","","","","",""
"2011-10-01 07:30","2011","10","01","07:30"," ","14,00","","12,10","","88,00","","0,00","","0,00","","24,10","","100,94","","","","","","Nuageux"
"2011-10-01 08:00","2011","10","01","08:00"," ","","","","","","","","","","","","","","","","","","",""
"2011-10-01 08:30","2011","10","01","08:30"," ","15,20","","12,80","","86,00","","0,00","","0,00","","24,10","","100,97","","","","","","Pluie"
"2011-10-01 09:00","2011","10","01","09:00"," ","","","","","","","","","","","","","","","","","","",""
"2011-10-01 09:30","2011","10","01","09:30"," ","16,40","","13,20","","81,00","","0,00","","0,00","","24,10","","100,98","","","","","","Pluie"
"2011-10-01 10:00","2011","10","01","10:00"," ","","","","","","","","","","","","","","","","","","",""
"2011-10-01 10:30","2011","10","01","10:30"," ","17,40","","13,90","","80,00","","0,00","","0,00","","24,10","","100,96","","","","","","Pluie"
"2011-10-01 11:00","2011","10","01","11:00"," ","","","","","","","","","","","","","","","","","","",""
"2011-10-01 11:30","2011","10","01","11:30"," ","18,90","","13,90","","73,00","","0,00","","0,00","","24,10","","100,96","","","","","","Nuageux"
"2011-10-01 12:00","2011","10","01","12:00"," ","","","","","","","","","","","","","","","","","","",""
"2011-10-01 12:30","2011","10","01","12:30"," ","20,00","","13,50","","66,00","","23,00","","11,00","","24,10","","100,97","","","","","","Généralement nuageux"
"2011-10-01 13:00","2011","10","01","13:00"," ","","","","","","","","","","","","","","","","","","",""
"2011-10-01 13:30","2011","10","01","13:30"," ","21,10","","13,50","","62,00","","23,00","","19,00","","24,10","","100,97","","","","","","Généralement nuageux"
"2011-10-01 14:00","2011","10","01","14:00"," ","","","","","","","","","","","","","","","","","","",""
"2011-10-01 14:30","2011","10","01","14:30"," ","21,10","","13,10","","60,00","","23,00","","19,00","","24,10","","101,00","","","","","","Généralement nuageux"
"2011-10-01 15:00","2011","10","01","15:00"," ","","","","","","","","","","","","","","","","","","",""
"2011-10-01 15:30","2011","10","01","15:30"," ","19,50","","13,70","","69,00","","24,00","","19,00","","24,10","","101,07","","","","","","Nuageux"
"2011-10-01 16:00","2011","10","01","16:00"," ","","","","","","","","","","","","","","","","","","",""
"2011-10-01 16:30","2011","10","01","16:30"," ","18,60","","14,60","","78,00","","0,00","","0,00","","19,30","","101,08","","","","","","Pluie"
"2011-10-01 17:00","2011","10","01","17:00"," ","","","","","","","","","","","","","","","","","","",""
"2011-10-01 17:30","2011","10","01","17:30"," ","17,40","","14,70","","84,00","","0,00","","0,00","","16,10","","101,11","","","","","","Pluie"
"2011-10-01 18:00","2011","10","01","18:00"," ","","","","","","","","","","","","","","","","","","",""
"2011-10-01 18:30","2011","10","01","18:30"," ","15,80","","14,60","","93,00","","0,00","","0,00","","12,90","","101,16","","","","","","Pluie"
"2011-10-01 19:00","2011","10","01","19:00"," ","","","","","","","","","","","","","","","","","","",""
"2011-10-01 19:30","2011","10","01","19:30"," ","15,40","","14,80","","96,00","","0,00","","0,00","","12,90","","101,14","","","","","","Pluie"
"2011-10-01 20:00","2011","10","01","20:00"," ","","","","","","","","","","","","","","","","","","",""
"2011-10-01 20:30","2011","10","01","20:30"," ","15,10","","14,70","","97,00","","0,00","","0,00","","9,70","","101,16","","","","","","Pluie,Brouillard"
"2011-10-01 21:00","2011","10","01","21:00"," ","","","","","","","","","","","","","","","","","","",""
"2011-10-01 21:30","2011","10","01","21:30"," ","14,90","","14,70","","99,00","","0,00","","0,00","","12,90","","101,16","","","","","","Pluie"
"2011-10-01 22:00","2011","10","01","22:00"," ","","","","","","","","","","","","","","","","","","",""
"2011-10-01 22:30","2011","10","01","22:30"," ","14,70","","14,40","","98,00","","0,00","","0,00","","8,00","","101,26","","","","","","Pluie,Brouillard"
"2011-10-01 23:00","2011","10","01","23:00"," ","","","","","","","","","","","","","","","","","","",""
"2011-10-01 23:30","2011","10","01","23:30"," ","14,50","","14,20","","98,00","","7,00","","7,00","","6,40","","101,26","","","","","","Pluie modérée,Brouillard"
"2011-10-02 00:00","2011","10","02","00:00"," ","","","","","","","","","","","","","","","","","","",""
"2011-10-02 00:30","2011","10","02","00:30"," ","14,30","","14,10","","99,00","","0,00","","0,00","","6,40","","101,32","","","","","","Pluie modérée,Brouillard"
"2011-10-02 01:00","2011","10","02","01:00"," ","","","","","","","","","","","","","","","","","","",""
"2011-10-02 01:30","2011","10","02","01:30"," ","14,20","","14,00","","99,00","","0,00","","0,00","","9,70","","101,35","","","","","","Pluie,Brouillard"
"2011-10-02 02:00","2011","10","02","02:00"," ","","","","","","","","","","","","","","","","","","",""
"2011-10-02 02:30","2011","10","02","02:30"," ","14,20","","14,00","","99,00","","0,00","","0,00","","4,80","","101,45","","","","","","Pluie,Brouillard"
"2011-10-02 03:00","2011","10","02","03:00"," ","","","","","","","","","","","","","","","","","","",""
"2011-10-02 03:30","2011","10","02","03:30"," ","14,20","","13,90","","98,00","","4,00","","7,00","","6,40","","101,53","","","","","","Pluie,Brouillard"
"2011-10-02 04:00","2011","10","02","04:00"," ","","","","","","","","","","","","","","","","","","",""
"2011-10-02 04:30","2011","10","02","04:30"," ","9,80","","9,30","","97,00","","5,00","","20,00","","12,90","","101,72","","","","","","Pluie"
"2011-10-02 05:00","2011","10","02","05:00"," ","","","","","","","","","","","","","","","","","","",""
"2011-10-02 05:30","2011","10","02","05:30"," ","8,20","","7,50","","95,00","","5,00","","19,00","","19,30","","101,90","","","","","","Pluie"
"2011-10-02 06:00","2011","10","02","06:00"," ","","","","","","","","","","","","","","","","","","",""
"2011-10-02 06:30","2011","10","02","06:30"," ","7,70","","7,20","","97,00","","5,00","","22,00","","12,90","","102,08","","","","","","Pluie"
"2011-10-02 07:00","2011","10","02","07:00"," ","","","","","","","","","","","","","","","","","","",""
"2011-10-02 07:30","2011","10","02","07:30"," ","7,40","","6,50","","94,00","","5,00","","22,00","","12,90","","102,21","","","","","","Pluie"
"2011-10-02 08:00","2011","10","02","08:00"," ","","","","","","","","","","","","","","","","","","",""
"2011-10-02 08:30","2011","10","02","08:30"," ","7,40","","6,20","","92,00","","5,00","","19,00","","9,70","","102,29","","","","","","Pluie,Brouillard"
"2011-10-02 09:00","2011","10","02","09:00"," ","","","","","","","","","","","","","","","","","","",""
"2011-10-02 09:30","2011","10","02","09:30"," ","7,50","","6,10","","91,00","","5,00","","19,00","","12,90","","102,32","","","","","","Pluie"
"2011-10-02 10:00","2011","10","02","10:00"," ","","","","","","","","","","","","","","","","","","",""
"2011-10-02 10:30","2011","10","02","10:30"," ","8,50","","6,00","","84,00","","6,00","","19,00","","19,30","","102,35","","","","","","Nuageux"
"2011-10-02 11:00","2011","10","02","11:00"," ","","","","","","","","","","","","","","","","","","",""
"2011-10-02 11:30","2011","10","02","11:30"," ","8,60","","5,60","","81,00","","6,00","","19,00","","19,30","","102,34","","","","","","Nuageux"
"2011-10-02 12:00","2011","10","02","12:00"," ","","","","","","","","","","","","","","","","","","",""
"2011-10-02 12:30","2011","10","02","12:30"," ","8,70","","6,20","","84,00","","6,00","","22,00","","19,30","","102,33","","","","","","Nuageux"
"2011-10-02 13:00","2011","10","02","13:00"," ","","","","","","","","","","","","","","","","","","",""
"2011-10-02 13:30","2011","10","02","13:30"," ","8,80","","6,20","","84,00","","7,00","","22,00","","19,30","","102,31","","","","","","Nuageux"
"2011-10-02 14:00","2011","10","02","14:00"," ","","","","","","","","","","","","","","","","","","",""
"2011-10-02 14:30","2011","10","02","14:30"," ","8,80","","6,00","","83,00","","6,00","","19,00","","19,30","","102,31","","","","","","Nuageux"
"2011-10-02 15:00","2011","10","02","15:00"," ","","","","","","","","","","","","","","","","","","",""
"2011-10-02 15:30","2011","10","02","15:30"," ","8,60","","5,70","","82,00","","6,00","","19,00","","19,30","","102,27","","","","","","Nuageux"
"2011-10-02 16:00","2011","10","02","16:00"," ","","","","","","","","","","","","","","","","","","",""
"2011-10-02 16:30","2011","10","02","16:30"," ","8,40","","5,40","","81,00","","7,00","","19,00","","19,30","","102,24","","","","","","Nuageux"
"2011-10-02 17:00","2011","10","02","17:00"," ","","","","","","","","","","","","","","","","","","",""
"2011-10-02 17:30","2011","10","02","17:30"," ","8,20","","5,80","","85,00","","6,00","","19,00","","19,30","","102,24","","","","","","Nuageux"
"2011-10-02 18:00","2011","10","02","18:00"," ","","","","","","","","","","","","","","","","","","",""
"2011-10-02 18:30","2011","10","02","18:30"," ","7,80","","5,90","","88,00","","6,00","","19,00","","19,30","","102,23","","","","","","Nuageux"
"2011-10-02 19:00","2011","10","02","19:00"," ","","","","","","","","","","","","","","","","","","",""
"2011-10-02 19:30","2011","10","02","19:30"," ","7,30","","6,40","","94,00","","5,00","","19,00","","9,70","","102,19","","","","","","Brouillard"
"2011-10-02 20:00","2011","10","02","20:00"," ","","","","","","","","","","","","","","","","","","",""
"2011-10-02 20:30","2011","10","02","20:30"," ","7,10","","6,50","","96,00","","5,00","","19,00","","9,70","","102,09","","","","","","Brouillard"
"2011-10-02 21:00","2011","10","02","21:00"," ","","","","","","","","","","","","","","","","","","",""
"2011-10-02 21:30","2011","10","02","21:30"," ","7,20","","6,30","","94,00","","3,00","","9,00","","16,10","","102,07","","","","","","Nuageux"
"2011-10-02 22:00","2011","10","02","22:00"," ","","","","","","","","","","","","","","","","","","",""
"2011-10-02 22:30","2011","10","02","22:30"," ","7,00","","6,50","","97,00","","5,00","","19,00","","9,70","","101,97","","","","","","Pluie,Brouillard"
"2011-10-02 23:00","2011","10","02","23:00"," ","","","","","","","","","","","","","","","","","","",""
"2011-10-02 23:30","2011","10","02","23:30"," ","7,10","","6,60","","97,00","","5,00","","19,00","","9,70","","101,84","","","","","","Bruine,Brouillard"
"2011-10-03 00:00","2011","10","03","00:00"," ","","","","","","","","","","","","","","","","","","",""
"2011-10-03 00:30","2011","10","03","00:30"," ","7,30","","6,80","","97,00","","5,00","","9,00","","16,10","","101,69","","","","","","Bruine"
"2011-10-03 01:00","2011","10","03","01:00"," ","","","","","","","","","","","","","","","","","","",""
"2011-10-03 01:30","2011","10","03","01:30"," ","7,30","","6,80","","97,00","","5,00","","9,00","","16,10","","101,63","","","","","","Bruine"
"2011-10-03 02:00","2011","10","03","02:00"," ","","","","","","","","","","","","","","","","","","",""
"2011-10-03 02:30","2011","10","03","02:30"," ","7,50","","6,90","","96,00","","6,00","","19,00","","16,10","","101,45","","","","","","Nuageux"
"2011-10-03 03:00","2011","10","03","03:00"," ","","","","","","","","","","","","","","","","","","",""
"2011-10-03 03:30","2011","10","03","03:30"," ","7,60","","7,00","","96,00","","6,00","","19,00","","16,10","","101,31","","","","","","Nuageux"
"2011-10-03 04:00","2011","10","03","04:00"," ","","","","","","","","","","","","","","","","","","",""
"2011-10-03 04:30","2011","10","03","04:30"," ","7,50","","6,80","","95,00","","4,00","","15,00","","16,10","","101,22","","","","","","Nuageux"
"2011-10-03 05:00","2011","10","03","05:00"," ","","","","","","","","","","","","","","","","","","",""
"2011-10-03 05:30","2011","10","03","05:30"," ","7,80","","6,80","","93,00","","5,00","","19,00","","16,10","","101,12","","","","","","Pluie"
"2011-10-03 06:00","2011","10","03","06:00"," ","","","","","","","","","","","","","","","","","","",""
"2011-10-03 06:30","2011","10","03","06:30"," ","7,70","","6,70","","93,00","","4,00","","19,00","","16,10","","101,07","","","","","","Pluie"
"2011-10-03 07:00","2011","10","03","07:00"," ","","","","","","","","","","","","","","","","","","",""
"2011-10-03 07:30","2011","10","03","07:30"," ","7,90","","7,10","","95,00","","3,00","","7,00","","16,10","","101,07","","","","","","Pluie"
"2011-10-03 08:00","2011","10","03","08:00"," ","","","","","","","","","","","","","","","","","","",""
"2011-10-03 08:30","2011","10","03","08:30"," ","8,30","","7,50","","95,00","","12,00","","6,00","","19,30","","101,04","","","","","","Pluie"
"2011-10-03 09:00","2011","10","03","09:00"," ","","","","","","","","","","","","","","","","","","",""
"2011-10-03 09:30","2011","10","03","09:30"," ","9,10","","7,90","","92,00","","22,00","","4,00","","19,30","","101,15","","","","","","Pluie"
"2011-10-03 10:00","2011","10","03","10:00"," ","","","","","","","","","","","","","","","","","","",""
"2011-10-03 10:30","2011","10","03","10:30"," ","10,50","","8,50","","87,00","","0,00","","0,00","","24,10","","101,14","","","","","","Généralement nuageux"
"2011-10-03 11:00","2011","10","03","11:00"," ","","","","","","","","","","","","","","","","","","",""
"2011-10-03 11:30","2011","10","03","11:30"," ","11,50","","9,10","","85,00","","22,00","","19,00","","24,10","","101,16","","","","","","Généralement nuageux"
"2011-10-03 12:00","2011","10","03","12:00"," ","","","","","","","","","","","","","","","","","","",""
"2011-10-03 12:30","2011","10","03","12:30"," ","14,30","","10,10","","76,00","","21,00","","19,00","","24,10","","101,12","","","","","","Généralement dégagé"
"2011-10-03 13:00","2011","10","03","13:00"," ","","","","","","","","","","","","","","","","","","",""
"2011-10-03 13:30","2011","10","03","13:30"," ","16,90","","9,80","","63,00","","23,00","","19,00","","24,10","","101,10","","","","","","Généralement dégagé"
"2011-10-03 14:00","2011","10","03","14:00"," ","","","","","","","","","","","","","","","","","","",""
"2011-10-03 14:30","2011","10","03","14:30"," ","17,30","","9,60","","61,00","","27,00","","19,00","","24,10","","101,20","","","","","","Généralement dégagé"
"2011-10-03 15:00","2011","10","03","15:00"," ","","","","","","","","","","","","","","","","","","",""
"2011-10-03 15:30","2011","10","03","15:30"," ","16,10","","9,20","","64,00","","27,00","","19,00","","24,10","","101,27","","","","","","Généralement dégagé"
"2011-10-03 16:00","2011","10","03","16:00"," ","","","","","","","","","","","","","","","","","","",""
"2011-10-03 16:30","2011","10","03","16:30"," ","14,40","","8,20","","66,00","","25,00","","19,00","","24,10","","101,27","","","","","","Généralement dégagé"
"2011-10-03 17:00","2011","10","03","17:00"," ","","","","","","","","","","","","","","","","","","",""
"2011-10-03 17:30","2011","10","03","17:30"," ","13,10","","7,50","","69,00","","25,00","","19,00","","24,10","","101,39","","","","","","Généralement nuageux"
"2011-10-03 18:00","2011","10","03","18:00"," ","","","","","","","","","","","","","","","","","","",""
"2011-10-03 18:30","2011","10","03","18:30"," ","11,50","","7,20","","75,00","","25,00","","15,00","","24,10","","101,54","","","","","","Généralement nuageux"
"2011-10-03 19:00","2011","10","03","19:00"," ","","","","","","","","","","","","","","","","","","",""
"2011-10-03 19:30","2011","10","03","19:30"," ","10,40","","6,20","","75,00","","25,00","","9,00","","24,10","","101,59","","","","","","Nuageux"
"2011-10-03 20:00","2011","10","03","20:00"," ","","","","","","","","","","","","","","","","","","",""
"2011-10-03 20:30","2011","10","03","20:30"," ","8,40","","6,30","","87,00","","26,00","","9,00","","24,10","","101,72","","","","","","Généralement dégagé"
"2011-10-03 21:00","2011","10","03","21:00"," ","","","","","","","","","","","","","","","","","","",""
"2011-10-03 21:30","2011","10","03","21:30"," ","7,20","","5,40","","88,00","","26,00","","6,00","","24,10","","101,75","","","","","","Généralement dégagé"
"2011-10-03 22:00","2011","10","03","22:00"," ","","","","","","","","","","","","","","","","","","",""
"2011-10-03 22:30","2011","10","03","22:30"," ","7,80","","6,20","","90,00","","25,00","","9,00","","24,10","","101,74","","","","","","Généralement nuageux"
"2011-10-03 23:00","2011","10","03","23:00"," ","","","","","","","","","","","","","","","","","","",""
"2011-10-03 23:30","2011","10","03","23:30"," ","8,10","","6,60","","90,00","","0,00","","0,00","","24,10","","101,74","","","","","","Généralement nuageux"
"2011-10-04 00:00","2011","10","04","00:00"," ","","","","","","","","","","","","","","","","","","",""
"2011-10-04 00:30","2011","10","04","00:30"," ","6,60","","5,70","","94,00","","0,00","","0,00","","24,10","","101,77","","","","","","Généralement dégagé"
"2011-10-04 01:00","2011","10","04","01:00"," ","","","","","","","","","","","","","","","","","","",""
"2011-10-04 01:30","2011","10","04","01:30"," ","4,80","","3,50","","91,00","","0,00","","0,00","","24,10","","101,79","","","","","","Généralement dégagé"
"2011-10-04 02:00","2011","10","04","02:00"," ","","","","","","","","","","","","","","","","","","",""
"2011-10-04 02:30","2011","10","04","02:30"," ","3,70","","2,70","","93,00","","0,00","","0,00","","24,10","","101,84","","","","","","Généralement dégagé"
"2011-10-04 03:00","2011","10","04","03:00"," ","","","","","","","","","","","","","","","","","","",""
"2011-10-04 03:30","2011","10","04","03:30"," ","2,20","","1,30","","94,00","","0,00","","0,00","","24,10","","101,86","","","","","","Généralement dégagé"
"2011-10-04 04:00","2011","10","04","04:00"," ","","","","","","","","","","","","","","","","","","",""
"2011-10-04 04:30","2011","10","04","04:30"," ","1,90","","1,70","","99,00","","0,00","","0,00","","4,80","","101,90","","","","","","Brouillard"
"2011-10-04 05:00","2011","10","04","05:00"," ","","","","","","","","","","","","","","","","","","",""
"2011-10-04 05:30","2011","10","04","05:30"," ","2,40","","2,30","","99,00","","0,00","","0,00","","1,20","","101,97","","","","","","Brouillard"
"2011-10-04 06:00","2011","10","04","06:00"," ","","","","","","","","","","","","","","","","","","",""
"2011-10-04 06:30","2011","10","04","06:30"," ","0,50","","0,30","","99,00","","0,00","","0,00","","1,20","","102,02","","","","","","Brouillard"
"2011-10-04 07:00","2011","10","04","07:00"," ","","","","","","","","","","","","","","","","","","",""
"2011-10-04 07:30","2011","10","04","07:30"," ","2,20","","2,20","","100,00","","0,00","","0,00","","0,80","","102,08","","","","","","Brouillard"
"2011-10-04 08:00","2011","10","04","08:00"," ","","","","","","","","","","","","","","","","","","",""
"2011-10-04 08:30","2011","10","04","08:30"," ","4,90","","4,90","","100,00","","0,00","","0,00","","19,30","","102,11","","","","","","Dégagé"
"2011-10-04 09:00","2011","10","04","09:00"," ","","","","","","","","","","","","","","","","","","",""
"2011-10-04 09:30","2011","10","04","09:30"," ","8,90","","6,30","","84,00","","4,00","","19,00","","24,10","","102,09","","","","","","Généralement dégagé"
"2011-10-04 10:00","2011","10","04","10:00"," ","","","","","","","","","","","","","","","","","","",""
"2011-10-04 10:30","2011","10","04","10:30"," ","10,40","","5,50","","72,00","","6,00","","19,00","","24,10","","102,10","","","","","","Généralement dégagé"
"2011-10-04 11:00","2011","10","04","11:00"," ","","","","","","","","","","","","","","","","","","",""
"2011-10-04 11:30","2011","10","04","11:30"," ","13,10","","5,60","","60,00","","5,00","","19,00","","24,10","","102,01","","","","","","Généralement dégagé"
"2011-10-04 12:00","2011","10","04","12:00"," ","","","","","","","","","","","","","","","","","","",""
"2011-10-04 12:30","2011","10","04","12:30"," ","13,60","","5,90","","60,00","","6,00","","19,00","","24,10","","101,97","","","","","","Généralement nuageux"
"2011-10-04 13:00","2011","10","04","13:00"," ","","","","","","","","","","","","","","","","","","",""
"2011-10-04 13:30","2011","10","04","13:30"," ","12,90","","6,10","","63,00","","3,00","","19,00","","24,10","","102,00","","","","","","Généralement nuageux"
"2011-10-04 14:00","2011","10","04","14:00"," ","","","","","","","","","","","","","","","","","","",""
"2011-10-04 14:30","2011","10","04","14:30"," ","12,10","","6,00","","66,00","","5,00","","19,00","","24,10","","101,97","","","","","","Généralement nuageux"
"2011-10-04 15:00","2011","10","04","15:00"," ","","","","","","","","","","","","","","","","","","",""
"2011-10-04 15:30","2011","10","04","15:30"," ","10,70","","5,90","","72,00","","5,00","","19,00","","24,10","","101,98","","","","","","Généralement nuageux"
"2011-10-04 16:00","2011","10","04","16:00"," ","","","","","","","","","","","","","","","","","","",""
"2011-10-04 16:30","2011","10","04","16:30"," ","8,80","","5,40","","79,00","","5,00","","19,00","","24,10","","101,98","","","","","","Nuageux"
"2011-10-04 17:00","2011","10","04","17:00"," ","","","","","","","","","","","","","","","","","","",""
"2011-10-04 17:30","2011","10","04","17:30"," ","8,60","","5,40","","80,00","","6,00","","19,00","","19,30","","102,04","","","","","","Nuageux"
"2011-10-04 18:00","2011","10","04","18:00"," ","","","","","","","","","","","","","","","","","","",""
"2011-10-04 18:30","2011","10","04","18:30"," ","7,90","","4,40","","79,00","","5,00","","28,00","","19,30","","102,03","","","","","","Nuageux"
"2011-10-04 19:00","2011","10","04","19:00"," ","","","","","","","","","","","","","","","","","","",""
"2011-10-04 19:30","2011","10","04","19:30"," ","7,40","","4,50","","82,00","","6,00","","22,00","","24,10","","102,00","","","","","","Nuageux"
"2011-10-04 20:00","2011","10","04","20:00"," ","","","","","","","","","","","","","","","","","","",""
"2011-10-04 20:30","2011","10","04","20:30"," ","7,30","","4,70","","84,00","","4,00","","19,00","","24,10","","102,02","","","","","","Nuageux"
"2011-10-04 21:00","2011","10","04","21:00"," ","","","","","","","","","","","","","","","","","","",""
"2011-10-04 21:30","2011","10","04","21:30"," ","6,70","","4,40","","85,00","","5,00","","19,00","","24,10","","101,95","","","","","","Nuageux"
"2011-10-04 22:00","2011","10","04","22:00"," ","","","","","","","","","","","","","","","","","","",""
"2011-10-04 22:30","2011","10","04","22:30"," ","6,60","","4,60","","87,00","","4,00","","24,00","","24,10","","101,84","","","","","","Averses de pluie"
"2011-10-04 23:00","2011","10","04","23:00"," ","","","","","","","","","","","","","","","","","","",""
"2011-10-04 23:30","2011","10","04","23:30"," ","6,90","","4,90","","87,00","","4,00","","24,00","","24,10","","101,76","","","","","","Nuageux"
"2011-10-05 00:00","2011","10","05","00:00"," ","","","","","","","","","","","","","","","","","","",""
"2011-10-05 00:30","2011","10","05","00:30"," ","7,60","","5,60","","87,00","","5,00","","28,00","","24,10","","101,65","","","","","","Nuageux"
"2011-10-05 01:00","2011","10","05","01:00"," ","","","","","","","","","","","","","","","","","","",""
"2011-10-05 01:30","2011","10","05","01:30"," ","7,20","","5,50","","89,00","","5,00","","24,00","","24,10","","101,57","","","","","","Averses de pluie"
"2011-10-05 02:00","2011","10","05","02:00"," ","","","","","","","","","","","","","","","","","","",""
"2011-10-05 02:30","2011","10","05","02:30"," ","6,60","","5,90","","95,00","","5,00","","24,00","","19,30","","101,45","","","","","","Pluie"
"2011-10-05 03:00","2011","10","05","03:00"," ","","","","","","","","","","","","","","","","","","",""
"2011-10-05 03:30","2011","10","05","03:30"," ","7,00","","6,20","","95,00","","5,00","","28,00","","24,10","","101,33","","","","","","Pluie"
"2011-10-05 04:00","2011","10","05","04:00"," ","","","","","","","","","","","","","","","","","","",""
"2011-10-05 04:30","2011","10","05","04:30"," ","6,90","","5,90","","93,00","","5,00","","24,00","","19,30","","101,21","","","","","","Pluie"
"2011-10-05 05:00","2011","10","05","05:00"," ","","","","","","","","","","","","","","","","","","",""
"2011-10-05 05:30","2011","10","05","05:30"," ","6,50","","5,50","","93,00","","5,00","","28,00","","19,30","","101,12","","","","","","Pluie"
"2011-10-05 06:00","2011","10","05","06:00"," ","","","","","","","","","","","","","","","","","","",""
"2011-10-05 06:30","2011","10","05","06:30"," ","6,40","","5,20","","92,00","","5,00","","28,00","","12,90","","100,97","","","","","","Pluie"
"2011-10-05 07:00","2011","10","05","07:00"," ","","","","","","","","","","","","","","","","","","",""
"2011-10-05 07:30","2011","10","05","07:30"," ","5,70","","4,80","","94,00","","5,00","","28,00","","12,90","","100,82","","","","","","Pluie"
"2011-10-05 08:00","2011","10","05","08:00"," ","","","","","","","","","","","","","","","","","","",""
"2011-10-05 08:30","2011","10","05","08:30"," ","5,30","","4,20","","93,00","","5,00","","28,00","","11,30","","100,75","","","","","","Pluie"
"2011-10-05 09:00","2011","10","05","09:00"," ","","","","","","","","","","","","","","","","","","",""
"2011-10-05 09:30","2011","10","05","09:30"," ","4,60","","3,90","","95,00","","5,00","","28,00","","8,00","","100,49","","","","","","Pluie,Brouillard"
"2011-10-05 10:00","2011","10","05","10:00"," ","","","","","","","","","","","","","","","","","","",""
"2011-10-05 10:30","2011","10","05","10:30"," ","4,30","","3,60","","95,00","","6,00","","37,00","","6,40","","100,14","","","","","","Pluie,Brouillard"
"2011-10-05 11:00","2011","10","05","11:00"," ","","","","","","","","","","","","","","","","","","",""
"2011-10-05 11:30","2011","10","05","11:30"," ","4,00","","3,20","","95,00","","6,00","","33,00","","4,80","","100,24","","","","","","Pluie,Brouillard"
"2011-10-05 12:00","2011","10","05","12:00"," ","","","","","","","","","","","","","","","","","","",""
"2011-10-05 12:30","2011","10","05","12:30"," ","2,90","","2,10","","94,00","","5,00","","37,00","","6,40","","100,01","","","","","","Pluie,Brouillard"
"2011-10-05 13:00","2011","10","05","13:00"," ","","","","","","","","","","","","","","","","","","",""
"2011-10-05 13:30","2011","10","05","13:30"," ","3,20","","2,90","","98,00","","5,00","","37,00","","3,20","","99,80","","","","","","Pluie,Brouillard"
"2011-10-05 14:00","2011","10","05","14:00"," ","","","","","","","","","","","","","","","","","","",""
"2011-10-05 14:30","2011","10","05","14:30"," ","3,20","","2,70","","97,00","","5,00","","37,00","","4,80","","99,63","","","","","","Pluie,Brouillard"
"2011-10-05 15:00","2011","10","05","15:00"," ","","","","","","","","","","","","","","","","","","",""
"2011-10-05 15:30","2011","10","05","15:30"," ","3,40","","2,70","","95,00","","5,00","","37,00","","6,40","","99,37","","","","","","Pluie,Brouillard"
"2011-10-05 16:00","2011","10","05","16:00"," ","","","","","","","","","","","","","","","","","","",""
"2011-10-05 16:30","2011","10","05","16:30"," ","3,90","","3,10","","95,00","","5,00","","39,00","","8,00","","99,11","","","","","","Pluie,Brouillard"
"2011-10-05 17:00","2011","10","05","17:00"," ","","","","","","","","","","","","","","","","","","",""
"2011-10-05 17:30","2011","10","05","17:30"," ","4,10","","3,30","","95,00","","5,00","","41,00","","6,40","","99,02","","","","","","Pluie,Brouillard"
"2011-10-05 18:00","2011","10","05","18:00"," ","","","","","","","","","","","","","","","","","","",""
"2011-10-05 18:30","2011","10","05","18:30"," ","3,70","","3,00","","95,00","","5,00","","46,00","","6,40","","98,91","","","","","","Pluie,Brouillard"
"2011-10-05 19:00","2011","10","05","19:00"," ","","","","","","","","","","","","","","","","","","",""
"2011-10-05 19:30","2011","10","05","19:30"," ","3,40","","2,90","","97,00","","5,00","","46,00","","8,00","","98,80","","","","","","Pluie,Brouillard"
"2011-10-05 20:00","2011","10","05","20:00"," ","","","","","","","","","","","","","","","","","","",""
"2011-10-05 20:30","2011","10","05","20:30"," ","3,50","","2,70","","94,00","","5,00","","46,00","","9,70","","98,76","","","","","","Averses de pluie,Brouillard"
"2011-10-05 21:00","2011","10","05","21:00"," ","","","","","","","","","","","","","","","","","","",""
"2011-10-05 21:30","2011","10","05","21:30"," ","3,40","","2,40","","93,00","","5,00","","46,00","","9,70","","98,68","","","","","","Averses de pluie,Brouillard"
"2011-10-05 22:00","2011","10","05","22:00"," ","","","","","","","","","","","","","","","","","","",""
"2011-10-05 22:30","2011","10","05","22:30"," ","3,20","","2,00","","92,00","","5,00","","46,00","","11,30","","98,57","","","","","","Pluie"
"2011-10-05 23:00","2011","10","05","23:00"," ","","","","","","","","","","","","","","","","","","",""
"2011-10-05 23:30","2011","10","05","23:30"," ","3,70","","1,90","","88,00","","5,00","","46,00","","11,30","","98,53","","","","","","Averses de pluie"
"2011-10-06 00:00","2011","10","06","00:00"," ","","","","","","","","","","","","","","","","","","",""
"2011-10-06 00:30","2011","10","06","00:30"," ","3,80","","1,80","","87,00","","5,00","","46,00","","11,30","","98,46","","","","","","Averses de pluie"
"2011-10-06 01:00","2011","10","06","01:00"," ","","","","","","","","","","","","","","","","","","",""
"2011-10-06 01:30","2011","10","06","01:30"," ","3,40","","2,00","","91,00","","5,00","","46,00","","11,30","","98,42","","","","","","Averses de pluie"
"2011-10-06 02:00","2011","10","06","02:00"," ","","","","","","","","","","","","","","","","","","",""
"2011-10-06 02:30","2011","10","06","02:30"," ","3,20","","2,10","","92,00","","5,00","","46,00","","8,00","","98,35","","","","","","Pluie,Brouillard"
"2011-10-06 03:00","2011","10","06","03:00"," ","","","","","","","","","","","","","","","","","","",""
"2011-10-06 03:30","2011","10","06","03:30"," ","3,10","","2,10","","93,00","","4,00","","46,00","","8,00","","98,33","","","","","","Pluie,Brouillard"
"2011-10-06 04:00","2011","10","06","04:00"," ","","","","","","","","","","","","","","","","","","",""
"2011-10-06 04:30","2011","10","06","04:30"," ","3,30","","2,30","","93,00","","5,00","","46,00","","9,70","","98,26","","","","","","Pluie,Brouillard"
"2011-10-06 05:00","2011","10","06","05:00"," ","","","","","","","","","","","","","","","","","","",""
"2011-10-06 05:30","2011","10","06","05:30"," ","3,20","","2,10","","92,00","","5,00","","46,00","","9,70","","98,26","","","","","","Pluie,Brouillard"
"2011-10-06 06:00","2011","10","06","06:00"," ","","","","","","","","","","","","","","","","","","",""
"2011-10-06 06:30","2011","10","06","06:30"," ","2,90","","1,80","","92,00","","5,00","","37,00","","11,30","","98,27","","","","","","Pluie"
"2011-10-06 07:00","2011","10","06","07:00"," ","","","","","","","","","","","","","","","","","","",""
"2011-10-06 07:30","2011","10","06","07:30"," ","2,60","","1,70","","94,00","","4,00","","33,00","","12,90","","98,27","","","","","","Pluie"
"2011-10-06 08:00","2011","10","06","08:00"," ","","","","","","","","","","","","","","","","","","",""
"2011-10-06 08:30","2011","10","06","08:30"," ","2,90","","1,90","","93,00","","4,00","","28,00","","4,80","","98,30","","","","","","Pluie,Brouillard"
"2011-10-06 09:00","2011","10","06","09:00"," ","","","","","","","","","","","","","","","","","","",""
"2011-10-06 09:30","2011","10","06","09:30"," ","3,40","","2,40","","93,00","","2,00","","24,00","","8,00","","98,34","","","","","","Pluie,Brouillard"
"2011-10-06 10:00","2011","10","06","10:00"," ","","","","","","","","","","","","","","","","","","",""
"2011-10-06 10:30","2011","10","06","10:30"," ","3,70","","2,40","","91,00","","2,00","","22,00","","12,90","","98,35","","","","","","Pluie"
"2011-10-06 11:00","2011","10","06","11:00"," ","","","","","","","","","","","","","","","","","","",""
"2011-10-06 11:30","2011","10","06","11:30"," ","3,70","","2,00","","89,00","","36,00","","28,00","","12,90","","98,44","","","","","","Pluie"
"2011-10-06 12:00","2011","10","06","12:00"," ","","","","","","","","","","","","","","","","","","",""
"2011-10-06 12:30","2011","10","06","12:30"," ","3,90","","1,60","","85,00","","1,00","","30,00","","19,30","","98,52","","","","","","Averses de pluie"
"2011-10-06 13:00","2011","10","06","13:00"," ","","","","","","","","","","","","","","","","","","",""
"2011-10-06 13:30","2011","10","06","13:30"," ","4,40","","1,00","","79,00","","2,00","","28,00","","16,10","","98,63","","","","","","Averses de pluie"
"2011-10-06 14:00","2011","10","06","14:00"," ","","","","","","","","","","","","","","","","","","",""
"2011-10-06 14:30","2011","10","06","14:30"," ","5,00","","0,70","","74,00","","36,00","","24,00","","24,10","","98,78","","","","","","Averses de pluie"
"2011-10-06 15:00","2011","10","06","15:00"," ","","","","","","","","","","","","","","","","","","",""
"2011-10-06 15:30","2011","10","06","15:30"," ","5,10","","0,60","","73,00","","35,00","","26,00","","24,10","","98,96","","","","","","Nuageux"
"2011-10-06 16:00","2011","10","06","16:00"," ","","","","","","","","","","","","","","","","","","",""
"2011-10-06 16:30","2011","10","06","16:30"," ","4,50","","0,60","","76,00","","35,00","","24,00","","24,10","","99,11","","","","","","Nuageux"
"2011-10-06 17:00","2011","10","06","17:00"," ","","","","","","","","","","","","","","","","","","",""
"2011-10-06 17:30","2011","10","06","17:30"," ","4,30","","0,90","","79,00","","35,00","","26,00","","24,10","","99,26","","","","","","Nuageux"
"2011-10-06 18:00","2011","10","06","18:00"," ","","","","","","","","","","","","","","","","","","",""
"2011-10-06 18:30","2011","10","06","18:30"," ","4,30","","1,10","","80,00","","34,00","","22,00","","24,10","","99,45","","","","","","Généralement nuageux"
"2011-10-06 19:00","2011","10","06","19:00"," ","","","","","","","","","","","","","","","","","","",""
"2011-10-06 19:30","2011","10","06","19:30"," ","4,10","","-1,30","","68,00","","34,00","","28,00","","24,10","","99,64","","","","","","Généralement nuageux"
"2011-10-06 20:00","2011","10","06","20:00"," ","","","","","","","","","","","","","","","","","","",""
"2011-10-06 20:30","2011","10","06","20:30"," ","4,00","","-1,60","","67,00","","32,00","","28,00","","24,10","","99,74","","","","","","Généralement nuageux"
"2011-10-06 21:00","2011","10","06","21:00"," ","","","","","","","","","","","","","","","","","","",""
"2011-10-06 21:30","2011","10","06","21:30"," ","3,70","","-1,60","","68,00","","34,00","","24,00","","24,10","","99,89","","","","","","Généralement nuageux"
"2011-10-06 22:00","2011","10","06","22:00"," ","","","","","","","","","","","","","","","","","","",""
"2011-10-06 22:30","2011","10","06","22:30"," ","3,40","","-1,30","","71,00","","32,00","","28,00","","24,10","","99,97","","","","","","Généralement nuageux"
"2011-10-06 23:00","2011","10","06","23:00"," ","","","","","","","","","","","","","","","","","","",""
"2011-10-06 23:30","2011","10","06","23:30"," ","3,40","","-1,70","","69,00","","33,00","","19,00","","24,10","","100,09","","","","","","Généralement nuageux"
"2011-10-07 00:00","2011","10","07","00:00"," ","","","","","","","","","","","","","","","","","","",""
"2011-10-07 00:30","2011","10","07","00:30"," ","3,20","","-1,00","","74,00","","32,00","","19,00","","24,10","","100,25","","","","","","Généralement nuageux"
"2011-10-07 01:00","2011","10","07","01:00"," ","","","","","","","","","","","","","","","","","","",""
"2011-10-07 01:30","2011","10","07","01:30"," ","3,00","","-1,10","","74,00","","31,00","","19,00","","24,10","","100,40","","","","","","Nuageux"
"2011-10-07 02:00","2011","10","07","02:00"," ","","","","","","","","","","","","","","","","","","",""
"2011-10-07 02:30","2011","10","07","02:30"," ","2,90","","-1,00","","75,00","","30,00","","19,00","","24,10","","100,58","","","","","","Nuageux"
"2011-10-07 03:00","2011","10","07","03:00"," ","","","","","","","","","","","","","","","","","","",""
"2011-10-07 03:30","2011","10","07","03:30"," ","2,80","","-1,20","","75,00","","28,00","","9,00","","24,10","","100,68","","","","","","Généralement nuageux"
"2011-10-07 04:00","2011","10","07","04:00"," ","","","","","","","","","","","","","","","","","","",""
"2011-10-07 04:30","2011","10","07","04:30"," ","2,80","","-1,00","","76,00","","28,00","","19,00","","24,10","","100,83","","","","","","Généralement nuageux"
"2011-10-07 05:00","2011","10","07","05:00"," ","","","","","","","","","","","","","","","","","","",""
"2011-10-07 05:30","2011","10","07","05:30"," ","2,50","","-1,20","","77,00","","31,00","","9,00","","24,10","","100,93","","","","","","Généralement nuageux"
"2011-10-07 06:00","2011","10","07","06:00"," ","","","","","","","","","","","","","","","","","","",""
"2011-10-07 06:30","2011","10","07","06:30"," ","2,00","","-1,70","","76,00","","30,00","","13,00","","24,10","","101,02","","","","","","Généralement nuageux"
"2011-10-07 07:00","2011","10","07","07:00"," ","","","","","","","","","","","","","","","","","","",""
"2011-10-07 07:30","2011","10","07","07:30"," ","1,80","","-1,60","","78,00","","2,00","","15,00","","24,10","","101,14","","","","","","Généralement dégagé"
"2011-10-07 08:00","2011","10","07","08:00"," ","","","","","","","","","","","","","","","","","","",""
"2011-10-07 08:30","2011","10","07","08:30"," ","2,60","","0,20","","84,00","","30,00","","9,00","","24,10","","101,27","","","","","","Généralement nuageux"
"2011-10-07 09:00","2011","10","07","09:00"," ","","","","","","","","","","","","","","","","","","",""
"2011-10-07 09:30","2011","10","07","09:30"," ","3,00","","1,10","","87,00","","30,00","","9,00","","24,10","","101,38","","","","","","Généralement nuageux"
"2011-10-07 10:00","2011","10","07","10:00"," ","","","","","","","","","","","","","","","","","","",""
"2011-10-07 10:30","2011","10","07","10:30"," ","3,40","","1,60","","88,00","","30,00","","19,00","","24,10","","101,44","","","","","","Nuageux"
"2011-10-07 11:00","2011","10","07","11:00"," ","","","","","","","","","","","","","","","","","","",""
"2011-10-07 11:30","2011","10","07","11:30"," ","3,70","","1,00","","82,00","","30,00","","9,00","","24,10","","101,49","","","","","","Généralement nuageux"
"2011-10-07 12:00","2011","10","07","12:00"," ","","","","","","","","","","","","","","","","","","",""
"2011-10-07 12:30","2011","10","07","12:30"," ","3,70","","1,00","","82,00","","32,00","","9,00","","24,10","","101,51","","","","","","Généralement nuageux"
"2011-10-07 13:00","2011","10","07","13:00"," ","","","","","","","","","","","","","","","","","","",""
"2011-10-07 13:30","2011","10","07","13:30"," ","5,50","","1,30","","74,00","","33,00","","22,00","","24,10","","101,50","","","","","","Généralement nuageux"
"2011-10-07 14:00","2011","10","07","14:00"," ","","","","","","","","","","","","","","","","","","",""
"2011-10-07 14:30","2011","10","07","14:30"," ","3,50","","0,40","","80,00","","29,00","","17,00","","24,10","","101,54","","","","","","Généralement nuageux"
"2011-10-07 15:00","2011","10","07","15:00"," ","","","","","","","","","","","","","","","","","","",""
"2011-10-07 15:30","2011","10","07","15:30"," ","3,50","","-5,20","","53,00","","27,00","","28,00","","24,10","","101,61","","","","","","Généralement nuageux"
"2011-10-07 16:00","2011","10","07","16:00"," ","","","","","","","","","","","","","","","","","","",""
"2011-10-07 16:30","2011","10","07","16:30"," ","2,60","","-5,10","","57,00","","26,00","","19,00","","24,10","","101,64","","","","","","Généralement nuageux"
"2011-10-07 17:00","2011","10","07","17:00"," ","","","","","","","","","","","","","","","","","","",""
"2011-10-07 17:30","2011","10","07","17:30"," ","2,20","","-5,50","","57,00","","28,00","","19,00","","24,10","","101,66","","","","","","Généralement nuageux"
"2011-10-07 18:00","2011","10","07","18:00"," ","","","","","","","","","","","","","","","","","","",""
"2011-10-07 18:30","2011","10","07","18:30"," ","2,40","","-5,20","","57,00","","27,00","","19,00","","24,10","","101,70","","","","","","Généralement nuageux"
"2011-10-07 19:00","2011","10","07","19:00"," ","","","","","","","","","","","","","","","","","","",""
"2011-10-07 19:30","2011","10","07","19:30"," ","2,00","","-4,60","","62,00","","25,00","","19,00","","24,10","","101,70","","","","","","Généralement nuageux"
"2011-10-07 20:00","2011","10","07","20:00"," ","","","","","","","","","","","","","","","","","","",""
"2011-10-07 20:30","2011","10","07","20:30"," ","1,30","","-4,30","","66,00","","23,00","","19,00","","24,10","","101,69","","","","","","Généralement nuageux"
"2011-10-07 21:00","2011","10","07","21:00"," ","","","","","","","","","","","","","","","","","","",""
"2011-10-07 21:30","2011","10","07","21:30"," ","0,90","","-3,40","","73,00","","22,00","","17,00","","24,10","","101,69","","","","","","Généralement dégagé"
"2011-10-07 22:00","2011","10","07","22:00"," ","","","","","","","","","","","","","","","","","","",""
"2011-10-07 22:30","2011","10","07","22:30"," ","1,20","","-2,80","","75,00","","25,00","","7,00","","24,10","","101,70","","","","","","Généralement dégagé"
"2011-10-07 23:00","2011","10","07","23:00"," ","","","","","","","","","","","","","","","","","","",""
"2011-10-07 23:30","2011","10","07","23:30"," ","1,60","","-2,20","","76,00","","25,00","","19,00","","24,10","","101,61","","","","","","Généralement dégagé"
"2011-10-08 00:00","2011","10","08","00:00"," ","","","","","","","","","","","","","","","","","","",""
"2011-10-08 00:30","2011","10","08","00:30"," ","1,60","","-2,00","","77,00","","24,00","","19,00","","24,10","","101,58","","","","","","Généralement nuageux"
"2011-10-08 01:00","2011","10","08","01:00"," ","","","","","","","","","","","","","","","","","","",""
"2011-10-08 01:30","2011","10","08","01:30"," ","1,60","","-1,50","","80,00","","24,00","","13,00","","24,10","","101,49","","","","","","Généralement nuageux"
"2011-10-08 02:00","2011","10","08","02:00"," ","","","","","","","","","","","","","","","","","","",""
"2011-10-08 02:30","2011","10","08","02:30"," ","2,70","","-0,70","","78,00","","24,00","","19,00","","24,10","","101,46","","","","","","Nuageux"
"2011-10-08 03:00","2011","10","08","03:00"," ","","","","","","","","","","","","","","","","","","",""
"2011-10-08 03:30","2011","10","08","03:30"," ","3,60","","-0,90","","72,00","","25,00","","19,00","","24,10","","101,37","","","","","","Nuageux"
"2011-10-08 04:00","2011","10","08","04:00"," ","","","","","","","","","","","","","","","","","","",""
"2011-10-08 04:30","2011","10","08","04:30"," ","3,80","","0,10","","77,00","","24,00","","19,00","","24,10","","101,29","","","","","","Nuageux"
"2011-10-08 05:00","2011","10","08","05:00"," ","","","","","","","","","","","","","","","","","","",""
"2011-10-08 05:30","2011","10","08","05:30"," ","4,70","","2,20","","84,00","","24,00","","19,00","","16,10","","101,22","","","","","","Pluie"
"2011-10-08 06:00","2011","10","08","06:00"," ","","","","","","","","","","","","","","","","","","",""
"2011-10-08 06:30","2011","10","08","06:30"," ","5,20","","1,90","","79,00","","24,00","","28,00","","19,30","","101,11","","","","","","Pluie"
"2011-10-08 07:00","2011","10","08","07:00"," ","","","","","","","","","","","","","","","","","","",""
"2011-10-08 07:30","2011","10","08","07:30"," ","5,60","","-1,90","","58,00","","27,00","","19,00","","19,30","","101,07","","","","","","Pluie"
"2011-10-08 08:00","2011","10","08","08:00"," ","","","","","","","","","","","","","","","","","","",""
"2011-10-08 08:30","2011","10","08","08:30"," ","6,20","","2,70","","78,00","","25,00","","19,00","","19,30","","101,05","","","","","","Pluie"
"2011-10-08 09:00","2011","10","08","09:00"," ","","","","","","","","","","","","","","","","","","",""
"2011-10-08 09:30","2011","10","08","09:30"," ","7,20","","3,20","","76,00","","25,00","","28,00","","19,30","","101,00","","","","","","Nuageux"
"2011-10-08 10:00","2011","10","08","10:00"," ","","","","","","","","","","","","","","","","","","",""
"2011-10-08 10:30","2011","10","08","10:30"," ","8,50","","4,10","","74,00","","25,00","","28,00","","24,10","","101,00","","","","","","Nuageux"
"2011-10-08 11:00","2011","10","08","11:00"," ","","","","","","","","","","","","","","","","","","",""
"2011-10-08 11:30","2011","10","08","11:30"," ","9,00","","4,50","","73,00","","24,00","","28,00","","24,10","","100,96","","","","","","Nuageux"
"2011-10-08 12:00","2011","10","08","12:00"," ","","","","","","","","","","","","","","","","","","",""
"2011-10-08 12:30","2011","10","08","12:30"," ","9,50","","5,00","","73,00","","24,00","","19,00","","24,10","","100,94","","","","","","Nuageux"
"2011-10-08 13:00","2011","10","08","13:00"," ","","","","","","","","","","","","","","","","","","",""
"2011-10-08 13:30","2011","10","08","13:30"," ","9,80","","5,30","","74,00","","24,00","","19,00","","24,10","","100,91","","","","","","Nuageux"
"2011-10-08 14:00","2011","10","08","14:00"," ","","","","","","","","","","","","","","","","","","",""
"2011-10-08 14:30","2011","10","08","14:30"," ","10,10","","5,60","","74,00","","26,00","","19,00","","24,10","","100,90","","","","","","Nuageux"
"2011-10-08 15:00","2011","10","08","15:00"," ","","","","","","","","","","","","","","","","","","",""
"2011-10-08 15:30","2011","10","08","15:30"," ","10,40","","6,00","","74,00","","25,00","","19,00","","24,10","","100,96","","","","","","Généralement nuageux"
"2011-10-08 16:00","2011","10","08","16:00"," ","","","","","","","","","","","","","","","","","","",""
"2011-10-08 16:30","2011","10","08","16:30"," ","9,50","","5,90","","78,00","","27,00","","15,00","","24,10","","101,04","","","","","","Généralement nuageux"
"2011-10-08 17:00","2011","10","08","17:00"," ","","","","","","","","","","","","","","","","","","",""
"2011-10-08 17:30","2011","10","08","17:30"," ","8,60","","5,50","","81,00","","26,00","","4,00","","24,10","","101,15","","","","","","Généralement nuageux"
"2011-10-08 18:00","2011","10","08","18:00"," ","","","","","","","","","","","","","","","","","","",""
"2011-10-08 18:30","2011","10","08","18:30"," ","6,90","","4,90","","87,00","","0,00","","0,00","","24,10","","101,22","","","","","","Généralement dégagé"
"2011-10-08 19:00","2011","10","08","19:00"," ","","","","","","","","","","","","","","","","","","",""
"2011-10-08 19:30","2011","10","08","19:30"," ","5,80","","4,40","","91,00","","0,00","","0,00","","24,10","","101,25","","","","","","Généralement nuageux"
"2011-10-08 20:00","2011","10","08","20:00"," ","","","","","","","","","","","","","","","","","","",""
"2011-10-08 20:30","2011","10","08","20:30"," ","6,20","","5,10","","93,00","","0,00","","0,00","","24,10","","101,35","","","","","","Généralement nuageux"
"2011-10-08 21:00","2011","10","08","21:00"," ","","","","","","","","","","","","","","","","","","",""
"2011-10-08 21:30","2011","10","08","21:30"," ","5,80","","4,80","","93,00","","0,00","","0,00","","24,10","","101,35","","","","","","Généralement nuageux"
"2011-10-08 22:00","2011","10","08","22:00"," ","","","","","","","","","","","","","","","","","","",""
"2011-10-08 22:30","2011","10","08","22:30"," ","6,00","","4,80","","92,00","","0,00","","0,00","","24,10","","101,36","","","","","","Généralement nuageux"
"2011-10-08 23:00","2011","10","08","23:00"," ","","","","","","","","","","","","","","","","","","",""
"2011-10-09 00:00","2011","10","09","00:00"," ","","","","","","","","","","","","","","","","","","",""
"2011-10-09 00:30","2011","10","09","00:30"," ","5,40","","4,50","","94,00","","0,00","","0,00","","24,10","","101,38","","","","","","Généralement nuageux"
"2011-10-09 01:00","2011","10","09","01:00"," ","","","","","","","","","","","","","","","","","","",""
"2011-10-09 01:30","2011","10","09","01:30"," ","5,10","","4,40","","95,00","","0,00","","0,00","","24,10","","101,35","","","","","","Généralement nuageux"
"2011-10-09 02:00","2011","10","09","02:00"," ","","","","","","","","","","","","","","","","","","",""
"2011-10-09 02:30","2011","10","09","02:30"," ","5,50","","4,70","","95,00","","0,00","","0,00","","24,10","","101,25","","","","","","Pluie"
"2011-10-09 03:00","2011","10","09","03:00"," ","","","","","","","","","","","","","","","","","","",""
"2011-10-09 03:30","2011","10","09","03:30"," ","5,40","","4,70","","95,00","","0,00","","0,00","","24,10","","101,25","","","","","","Généralement nuageux"
"2011-10-09 04:00","2011","10","09","04:00"," ","","","","","","","","","","","","","","","","","","",""
"2011-10-09 04:30","2011","10","09","04:30"," ","5,40","","4,80","","96,00","","0,00","","0,00","","24,10","","101,15","","","","","","Pluie"
"2011-10-09 05:00","2011","10","09","05:00"," ","","","","","","","","","","","","","","","","","","",""
"2011-10-09 05:30","2011","10","09","05:30"," ","5,40","","4,90","","97,00","","0,00","","0,00","","24,10","","101,12","","","","","","Pluie"
"2011-10-09 06:00","2011","10","09","06:00"," ","","","","","","","","","","","","","","","","","","",""
"2011-10-09 06:30","2011","10","09","06:30"," ","5,30","","4,80","","97,00","","0,00","","0,00","","24,10","","101,05","","","","","","Généralement nuageux"
"2011-10-09 07:00","2011","10","09","07:00"," ","","","","","","","","","","","","","","","","","","",""
"2011-10-09 07:30","2011","10","09","07:30"," ","5,40","","4,90","","97,00","","0,00","","0,00","","24,10","","101,03","","","","","","Généralement nuageux"
"2011-10-09 08:00","2011","10","09","08:00"," ","","","","","","","","","","","","","","","","","","",""
"2011-10-09 08:30","2011","10","09","08:30"," ","7,70","","5,90","","88,00","","0,00","","0,00","","24,10","","100,97","","","","","","Généralement nuageux"
"2011-10-09 09:00","2011","10","09","09:00"," ","","","","","","","","","","","","","","","","","","",""
"2011-10-09 09:30","2011","10","09","09:30"," ","10,10","","7,40","","83,00","","19,00","","9,00","","24,10","","100,94","","","","","","Généralement nuageux"
"2011-10-09 10:00","2011","10","09","10:00"," ","","","","","","","","","","","","","","","","","","",""
"2011-10-09 10:30","2011","10","09","10:30"," ","11,70","","8,20","","79,00","","20,00","","9,00","","24,10","","100,87","","","","","","Nuageux"
"2011-10-09 11:00","2011","10","09","11:00"," ","","","","","","","","","","","","","","","","","","",""
"2011-10-09 11:30","2011","10","09","11:30"," ","14,10","","10,10","","77,00","","24,00","","7,00","","24,10","","100,78","","","","","","Généralement nuageux"
"2011-10-09 12:00","2011","10","09","12:00"," ","","","","","","","","","","","","","","","","","","",""
"2011-10-09 12:30","2011","10","09","12:30"," ","17,00","","11,70","","71,00","","27,00","","9,00","","24,10","","100,63","","","","","","Généralement nuageux"
"2011-10-09 13:00","2011","10","09","13:00"," ","","","","","","","","","","","","","","","","","","",""
"2011-10-09 13:30","2011","10","09","13:30"," ","17,50","","12,20","","71,00","","23,00","","24,00","","24,10","","100,50","","","","","","Généralement nuageux"
"2011-10-09 14:00","2011","10","09","14:00"," ","","","","","","","","","","","","","","","","","","",""
"2011-10-09 14:30","2011","10","09","14:30"," ","19,20","","12,30","","64,00","","24,00","","22,00","","24,10","","100,42","","","","","","Généralement nuageux"
"2011-10-09 15:00","2011","10","09","15:00"," ","","","","","","","","","","","","","","","","","","",""
"2011-10-09 15:30","2011","10","09","15:30"," ","18,10","","11,90","","67,00","","29,00","","19,00","","24,10","","100,47","","","","","","Généralement dégagé"
"2011-10-09 16:00","2011","10","09","16:00"," ","","","","","","","","","","","","","","","","","","",""
"2011-10-09 16:30","2011","10","09","16:30"," ","16,40","","10,80","","69,00","","26,00","","19,00","","24,10","","100,47","","","","","","Généralement dégagé"
"2011-10-09 17:00","2011","10","09","17:00"," ","","","","","","","","","","","","","","","","","","",""
"2011-10-09 17:30","2011","10","09","17:30"," ","15,90","","10,60","","71,00","","27,00","","19,00","","24,10","","100,43","","","","","","Généralement dégagé"
"2011-10-09 18:00","2011","10","09","18:00"," ","","","","","","","","","","","","","","","","","","",""
"2011-10-09 18:30","2011","10","09","18:30"," ","15,00","","10,60","","75,00","","29,00","","19,00","","24,10","","100,47","","","","","","Généralement nuageux"
"2011-10-09 19:00","2011","10","09","19:00"," ","","","","","","","","","","","","","","","","","","",""
"2011-10-09 19:30","2011","10","09","19:30"," ","14,90","","11,10","","78,00","","27,00","","15,00","","24,10","","100,47","","","","","","Généralement nuageux"
"2011-10-09 20:00","2011","10","09","20:00"," ","","","","","","","","","","","","","","","","","","",""
"2011-10-09 20:30","2011","10","09","20:30"," ","14,80","","10,90","","77,00","","26,00","","19,00","","24,10","","100,48","","","","","","Généralement nuageux"
"2011-10-09 21:00","2011","10","09","21:00"," ","","","","","","","","","","","","","","","","","","",""
"2011-10-09 21:30","2011","10","09","21:30"," ","14,50","","10,60","","77,00","","25,00","","20,00","","24,10","","100,48","","","","","","Généralement nuageux"
"2011-10-09 22:00","2011","10","09","22:00"," ","","","","","","","","","","","","","","","","","","",""
"2011-10-09 22:30","2011","10","09","22:30"," ","14,20","","10,50","","78,00","","25,00","","19,00","","24,10","","100,44","","","","","","Généralement nuageux"
"2011-10-09 23:00","2011","10","09","23:00"," ","","","","","","","","","","","","","","","","","","",""
"2011-10-09 23:30","2011","10","09","23:30"," ","13,60","","10,60","","82,00","","25,00","","19,00","","24,10","","100,38","","","","","","Généralement nuageux"
"2011-10-10 00:00","2011","10","10","00:00"," ","","","","","","","","","","","","","","","","","","",""
"2011-10-10 00:30","2011","10","10","00:30"," ","14,00","","10,40","","79,00","","25,00","","15,00","","24,10","","100,33","","","","","","Généralement nuageux"
"2011-10-10 01:00","2011","10","10","01:00"," ","","","","","","","","","","","","","","","","","","",""
"2011-10-10 01:30","2011","10","10","01:30"," ","13,80","","10,30","","79,00","","24,00","","19,00","","24,10","","100,28","","","","","","Généralement nuageux"
"2011-10-10 02:00","2011","10","10","02:00"," ","","","","","","","","","","","","","","","","","","",""
"2011-10-10 02:30","2011","10","10","02:30"," ","13,30","","10,20","","81,00","","24,00","","19,00","","24,10","","100,18","","","","","","Généralement nuageux"
"2011-10-10 03:00","2011","10","10","03:00"," ","","","","","","","","","","","","","","","","","","",""
"2011-10-10 03:30","2011","10","10","03:30"," ","12,90","","10,10","","83,00","","24,00","","19,00","","24,10","","100,09","","","","","","Généralement nuageux"
"2011-10-10 04:00","2011","10","10","04:00"," ","","","","","","","","","","","","","","","","","","",""
"2011-10-10 04:30","2011","10","10","04:30"," ","12,50","","10,10","","85,00","","22,00","","19,00","","24,10","","100,01","","","","","","Généralement nuageux"
"2011-10-10 05:00","2011","10","10","05:00"," ","","","","","","","","","","","","","","","","","","",""
"2011-10-10 05:30","2011","10","10","05:30"," ","11,90","","10,00","","88,00","","0,00","","0,00","","24,10","","99,97","","","","","","Généralement nuageux"
"2011-10-10 06:00","2011","10","10","06:00"," ","","","","","","","","","","","","","","","","","","",""
"2011-10-10 06:30","2011","10","10","06:30"," ","10,70","","9,50","","92,00","","24,00","","11,00","","24,10","","99,90","","","","","","Généralement nuageux"
"2011-10-10 07:00","2011","10","10","07:00"," ","","","","","","","","","","","","","","","","","","",""
"2011-10-10 07:30","2011","10","10","07:30"," ","12,50","","10,10","","85,00","","26,00","","19,00","","24,10","","99,91","","","","","","Nuageux"
"2011-10-10 08:00","2011","10","10","08:00"," ","","","","","","","","","","","","","","","","","","",""
"2011-10-10 08:30","2011","10","10","08:30"," ","13,50","","9,90","","79,00","","25,00","","22,00","","24,10","","99,91","","","","","","Généralement dégagé"
"2011-10-10 09:00","2011","10","10","09:00"," ","","","","","","","","","","","","","","","","","","",""
"2011-10-10 09:30","2011","10","10","09:30"," ","14,60","","9,70","","72,00","","26,00","","24,00","","24,10","","99,89","","","","","","Généralement dégagé"
"2011-10-10 10:00","2011","10","10","10:00"," ","","","","","","","","","","","","","","","","","","",""
"2011-10-10 10:30","2011","10","10","10:30"," ","14,70","","7,60","","62,00","","33,00","","19,00","","24,10","","99,88","","","","","","Généralement dégagé"
"2011-10-10 11:00","2011","10","10","11:00"," ","","","","","","","","","","","","","","","","","","",""
"2011-10-10 11:30","2011","10","10","11:30"," ","15,00","","7,80","","62,00","","33,00","","19,00","","24,10","","99,83","","","","","","Généralement nuageux"
"2011-10-10 12:00","2011","10","10","12:00"," ","","","","","","","","","","","","","","","","","","",""
"2011-10-10 12:30","2011","10","10","12:30"," ","13,80","","5,30","","56,00","","34,00","","19,00","","24,10","","99,82","","","","","","Généralement nuageux"
"2011-10-10 13:00","2011","10","10","13:00"," ","","","","","","","","","","","","","","","","","","",""
"2011-10-10 13:30","2011","10","10","13:30"," ","14,10","","4,20","","51,00","","32,00","","28,00","","24,10","","99,79","","","","","","Généralement nuageux"
"2011-10-10 14:00","2011","10","10","14:00"," ","","","","","","","","","","","","","","","","","","",""
"2011-10-10 14:30","2011","10","10","14:30"," ","13,50","","3,70","","51,00","","25,00","","28,00","","24,10","","99,78","","","","","","Généralement nuageux"
"2011-10-10 15:00","2011","10","10","15:00"," ","","","","","","","","","","","","","","","","","","",""
"2011-10-10 15:30","2011","10","10","15:30"," ","12,60","","3,70","","55,00","","32,00","","19,00","","24,10","","99,82","","","","","","Généralement nuageux"
"2011-10-10 16:00","2011","10","10","16:00"," ","","","","","","","","","","","","","","","","","","",""
"2011-10-10 16:30","2011","10","10","16:30"," ","10,20","","4,70","","69,00","","29,00","","28,00","","16,10","","99,90","","","","","","Averses de pluie"
"2011-10-10 17:00","2011","10","10","17:00"," ","","","","","","","","","","","","","","","","","","",""
"2011-10-10 17:30","2011","10","10","17:30"," ","7,30","","4,50","","82,00","","26,00","","15,00","","24,10","","100,00","","","","","","Généralement nuageux"
"2011-10-10 18:00","2011","10","10","18:00"," ","","","","","","","","","","","","","","","","","","",""
"2011-10-10 18:30","2011","10","10","18:30"," ","7,30","","2,10","","70,00","","29,00","","6,00","","24,10","","100,16","","","","","","Généralement dégagé"
"2011-10-10 19:00","2011","10","10","19:00"," ","","","","","","","","","","","","","","","","","","",""
"2011-10-10 19:30","2011","10","10","19:30"," ","7,10","","2,60","","73,00","","25,00","","9,00","","24,10","","100,22","","","","","","Généralement nuageux"
"2011-10-10 20:00","2011","10","10","20:00"," ","","","","","","","","","","","","","","","","","","",""
"2011-10-10 20:30","2011","10","10","20:30"," ","7,30","","2,00","","69,00","","26,00","","19,00","","24,10","","100,24","","","","","","Généralement dégagé"
"2011-10-10 21:00","2011","10","10","21:00"," ","","","","","","","","","","","","","","","","","","",""
"2011-10-10 21:30","2011","10","10","21:30"," ","7,10","","2,90","","75,00","","27,00","","19,00","","24,10","","100,30","","","","","","Généralement dégagé"
"2011-10-10 22:00","2011","10","10","22:00"," ","","","","","","","","","","","","","","","","","","",""
"2011-10-10 22:30","2011","10","10","22:30"," ","7,50","","2,70","","72,00","","30,00","","19,00","","24,10","","100,37","","","","","","Généralement nuageux"
"2011-10-10 23:00","2011","10","10","23:00"," ","","","","","","","","","","","","","","","","","","",""
"2011-10-10 23:30","2011","10","10","23:30"," ","7,90","","2,40","","68,00","","29,00","","19,00","","24,10","","100,39","","","","","","Généralement nuageux"
"2011-10-11 00:00","2011","10","11","00:00"," ","","","","","","","","","","","","","","","","","","",""
"2011-10-11 00:30","2011","10","11","00:30"," ","7,60","","2,80","","72,00","","29,00","","19,00","","24,10","","100,41","","","","","","Généralement nuageux"
"2011-10-11 01:00","2011","10","11","01:00"," ","","","","","","","","","","","","","","","","","","",""
"2011-10-11 01:30","2011","10","11","01:30"," ","7,70","","2,30","","69,00","","28,00","","19,00","","24,10","","100,43","","","","","","Nuageux"
"2011-10-11 02:00","2011","10","11","02:00"," ","","","","","","","","","","","","","","","","","","",""
"2011-10-11 02:30","2011","10","11","02:30"," ","7,60","","2,10","","68,00","","30,00","","19,00","","24,10","","100,44","","","","","","Nuageux"
"2011-10-11 03:00","2011","10","11","03:00"," ","","","","","","","","","","","","","","","","","","",""
"2011-10-11 03:30","2011","10","11","03:30"," ","7,10","","2,90","","75,00","","29,00","","19,00","","24,10","","100,52","","","","","","Nuageux"
"2011-10-11 04:00","2011","10","11","04:00"," ","","","","","","","","","","","","","","","","","","",""
"2011-10-11 04:30","2011","10","11","04:30"," ","6,20","","3,60","","83,00","","29,00","","19,00","","24,10","","100,58","","","","","","Nuageux"
"2011-10-11 05:00","2011","10","11","05:00"," ","","","","","","","","","","","","","","","","","","",""
"2011-10-11 05:30","2011","10","11","05:30"," ","6,60","","2,60","","76,00","","36,00","","19,00","","24,10","","100,53","","","","","","Nuageux"
"2011-10-11 06:00","2011","10","11","06:00"," ","","","","","","","","","","","","","","","","","","",""
"2011-10-11 06:30","2011","10","11","06:30"," ","6,70","","2,30","","73,00","","30,00","","7,00","","24,10","","100,77","","","","","","Généralement nuageux"
"2011-10-11 07:00","2011","10","11","07:00"," ","","","","","","","","","","","","","","","","","","",""
"2011-10-11 07:30","2011","10","11","07:30"," ","6,70","","2,10","","72,00","","33,00","","19,00","","24,10","","100,89","","","","","","Généralement nuageux"
"2011-10-11 08:00","2011","10","11","08:00"," ","","","","","","","","","","","","","","","","","","",""
"2011-10-11 08:30","2011","10","11","08:30"," ","7,10","","2,50","","73,00","","33,00","","19,00","","24,10","","100,92","","","","","","Généralement nuageux"
"2011-10-11 09:00","2011","10","11","09:00"," ","","","","","","","","","","","","","","","","","","",""
"2011-10-11 09:30","2011","10","11","09:30"," ","8,90","","2,20","","63,00","","33,00","","19,00","","24,10","","101,02","","","","","","Généralement nuageux"
"2011-10-11 10:00","2011","10","11","10:00"," ","","","","","","","","","","","","","","","","","","",""
"2011-10-11 10:30","2011","10","11","10:30"," ","9,40","","2,50","","62,00","","36,00","","19,00","","24,10","","101,06","","","","","","Généralement nuageux"
"2011-10-11 11:00","2011","10","11","11:00"," ","","","","","","","","","","","","","","","","","","",""
"2011-10-11 11:30","2011","10","11","11:30"," ","9,50","","3,10","","64,00","","27,00","","15,00","","24,10","","101,16","","","","","","Généralement nuageux"
"2011-10-11 12:00","2011","10","11","12:00"," ","","","","","","","","","","","","","","","","","","",""
"2011-10-11 12:30","2011","10","11","12:30"," ","9,30","","3,60","","68,00","","33,00","","19,00","","24,10","","101,23","","","","","","Généralement nuageux"
"2011-10-11 13:00","2011","10","11","13:00"," ","","","","","","","","","","","","","","","","","","",""
"2011-10-11 13:30","2011","10","11","13:30"," ","9,80","","3,40","","64,00","","2,00","","19,00","","24,10","","101,25","","","","","","Généralement nuageux"
"2011-10-11 14:00","2011","10","11","14:00"," ","","","","","","","","","","","","","","","","","","",""
"2011-10-11 14:30","2011","10","11","14:30"," ","9,70","","3,20","","64,00","","35,00","","19,00","","24,10","","101,38","","","","","","Généralement nuageux"
"2011-10-11 15:00","2011","10","11","15:00"," ","","","","","","","","","","","","","","","","","","",""
"2011-10-11 15:30","2011","10","11","15:30"," ","10,50","","2,50","","58,00","","2,00","","19,00","","24,10","","101,46","","","","","","Généralement nuageux"
"2011-10-11 16:00","2011","10","11","16:00"," ","","","","","","","","","","","","","","","","","","",""
"2011-10-11 16:30","2011","10","11","16:30"," ","9,50","","2,10","","60,00","","32,00","","15,00","","24,10","","101,59","","","","","","Généralement nuageux"
"2011-10-11 17:00","2011","10","11","17:00"," ","","","","","","","","","","","","","","","","","","",""
"2011-10-11 17:30","2011","10","11","17:30"," ","8,90","","1,70","","61,00","","4,00","","6,00","","24,10","","101,70","","","","","","Généralement nuageux"
"2011-10-11 18:00","2011","10","11","18:00"," ","","","","","","","","","","","","","","","","","","",""
"2011-10-11 18:30","2011","10","11","18:30"," ","7,80","","1,20","","63,00","","35,00","","17,00","","24,10","","101,80","","","","","","Généralement nuageux"
"2011-10-11 19:00","2011","10","11","19:00"," ","","","","","","","","","","","","","","","","","","",""
"2011-10-11 19:30","2011","10","11","19:30"," ","4,80","","0,40","","73,00","","5,00","","9,00","","24,10","","101,85","","","","","","Généralement dégagé"
"2011-10-11 20:00","2011","10","11","20:00"," ","","","","","","","","","","","","","","","","","","",""
"2011-10-11 20:30","2011","10","11","20:30"," ","4,00","","0,70","","79,00","","0,00","","0,00","","24,10","","101,97","","","","","","Généralement dégagé"
"2011-10-11 21:00","2011","10","11","21:00"," ","","","","","","","","","","","","","","","","","","",""
"2011-10-11 21:30","2011","10","11","21:30"," ","2,10","","-0,10","","85,00","","0,00","","0,00","","24,10","","102,05","","","","","","Généralement dégagé"
"2011-10-11 22:00","2011","10","11","22:00"," ","","","","","","","","","","","","","","","","","","",""
"2011-10-11 22:30","2011","10","11","22:30"," ","0,50","","-1,50","","86,00","","0,00","","0,00","","24,10","","102,09","","","","","","Généralement dégagé"
"2011-10-11 23:00","2011","10","11","23:00"," ","","","","","","","","","","","","","","","","","","",""
"2011-10-11 23:30","2011","10","11","23:30"," ","-0,80","","-2,40","","89,00","","0,00","","0,00","","24,10","","102,12","","","","","","Dégagé"
"2011-10-12 00:00","2011","10","12","00:00"," ","","","","","","","","","","","","","","","","","","",""
"2011-10-12 00:30","2011","10","12","00:30"," ","-1,80","","-2,60","","94,00","","0,00","","0,00","","24,10","","102,16","","","","","","Dégagé"
"2011-10-12 01:00","2011","10","12","01:00"," ","","","","","","","","","","","","","","","","","","",""
"2011-10-12 01:30","2011","10","12","01:30"," ","-1,50","","-2,40","","94,00","","0,00","","0,00","","24,10","","102,19","","","","","","Généralement dégagé"
"2011-10-12 02:00","2011","10","12","02:00"," ","","","","","","","","","","","","","","","","","","",""
"2011-10-12 02:30","2011","10","12","02:30"," ","-2,10","","-3,20","","92,00","","0,00","","0,00","","24,10","","102,22","","","","","","Dégagé"
"2011-10-12 03:00","2011","10","12","03:00"," ","","","","","","","","","","","","","","","","","","",""
"2011-10-12 03:30","2011","10","12","03:30"," ","-2,80","","-3,70","","94,00","","0,00","","0,00","","24,10","","102,24","","","","","","Dégagé"
"2011-10-12 04:00","2011","10","12","04:00"," ","","","","","","","","","","","","","","","","","","",""
"2011-10-12 04:30","2011","10","12","04:30"," ","-3,40","","-4,60","","91,00","","0,00","","0,00","","24,10","","102,27","","","","","","Dégagé"
"2011-10-12 05:00","2011","10","12","05:00"," ","","","","","","","","","","","","","","","","","","",""
"2011-10-12 05:30","2011","10","12","05:30"," ","-2,60","","-3,20","","96,00","","0,00","","0,00","","24,10","","102,33","","","","","","Dégagé"
"2011-10-12 06:00","2011","10","12","06:00"," ","","","","","","","","","","","","","","","","","","",""
"2011-10-12 06:30","2011","10","12","06:30"," ","-3,50","","-4,70","","91,00","","0,00","","0,00","","24,10","","102,37","","","","","","Généralement dégagé"
"2011-10-12 07:00","2011","10","12","07:00"," ","","","","","","","","","","","","","","","","","","",""
"2011-10-12 07:30","2011","10","12","07:30"," ","-2,20","","-2,90","","95,00","","0,00","","0,00","","24,10","","102,45","","","","","","Généralement dégagé"
"2011-10-12 08:00","2011","10","12","08:00"," ","","","","","","","","","","","","","","","","","","",""
"2011-10-12 08:30","2011","10","12","08:30"," ","1,30","","-0,50","","88,00","","0,00","","0,00","","24,10","","102,47","","","","","","Généralement dégagé"
"2011-10-12 09:00","2011","10","12","09:00"," ","","","","","","","","","","","","","","","","","","",""
"2011-10-12 09:30","2011","10","12","09:30"," ","4,60","","1,80","","82,00","","21,00","","7,00","","24,10","","102,49","","","","","","Dégagé"
"2011-10-12 10:00","2011","10","12","10:00"," ","","","","","","","","","","","","","","","","","","",""
"2011-10-12 10:30","2011","10","12","10:30"," ","7,80","","2,40","","69,00","","0,00","","0,00","","24,10","","102,44","","","","","","Dégagé"
"2011-10-12 11:00","2011","10","12","11:00"," ","","","","","","","","","","","","","","","","","","",""
"2011-10-12 11:30","2011","10","12","11:30"," ","9,20","","1,90","","60,00","","19,00","","9,00","","24,10","","102,38","","","","","","Dégagé"
"2011-10-12 12:00","2011","10","12","12:00"," ","","","","","","","","","","","","","","","","","","",""
"2011-10-12 12:30","2011","10","12","12:30"," ","10,60","","1,40","","53,00","","20,00","","11,00","","24,10","","102,31","","","","","","Dégagé"
"2011-10-12 13:00","2011","10","12","13:00"," ","","","","","","","","","","","","","","","","","","",""
"2011-10-12 13:30","2011","10","12","13:30"," ","11,70","","1,60","","50,00","","22,00","","15,00","","24,10","","102,26","","","","","","Généralement dégagé"
"2011-10-12 14:00","2011","10","12","14:00"," ","","","","","","","","","","","","","","","","","","",""
"2011-10-12 14:30","2011","10","12","14:30"," ","11,70","","0,80","","47,00","","23,00","","19,00","","24,10","","102,22","","","","","","Dégagé"
"2011-10-12 15:00","2011","10","12","15:00"," ","","","","","","","","","","","","","","","","","","",""
"2011-10-12 15:30","2011","10","12","15:30"," ","10,90","","0,30","","48,00","","25,00","","19,00","","24,10","","102,22","","","","","","Dégagé"
"2011-10-12 16:00","2011","10","12","16:00"," ","","","","","","","","","","","","","","","","","","",""
"2011-10-12 16:30","2011","10","12","16:30"," ","10,10","","0,10","","50,00","","24,00","","17,00","","24,10","","102,22","","","","","","Généralement dégagé"
"2011-10-12 17:00","2011","10","12","17:00"," ","","","","","","","","","","","","","","","","","","",""
"2011-10-12 17:30","2011","10","12","17:30"," ","8,80","","-0,60","","52,00","","26,00","","9,00","","24,10","","102,22","","","","","","Généralement dégagé"
"2011-10-12 18:00","2011","10","12","18:00"," ","","","","","","","","","","","","","","","","","","",""
"2011-10-12 18:30","2011","10","12","18:30"," ","6,90","","0,10","","62,00","","25,00","","15,00","","24,10","","102,22","","","","","","Dégagé"
"2011-10-12 19:00","2011","10","12","19:00"," ","","","","","","","","","","","","","","","","","","",""
"2011-10-12 19:30","2011","10","12","19:30"," ","5,90","","0,10","","66,00","","25,00","","9,00","","24,10","","102,21","","","","","","Dégagé"
"2011-10-12 20:00","2011","10","12","20:00"," ","","","","","","","","","","","","","","","","","","",""
"2011-10-12 20:30","2011","10","12","20:30"," ","2,80","","-0,70","","78,00","","0,00","","0,00","","24,10","","102,23","","","","","","Dégagé"
"2011-10-12 21:00","2011","10","12","21:00"," ","","","","","","","","","","","","","","","","","","",""
"2011-10-12 21:30","2011","10","12","21:30"," ","3,30","","0,90","","84,00","","18,00","","9,00","","24,10","","102,17","","","","","","Généralement dégagé"
"2011-10-12 22:00","2011","10","12","22:00"," ","","","","","","","","","","","","","","","","","","",""
"2011-10-12 22:30","2011","10","12","22:30"," ","5,30","","1,70","","78,00","","24,00","","19,00","","24,10","","102,14","","","","","","Généralement dégagé"
"2011-10-12 23:00","2011","10","12","23:00"," ","","","","","","","","","","","","","","","","","","",""
"2011-10-12 23:30","2011","10","12","23:30"," ","5,80","","3,00","","82,00","","25,00","","19,00","","24,10","","102,08","","","","","","Généralement nuageux"
"2011-10-13 00:00","2011","10","13","00:00"," ","","","","","","","","","","","","","","","","","","",""
"2011-10-13 00:30","2011","10","13","00:30"," ","5,60","","3,20","","85,00","","25,00","","19,00","","24,10","","102,06","","","","","","Généralement nuageux"
"2011-10-13 01:00","2011","10","13","01:00"," ","","","","","","","","","","","","","","","","","","",""
"2011-10-13 01:30","2011","10","13","01:30"," ","5,50","","3,30","","86,00","","25,00","","19,00","","24,10","","102,06","","","","","","Généralement nuageux"
"2011-10-13 02:00","2011","10","13","02:00"," ","","","","","","","","","","","","","","","","","","",""
"2011-10-13 02:30","2011","10","13","02:30"," ","5,30","","2,90","","84,00","","25,00","","19,00","","24,10","","102,03","","","","","","Nuageux"
"2011-10-13 03:00","2011","10","13","03:00"," ","","","","","","","","","","","","","","","","","","",""
"2011-10-13 03:30","2011","10","13","03:30"," ","4,40","","2,30","","86,00","","25,00","","7,00","","24,10","","101,97","","","","","","Nuageux"
"2011-10-13 04:00","2011","10","13","04:00"," ","","","","","","","","","","","","","","","","","","",""
"2011-10-13 04:30","2011","10","13","04:30"," ","3,60","","2,00","","89,00","","0,00","","0,00","","24,10","","101,93","","","","","","Nuageux"
"2011-10-13 05:00","2011","10","13","05:00"," ","","","","","","","","","","","","","","","","","","",""
"2011-10-13 05:30","2011","10","13","05:30"," ","7,00","","3,60","","79,00","","25,00","","28,00","","24,10","","101,89","","","","","","Nuageux"
"2011-10-13 06:00","2011","10","13","06:00"," ","","","","","","","","","","","","","","","","","","",""
"2011-10-13 06:30","2011","10","13","06:30"," ","7,20","","4,00","","80,00","","24,00","","19,00","","24,10","","101,86","","","","","","Nuageux"
"2011-10-13 07:00","2011","10","13","07:00"," ","","","","","","","","","","","","","","","","","","",""
"2011-10-13 07:30","2011","10","13","07:30"," ","7,80","","5,20","","84,00","","23,00","","19,00","","24,10","","101,88","","","","","","Nuageux"
"2011-10-13 08:00","2011","10","13","08:00"," ","","","","","","","","","","","","","","","","","","",""
"2011-10-13 08:30","2011","10","13","08:30"," ","8,60","","6,00","","84,00","","25,00","","11,00","","24,10","","101,89","","","","","","Généralement nuageux"
"2011-10-13 09:00","2011","10","13","09:00"," ","","","","","","","","","","","","","","","","","","",""
"2011-10-13 09:30","2011","10","13","09:30"," ","10,60","","7,10","","79,00","","25,00","","28,00","","24,10","","101,84","","","","","","Nuageux"
"2011-10-13 10:00","2011","10","13","10:00"," ","","","","","","","","","","","","","","","","","","",""
"2011-10-13 10:30","2011","10","13","10:30"," ","11,10","","7,20","","77,00","","22,00","","37,00","","24,10","","101,87","","","","","","Nuageux"
"2011-10-13 11:00","2011","10","13","11:00"," ","","","","","","","","","","","","","","","","","","",""
"2011-10-13 11:30","2011","10","13","11:30"," ","11,00","","7,20","","77,00","","22,00","","33,00","","24,10","","101,85","","","","","","Nuageux"
"2011-10-13 12:00","2011","10","13","12:00"," ","","","","","","","","","","","","","","","","","","",""
"2011-10-13 12:30","2011","10","13","12:30"," ","11,90","","7,40","","74,00","","22,00","","33,00","","24,10","","101,83","","","","","","Généralement nuageux"
"2011-10-13 13:00","2011","10","13","13:00"," ","","","","","","","","","","","","","","","","","","",""
"2011-10-13 13:30","2011","10","13","13:30"," ","12,20","","6,70","","69,00","","22,00","","37,00","","24,10","","101,79","","","","","","Nuageux"
"2011-10-13 14:00","2011","10","13","14:00"," ","","","","","","","","","","","","","","","","","","",""
"2011-10-13 14:30","2011","10","13","14:30"," ","12,70","","6,30","","65,00","","22,00","","33,00","","24,10","","101,79","","","","","","Généralement nuageux"
"2011-10-13 15:00","2011","10","13","15:00"," ","","","","","","","","","","","","","","","","","","",""
"2011-10-13 15:30","2011","10","13","15:30"," ","12,70","","6,10","","64,00","","24,00","","19,00","","24,10","","101,80","","","","","","Nuageux"
"2011-10-13 16:00","2011","10","13","16:00"," ","","","","","","","","","","","","","","","","","","",""
"2011-10-13 16:30","2011","10","13","16:30"," ","11,80","","6,50","","70,00","","27,00","","9,00","","24,10","","101,81","","","","","","Nuageux"
"2011-10-13 17:00","2011","10","13","17:00"," ","","","","","","","","","","","","","","","","","","",""
"2011-10-13 17:30","2011","10","13","17:30"," ","11,10","","6,40","","73,00","","27,00","","9,00","","24,10","","101,85","","","","","","Nuageux"
"2011-10-13 18:00","2011","10","13","18:00"," ","","","","","","","","","","","","","","","","","","",""
"2011-10-13 18:30","2011","10","13","18:30"," ","10,30","","6,70","","78,00","","27,00","","9,00","","24,10","","101,91","","","","","","Nuageux"
"2011-10-13 19:00","2011","10","13","19:00"," ","","","","","","","","","","","","","","","","","","",""
"2011-10-13 19:30","2011","10","13","19:30"," ","10,30","","6,60","","78,00","","25,00","","19,00","","24,10","","101,91","","","","","","Généralement nuageux"
"2011-10-13 20:00","2011","10","13","20:00"," ","","","","","","","","","","","","","","","","","","",""
"2011-10-13 20:30","2011","10","13","20:30"," ","10,20","","6,90","","80,00","","25,00","","15,00","","24,10","","101,95","","","","","","Généralement nuageux"
"2011-10-13 21:00","2011","10","13","21:00"," ","","","","","","","","","","","","","","","","","","",""
"2011-10-13 21:30","2011","10","13","21:30"," ","8,80","","7,00","","88,00","","0,00","","0,00","","24,10","","101,96","","","","","","Généralement nuageux"
"2011-10-13 22:00","2011","10","13","22:00"," ","","","","","","","","","","","","","","","","","","",""
"2011-10-13 22:30","2011","10","13","22:30"," ","7,20","","6,10","","93,00","","0,00","","0,00","","24,10","","102,03","","","","","","Généralement nuageux"
"2011-10-13 23:00","2011","10","13","23:00"," ","","","","","","","","","","","","","","","","","","",""
"2011-10-13 23:30","2011","10","13","23:30"," ","7,70","","6,70","","93,00","","0,00","","0,00","","24,10","","102,08","","","","","","Généralement nuageux"
"2011-10-14 00:00","2011","10","14","00:00"," ","","","","","","","","","","","","","","","","","","",""
"2011-10-14 00:30","2011","10","14","00:30"," ","7,70","","7,00","","95,00","","0,00","","0,00","","24,10","","102,14","","","","","","Averses de pluie"
"2011-10-14 01:00","2011","10","14","01:00"," ","","","","","","","","","","","","","","","","","","",""
"2011-10-14 01:30","2011","10","14","01:30"," ","7,70","","7,20","","97,00","","0,00","","0,00","","24,10","","102,15","","","","","","Averses de pluie"
"2011-10-14 02:00","2011","10","14","02:00"," ","","","","","","","","","","","","","","","","","","",""
"2011-10-14 02:30","2011","10","14","02:30"," ","7,90","","7,40","","97,00","","0,00","","0,00","","24,10","","102,13","","","","","","Généralement nuageux"
"2011-10-14 03:00","2011","10","14","03:00"," ","","","","","","","","","","","","","","","","","","",""
"2011-10-14 03:30","2011","10","14","03:30"," ","7,70","","7,50","","99,00","","0,00","","0,00","","24,10","","102,16","","","","","","Averses de pluie"
"2011-10-14 04:00","2011","10","14","04:00"," ","","","","","","","","","","","","","","","","","","",""
"2011-10-14 04:30","2011","10","14","04:30"," ","7,80","","7,40","","97,00","","0,00","","0,00","","24,10","","102,19","","","","","","Nuageux"
"2011-10-14 05:00","2011","10","14","05:00"," ","","","","","","","","","","","","","","","","","","",""
"2011-10-14 05:30","2011","10","14","05:30"," ","7,90","","7,60","","98,00","","5,00","","9,00","","24,10","","102,18","","","","","","Nuageux"
"2011-10-14 06:00","2011","10","14","06:00"," ","","","","","","","","","","","","","","","","","","",""
"2011-10-14 06:30","2011","10","14","06:30"," ","7,70","","7,40","","98,00","","5,00","","9,00","","24,10","","102,19","","","","","","Nuageux"
"2011-10-14 07:00","2011","10","14","07:00"," ","","","","","","","","","","","","","","","","","","",""
"2011-10-14 07:30","2011","10","14","07:30"," ","7,80","","7,40","","97,00","","6,00","","9,00","","24,10","","102,23","","","","","","Nuageux"
"2011-10-14 08:00","2011","10","14","08:00"," ","","","","","","","","","","","","","","","","","","",""
"2011-10-14 08:30","2011","10","14","08:30"," ","8,00","","7,00","","93,00","","4,00","","15,00","","24,10","","102,27","","","","","","Nuageux"
"2011-10-14 09:00","2011","10","14","09:00"," ","","","","","","","","","","","","","","","","","","",""
"2011-10-14 09:30","2011","10","14","09:30"," ","8,10","","6,80","","91,00","","4,00","","15,00","","24,10","","102,32","","","","","","Nuageux"
"2011-10-14 10:00","2011","10","14","10:00"," ","","","","","","","","","","","","","","","","","","",""
"2011-10-14 10:30","2011","10","14","10:30"," ","8,70","","7,10","","90,00","","5,00","","9,00","","24,10","","102,32","","","","","","Nuageux"
"2011-10-14 11:00","2011","10","14","11:00"," ","","","","","","","","","","","","","","","","","","",""
"2011-10-14 11:30","2011","10","14","11:30"," ","9,30","","7,50","","89,00","","5,00","","19,00","","24,10","","102,27","","","","","","Nuageux"
"2011-10-14 12:00","2011","10","14","12:00"," ","","","","","","","","","","","","","","","","","","",""
"2011-10-14 12:30","2011","10","14","12:30"," ","10,10","","8,10","","87,00","","6,00","","13,00","","24,10","","102,23","","","","","","Nuageux"
"2011-10-14 13:00","2011","10","14","13:00"," ","","","","","","","","","","","","","","","","","","",""
"2011-10-14 13:30","2011","10","14","13:30"," ","10,50","","7,70","","83,00","","3,00","","19,00","","24,10","","102,18","","","","","","Nuageux"
"2011-10-14 14:00","2011","10","14","14:00"," ","","","","","","","","","","","","","","","","","","",""
"2011-10-14 14:30","2011","10","14","14:30"," ","11,30","","8,40","","82,00","","5,00","","19,00","","24,10","","102,13","","","","","","Nuageux"
"2011-10-14 15:00","2011","10","14","15:00"," ","","","","","","","","","","","","","","","","","","",""
"2011-10-14 15:30","2011","10","14","15:30"," ","11,80","","8,50","","80,00","","5,00","","19,00","","24,10","","102,09","","","","","","Nuageux"
"2011-10-14 16:00","2011","10","14","16:00"," ","","","","","","","","","","","","","","","","","","",""
"2011-10-14 16:30","2011","10","14","16:30"," ","12,00","","8,90","","81,00","","5,00","","15,00","","24,10","","102,05","","","","","","Nuageux"
"2011-10-14 17:00","2011","10","14","17:00"," ","","","","","","","","","","","","","","","","","","",""
"2011-10-14 17:30","2011","10","14","17:30"," ","11,60","","8,80","","83,00","","5,00","","19,00","","24,10","","102,06","","","","","","Nuageux"
"2011-10-14 18:00","2011","10","14","18:00"," ","","","","","","","","","","","","","","","","","","",""
"2011-10-14 18:30","2011","10","14","18:30"," ","11,10","","8,60","","85,00","","5,00","","15,00","","24,10","","102,07","","","","","","Nuageux"
"2011-10-14 19:00","2011","10","14","19:00"," ","","","","","","","","","","","","","","","","","","",""
"2011-10-14 19:30","2011","10","14","19:30"," ","10,80","","8,60","","86,00","","5,00","","19,00","","24,10","","102,03","","","","","","Généralement nuageux"
"2011-10-14 20:00","2011","10","14","20:00"," ","","","","","","","","","","","","","","","","","","",""
"2011-10-14 20:30","2011","10","14","20:30"," ","9,50","","7,70","","89,00","","5,00","","15,00","","24,10","","102,01","","","","","","Généralement nuageux"
"2011-10-14 21:00","2011","10","14","21:00"," ","","","","","","","","","","","","","","","","","","",""
"2011-10-14 21:30","2011","10","14","21:30"," ","9,40","","7,70","","89,00","","5,00","","15,00","","24,10","","101,96","","","","","","Généralement nuageux"
"2011-10-14 22:00","2011","10","14","22:00"," ","","","","","","","","","","","","","","","","","","",""
"2011-10-14 22:30","2011","10","14","22:30"," ","9,50","","7,90","","90,00","","5,00","","19,00","","24,10","","101,86","","","","","","Nuageux"
"2011-10-14 23:00","2011","10","14","23:00"," ","","","","","","","","","","","","","","","","","","",""
"2011-10-14 23:30","2011","10","14","23:30"," ","9,50","","8,50","","93,00","","6,00","","19,00","","19,30","","101,76","","","","","","Pluie"
"2011-10-15 00:00","2011","10","15","00:00"," ","","","","","","","","","","","","","","","","","","",""
"2011-10-15 00:30","2011","10","15","00:30"," ","9,40","","8,70","","95,00","","5,00","","19,00","","16,10","","101,68","","","","","","Pluie"
"2011-10-15 01:00","2011","10","15","01:00"," ","","","","","","","","","","","","","","","","","","",""
"2011-10-15 01:30","2011","10","15","01:30"," ","9,60","","9,20","","97,00","","4,00","","15,00","","19,30","","101,56","","","","","","Pluie"
"2011-10-15 02:00","2011","10","15","02:00"," ","","","","","","","","","","","","","","","","","","",""
"2011-10-15 02:30","2011","10","15","02:30"," ","9,70","","9,30","","97,00","","5,00","","19,00","","16,10","","101,46","","","","","","Pluie"
"2011-10-15 03:00","2011","10","15","03:00"," ","","","","","","","","","","","","","","","","","","",""
"2011-10-15 03:30","2011","10","15","03:30"," ","10,00","","9,50","","97,00","","9,00","","13,00","","19,30","","101,34","","","","","","Pluie"
"2011-10-15 04:00","2011","10","15","04:00"," ","","","","","","","","","","","","","","","","","","",""
"2011-10-15 04:30","2011","10","15","04:30"," ","10,20","","9,80","","97,00","","6,00","","19,00","","16,10","","101,26","","","","","","Pluie"
"2011-10-15 05:00","2011","10","15","05:00"," ","","","","","","","","","","","","","","","","","","",""
"2011-10-15 05:30","2011","10","15","05:30"," ","10,20","","9,90","","98,00","","5,00","","20,00","","16,10","","101,16","","","","","","Pluie"
"2011-10-15 06:00","2011","10","15","06:00"," ","","","","","","","","","","","","","","","","","","",""
"2011-10-15 06:30","2011","10","15","06:30"," ","10,60","","10,20","","97,00","","5,00","","19,00","","16,10","","101,03","","","","","","Pluie"
"2011-10-15 07:00","2011","10","15","07:00"," ","","","","","","","","","","","","","","","","","","",""
"2011-10-15 07:30","2011","10","15","07:30"," ","11,10","","10,60","","97,00","","5,00","","19,00","","12,90","","100,95","","","","","","Pluie"
"2011-10-15 08:00","2011","10","15","08:00"," ","","","","","","","","","","","","","","","","","","",""
"2011-10-15 08:30","2011","10","15","08:30"," ","11,50","","11,00","","97,00","","5,00","","19,00","","6,40","","100,88","","","","","","Pluie,Brouillard"
"2011-10-15 09:00","2011","10","15","09:00"," ","","","","","","","","","","","","","","","","","","",""
"2011-10-15 09:30","2011","10","15","09:30"," ","11,80","","11,40","","97,00","","5,00","","19,00","","9,70","","100,80","","","","","","Pluie,Brouillard"
"2011-10-15 10:00","2011","10","15","10:00"," ","","","","","","","","","","","","","","","","","","",""
"2011-10-15 10:30","2011","10","15","10:30"," ","12,70","","12,30","","97,00","","5,00","","19,00","","9,70","","100,70","","","","","","Pluie,Brouillard"
"2011-10-15 11:00","2011","10","15","11:00"," ","","","","","","","","","","","","","","","","","","",""
"2011-10-15 11:30","2011","10","15","11:30"," ","13,60","","13,20","","97,00","","3,00","","19,00","","16,10","","100,63","","","","","","Averses de pluie"
"2011-10-15 12:00","2011","10","15","12:00"," ","","","","","","","","","","","","","","","","","","",""
"2011-10-15 12:30","2011","10","15","12:30"," ","14,60","","14,10","","97,00","","4,00","","15,00","","19,30","","100,48","","","","","","Averses de pluie"
"2011-10-15 13:00","2011","10","15","13:00"," ","","","","","","","","","","","","","","","","","","",""
"2011-10-15 13:30","2011","10","15","13:30"," ","15,80","","15,10","","96,00","","36,00","","9,00","","19,30","","100,41","","","","","","Nuageux"
"2011-10-15 14:00","2011","10","15","14:00"," ","","","","","","","","","","","","","","","","","","",""
"2011-10-15 14:30","2011","10","15","14:30"," ","16,80","","15,80","","94,00","","8,00","","13,00","","24,10","","100,33","","","","","","Généralement nuageux"
"2011-10-15 15:00","2011","10","15","15:00"," ","","","","","","","","","","","","","","","","","","",""
"2011-10-15 15:30","2011","10","15","15:30"," ","18,60","","16,40","","87,00","","6,00","","6,00","","24,10","","100,28","","","","","","Généralement dégagé"
"2011-10-15 16:00","2011","10","15","16:00"," ","","","","","","","","","","","","","","","","","","",""
"2011-10-15 16:30","2011","10","15","16:30"," ","19,90","","16,30","","80,00","","15,00","","7,00","","24,10","","100,25","","","","","","Généralement dégagé"
"2011-10-15 17:00","2011","10","15","17:00"," ","","","","","","","","","","","","","","","","","","",""
"2011-10-15 17:30","2011","10","15","17:30"," ","17,50","","14,80","","84,00","","16,00","","11,00","","24,10","","100,28","","","","","","Généralement dégagé"
"2011-10-15 18:00","2011","10","15","18:00"," ","","","","","","","","","","","","","","","","","","",""
"2011-10-15 18:30","2011","10","15","18:30"," ","16,20","","13,50","","84,00","","21,00","","6,00","","24,10","","100,36","","","","","","Généralement dégagé"
"2011-10-15 19:00","2011","10","15","19:00"," ","","","","","","","","","","","","","","","","","","",""
"2011-10-15 19:30","2011","10","15","19:30"," ","13,40","","11,80","","90,00","","20,00","","11,00","","24,10","","100,36","","","","","","Dégagé"
"2011-10-15 20:00","2011","10","15","20:00"," ","","","","","","","","","","","","","","","","","","",""
"2011-10-15 20:30","2011","10","15","20:30"," ","13,20","","11,10","","87,00","","18,00","","11,00","","24,10","","100,39","","","","","","Dégagé"
"2011-10-15 21:00","2011","10","15","21:00"," ","","","","","","","","","","","","","","","","","","",""
"2011-10-15 21:30","2011","10","15","21:30"," ","12,50","","10,10","","85,00","","19,00","","15,00","","24,10","","100,46","","","","","","Dégagé"
"2011-10-15 22:00","2011","10","15","22:00"," ","","","","","","","","","","","","","","","","","","",""
"2011-10-15 22:30","2011","10","15","22:30"," ","9,40","","8,40","","93,00","","27,00","","7,00","","24,10","","100,47","","","","","","Dégagé"
"2011-10-15 23:00","2011","10","15","23:00"," ","","","","","","","","","","","","","","","","","","",""
"2011-10-15 23:30","2011","10","15","23:30"," ","8,30","","8,10","","99,00","","0,00","","0,00","","24,10","","100,47","","","","","","Dégagé"
"2011-10-16 00:00","2011","10","16","00:00"," ","","","","","","","","","","","","","","","","","","",""
"2011-10-16 00:30","2011","10","16","00:30"," ","6,00","","5,40","","96,00","","0,00","","0,00","","24,10","","100,52","","","","","","Dégagé"
"2011-10-16 01:00","2011","10","16","01:00"," ","","","","","","","","","","","","","","","","","","",""
"2011-10-16 01:30","2011","10","16","01:30"," ","5,10","","4,50","","96,00","","0,00","","0,00","","24,10","","100,57","","","","","","Dégagé"
"2011-10-16 02:00","2011","10","16","02:00"," ","","","","","","","","","","","","","","","","","","",""
"2011-10-16 02:30","2011","10","16","02:30"," ","4,80","","4,40","","97,00","","0,00","","0,00","","24,10","","100,59","","","","","","Dégagé"
"2011-10-16 03:00","2011","10","16","03:00"," ","","","","","","","","","","","","","","","","","","",""
"2011-10-16 03:30","2011","10","16","03:30"," ","3,30","","3,30","","100,00","","0,00","","0,00","","24,10","","100,58","","","","","","Dégagé"
"2011-10-16 04:00","2011","10","16","04:00"," ","","","","","","","","","","","","","","","","","","",""
"2011-10-16 04:30","2011","10","16","04:30"," ","2,50","","2,10","","97,00","","0,00","","0,00","","24,10","","100,58","","","","","","Dégagé"
"2011-10-16 05:00","2011","10","16","05:00"," ","","","","","","","","","","","","","","","","","","",""
"2011-10-16 05:30","2011","10","16","05:30"," ","2,00","","1,90","","99,00","","0,00","","0,00","","24,10","","100,58","","","","","","Dégagé"
"2011-10-16 06:00","2011","10","16","06:00"," ","","","","","","","","","","","","","","","","","","",""
"2011-10-16 06:30","2011","10","16","06:30"," ","1,40","","1,30","","99,00","","0,00","","0,00","","19,30","","100,59","","","","","","Généralement dégagé"
"2011-10-16 07:00","2011","10","16","07:00"," ","","","","","","","","","","","","","","","","","","",""
"2011-10-16 07:30","2011","10","16","07:30"," ","2,60","","2,50","","99,00","","9,00","","9,00","","24,10","","100,58","","","","","","Généralement dégagé"
"2011-10-16 08:00","2011","10","16","08:00"," ","","","","","","","","","","","","","","","","","","",""
"2011-10-16 08:30","2011","10","16","08:30"," ","6,20","","5,90","","98,00","","7,00","","9,00","","24,10","","100,55","","","","","","Dégagé"
"2011-10-16 09:00","2011","10","16","09:00"," ","","","","","","","","","","","","","","","","","","",""
"2011-10-16 09:30","2011","10","16","09:30"," ","11,70","","9,90","","89,00","","5,00","","9,00","","24,10","","100,50","","","","","","Dégagé"
"2011-10-16 10:00","2011","10","16","10:00"," ","","","","","","","","","","","","","","","","","","",""
"2011-10-16 10:30","2011","10","16","10:30"," ","16,60","","10,00","","65,00","","21,00","","19,00","","24,10","","100,45","","","","","","Généralement dégagé"
"2011-10-16 11:00","2011","10","16","11:00"," ","","","","","","","","","","","","","","","","","","",""
"2011-10-16 11:30","2011","10","16","11:30"," ","17,50","","10,20","","62,00","","21,00","","22,00","","24,10","","100,39","","","","","","Généralement nuageux"
"2011-10-16 12:00","2011","10","16","12:00"," ","","","","","","","","","","","","","","","","","","",""
"2011-10-16 12:30","2011","10","16","12:30"," ","19,30","","9,60","","53,00","","21,00","","28,00","","24,10","","100,28","","","","","","Généralement nuageux"
"2011-10-16 13:00","2011","10","16","13:00"," ","","","","","","","","","","","","","","","","","","",""
"2011-10-16 13:30","2011","10","16","13:30"," ","19,80","","7,60","","45,00","","21,00","","28,00","","24,10","","100,18","","","","","","Généralement dégagé"
"2011-10-16 14:00","2011","10","16","14:00"," ","","","","","","","","","","","","","","","","","","",""
"2011-10-16 14:30","2011","10","16","14:30"," ","19,60","","5,90","","41,00","","21,00","","28,00","","24,10","","100,18","","","","","","Généralement dégagé"
"2011-10-16 15:00","2011","10","16","15:00"," ","","","","","","","","","","","","","","","","","","",""
"2011-10-16 15:30","2011","10","16","15:30"," ","18,80","","5,20","","41,00","","21,00","","28,00","","24,10","","100,13","","","","","","Généralement dégagé"
"2011-10-16 16:00","2011","10","16","16:00"," ","","","","","","","","","","","","","","","","","","",""
"2011-10-16 16:30","2011","10","16","16:30"," ","17,80","","4,50","","41,00","","21,00","","22,00","","24,10","","100,08","","","","","","Généralement dégagé"
"2011-10-16 17:00","2011","10","16","17:00"," ","","","","","","","","","","","","","","","","","","",""
"2011-10-16 17:30","2011","10","16","17:30"," ","15,90","","5,90","","51,00","","20,00","","19,00","","24,10","","100,08","","","","","","Généralement nuageux"
"2011-10-16 18:00","2011","10","16","18:00"," ","","","","","","","","","","","","","","","","","","",""
"2011-10-16 18:30","2011","10","16","18:30"," ","13,00","","6,60","","65,00","","0,00","","0,00","","24,10","","100,06","","","","","","Généralement nuageux"
"2011-10-16 19:00","2011","10","16","19:00"," ","","","","","","","","","","","","","","","","","","",""
"2011-10-16 19:30","2011","10","16","19:30"," ","12,20","","6,90","","70,00","","0,00","","0,00","","24,10","","100,07","","","","","","Généralement dégagé"
"2011-10-16 20:00","2011","10","16","20:00"," ","","","","","","","","","","","","","","","","","","",""
"2011-10-16 20:30","2011","10","16","20:30"," ","11,70","","7,30","","74,00","","19,00","","9,00","","24,10","","100,06","","","","","","Généralement dégagé"
"2011-10-16 21:00","2011","10","16","21:00"," ","","","","","","","","","","","","","","","","","","",""
"2011-10-16 21:30","2011","10","16","21:30"," ","8,50","","6,10","","85,00","","0,00","","0,00","","24,10","","100,06","","","","","","Généralement dégagé"
"2011-10-16 22:00","2011","10","16","22:00"," ","","","","","","","","","","","","","","","","","","",""
"2011-10-16 22:30","2011","10","16","22:30"," ","10,30","","7,50","","83,00","","24,00","","9,00","","24,10","","100,06","","","","","","Généralement nuageux"
"2011-10-16 23:00","2011","10","16","23:00"," ","","","","","","","","","","","","","","","","","","",""
"2011-10-16 23:30","2011","10","16","23:30"," ","7,80","","6,60","","92,00","","18,00","","6,00","","24,10","","100,03","","","","","","Généralement nuageux"
"2011-10-17 00:00","2011","10","17","00:00"," ","","","","","","","","","","","","","","","","","","",""
"2011-10-17 00:30","2011","10","17","00:30"," ","8,30","","7,20","","93,00","","0,00","","0,00","","24,10","","100,03","","","","","","Généralement nuageux"
"2011-10-17 01:00","2011","10","17","01:00"," ","","","","","","","","","","","","","","","","","","",""
"2011-10-17 01:30","2011","10","17","01:30"," ","8,00","","7,40","","96,00","","10,00","","7,00","","19,30","","100,03","","","","","","Pluie"
"2011-10-17 02:00","2011","10","17","02:00"," ","","","","","","","","","","","","","","","","","","",""
"2011-10-17 02:30","2011","10","17","02:30"," ","8,00","","7,50","","97,00","","0,00","","0,00","","24,10","","100,02","","","","","","Averses de pluie"
"2011-10-17 03:00","2011","10","17","03:00"," ","","","","","","","","","","","","","","","","","","",""
"2011-10-17 03:30","2011","10","17","03:30"," ","8,70","","8,00","","95,00","","24,00","","4,00","","24,10","","100,00","","","","","","Averses de pluie"
"2011-10-17 04:00","2011","10","17","04:00"," ","","","","","","","","","","","","","","","","","","",""
"2011-10-17 04:30","2011","10","17","04:30"," ","9,80","","8,60","","92,00","","24,00","","13,00","","24,10","","100,02","","","","","","Nuageux"
"2011-10-17 05:00","2011","10","17","05:00"," ","","","","","","","","","","","","","","","","","","",""
"2011-10-17 05:30","2011","10","17","05:30"," ","9,80","","8,50","","92,00","","23,00","","15,00","","19,30","","100,06","","","","","","Averses de pluie"
"2011-10-17 06:00","2011","10","17","06:00"," ","","","","","","","","","","","","","","","","","","",""
"2011-10-17 06:30","2011","10","17","06:30"," ","10,00","","8,50","","90,00","","22,00","","19,00","","19,30","","100,12","","","","","","Averses de pluie"
"2011-10-17 07:00","2011","10","17","07:00"," ","","","","","","","","","","","","","","","","","","",""
"2011-10-17 07:30","2011","10","17","07:30"," ","10,20","","8,60","","90,00","","22,00","","19,00","","19,30","","100,17","","","","","","Averses de pluie"
"2011-10-17 08:00","2011","10","17","08:00"," ","","","","","","","","","","","","","","","","","","",""
"2011-10-17 08:30","2011","10","17","08:30"," ","10,50","","9,00","","90,00","","22,00","","19,00","","24,10","","100,23","","","","","","Généralement nuageux"
"2011-10-17 09:00","2011","10","17","09:00"," ","","","","","","","","","","","","","","","","","","",""
"2011-10-17 09:30","2011","10","17","09:30"," ","11,80","","7,90","","77,00","","22,00","","28,00","","24,10","","100,30","","","","","","Généralement dégagé"
"2011-10-17 10:00","2011","10","17","10:00"," ","","","","","","","","","","","","","","","","","","",""
"2011-10-17 10:30","2011","10","17","10:30"," ","12,10","","6,70","","70,00","","22,00","","28,00","","24,10","","100,34","","","","","","Généralement dégagé"
"2011-10-17 11:00","2011","10","17","11:00"," ","","","","","","","","","","","","","","","","","","",""
"2011-10-17 11:30","2011","10","17","11:30"," ","13,50","","6,00","","60,00","","22,00","","28,00","","24,10","","100,34","","","","","","Généralement dégagé"
"2011-10-17 12:00","2011","10","17","12:00"," ","","","","","","","","","","","","","","","","","","",""
"2011-10-17 12:30","2011","10","17","12:30"," ","13,80","","4,90","","55,00","","23,00","","28,00","","24,10","","100,28","","","","","","Généralement dégagé"
"2011-10-17 13:00","2011","10","17","13:00"," ","","","","","","","","","","","","","","","","","","",""
"2011-10-17 13:30","2011","10","17","13:30"," ","14,90","","4,90","","51,00","","22,00","","24,00","","24,10","","100,21","","","","","","Généralement nuageux"
"2011-10-17 14:00","2011","10","17","14:00"," ","","","","","","","","","","","","","","","","","","",""
"2011-10-17 14:30","2011","10","17","14:30"," ","13,80","","4,90","","55,00","","22,00","","19,00","","24,10","","100,18","","","","","","Généralement nuageux"
"2011-10-17 15:00","2011","10","17","15:00"," ","","","","","","","","","","","","","","","","","","",""
"2011-10-17 15:30","2011","10","17","15:30"," ","13,50","","4,60","","55,00","","15,00","","19,00","","24,10","","100,16","","","","","","Généralement nuageux"
"2011-10-17 16:00","2011","10","17","16:00"," ","","","","","","","","","","","","","","","","","","",""
"2011-10-17 16:30","2011","10","17","16:30"," ","11,80","","5,60","","66,00","","18,00","","19,00","","19,30","","100,09","","","","","","Pluie"
"2011-10-17 17:00","2011","10","17","17:00"," ","","","","","","","","","","","","","","","","","","",""
"2011-10-17 17:30","2011","10","17","17:30"," ","10,40","","7,40","","82,00","","18,00","","19,00","","16,10","","100,04","","","","","","Pluie"
"2011-10-17 18:00","2011","10","17","18:00"," ","","","","","","","","","","","","","","","","","","",""
"2011-10-17 18:30","2011","10","17","18:30"," ","9,30","","7,80","","90,00","","5,00","","13,00","","16,10","","99,86","","","","","","Pluie"
"2011-10-17 19:00","2011","10","17","19:00"," ","","","","","","","","","","","","","","","","","","",""
"2011-10-17 19:30","2011","10","17","19:30"," ","9,10","","8,10","","93,00","","3,00","","9,00","","16,10","","99,68","","","","","","Pluie"
"2011-10-17 20:00","2011","10","17","20:00"," ","","","","","","","","","","","","","","","","","","",""
"2011-10-17 20:30","2011","10","17","20:30"," ","9,90","","8,70","","92,00","","29,00","","9,00","","16,10","","99,57","","","","","","Pluie"
"2011-10-17 21:00","2011","10","17","21:00"," ","","","","","","","","","","","","","","","","","","",""
"2011-10-17 21:30","2011","10","17","21:30"," ","9,20","","8,70","","97,00","","0,00","","0,00","","24,10","","99,60","","","","","","Pluie"
"2011-10-17 22:00","2011","10","17","22:00"," ","","","","","","","","","","","","","","","","","","",""
"2011-10-17 22:30","2011","10","17","22:30"," ","8,80","","8,20","","96,00","","20,00","","9,00","","24,10","","99,63","","","","","","Généralement nuageux"
"2011-10-17 23:00","2011","10","17","23:00"," ","","","","","","","","","","","","","","","","","","",""
"2011-10-17 23:30","2011","10","17","23:30"," ","10,20","","8,40","","89,00","","23,00","","19,00","","24,10","","99,73","","","","","","Généralement nuageux"
"2011-10-18 00:00","2011","10","18","00:00"," ","","","","","","","","","","","","","","","","","","",""
"2011-10-18 00:30","2011","10","18","00:30"," ","9,10","","7,20","","88,00","","23,00","","22,00","","24,10","","99,74","","","","","","Généralement dégagé"
"2011-10-18 01:00","2011","10","18","01:00"," ","","","","","","","","","","","","","","","","","","",""
"2011-10-18 01:30","2011","10","18","01:30"," ","8,30","","6,70","","90,00","","23,00","","9,00","","24,10","","99,82","","","","","","Généralement dégagé"
"2011-10-18 02:00","2011","10","18","02:00"," ","","","","","","","","","","","","","","","","","","",""
"2011-10-18 02:30","2011","10","18","02:30"," ","5,10","","3,90","","92,00","","0,00","","0,00","","24,10","","99,82","","","","","","Généralement dégagé"
"2011-10-18 03:00","2011","10","18","03:00"," ","","","","","","","","","","","","","","","","","","",""
"2011-10-18 03:30","2011","10","18","03:30"," ","5,40","","4,90","","97,00","","0,00","","0,00","","24,10","","99,86","","","","","","Généralement nuageux"
"2011-10-18 04:00","2011","10","18","04:00"," ","","","","","","","","","","","","","","","","","","",""
"2011-10-18 04:30","2011","10","18","04:30"," ","8,40","","6,90","","90,00","","26,00","","13,00","","24,10","","99,91","","","","","","Généralement nuageux"
"2011-10-18 05:00","2011","10","18","05:00"," ","","","","","","","","","","","","","","","","","","",""
"2011-10-18 05:30","2011","10","18","05:30"," ","8,30","","5,70","","84,00","","24,00","","22,00","","24,10","","99,98","","","","","","Généralement nuageux"
"2011-10-18 06:00","2011","10","18","06:00"," ","","","","","","","","","","","","","","","","","","",""
"2011-10-18 06:30","2011","10","18","06:30"," ","7,70","","5,50","","86,00","","23,00","","19,00","","24,10","","100,01","","","","","","Généralement nuageux"
"2011-10-18 07:00","2011","10","18","07:00"," ","","","","","","","","","","","","","","","","","","",""
"2011-10-18 07:30","2011","10","18","07:30"," ","8,60","","5,70","","82,00","","24,00","","19,00","","24,10","","100,07","","","","","","Généralement nuageux"
"2011-10-18 08:00","2011","10","18","08:00"," ","","","","","","","","","","","","","","","","","","",""
"2011-10-18 08:30","2011","10","18","08:30"," ","10,00","","6,40","","78,00","","24,00","","19,00","","24,10","","100,16","","","","","","Généralement dégagé"
"2011-10-18 09:00","2011","10","18","09:00"," ","","","","","","","","","","","","","","","","","","",""
"2011-10-18 09:30","2011","10","18","09:30"," ","11,10","","6,10","","71,00","","23,00","","28,00","","24,10","","100,20","","","","","","Généralement nuageux"
"2011-10-18 10:00","2011","10","18","10:00"," ","","","","","","","","","","","","","","","","","","",""
"2011-10-18 10:30","2011","10","18","10:30"," ","11,30","","6,40","","72,00","","24,00","","19,00","","24,10","","100,23","","","","","","Généralement nuageux"
"2011-10-18 11:00","2011","10","18","11:00"," ","","","","","","","","","","","","","","","","","","",""
"2011-10-18 11:30","2011","10","18","11:30"," ","11,90","","6,40","","69,00","","22,00","","24,00","","24,10","","100,25","","","","","","Généralement nuageux"
"2011-10-18 12:00","2011","10","18","12:00"," ","","","","","","","","","","","","","","","","","","",""
"2011-10-18 12:30","2011","10","18","12:30"," ","10,00","","7,00","","82,00","","24,00","","28,00","","16,10","","100,27","","","","","","Averses de pluie"
"2011-10-18 13:00","2011","10","18","13:00"," ","","","","","","","","","","","","","","","","","","",""
"2011-10-18 13:30","2011","10","18","13:30"," ","9,00","","7,20","","88,00","","24,00","","19,00","","16,10","","100,32","","","","","","Averses de pluie"
"2011-10-18 14:00","2011","10","18","14:00"," ","","","","","","","","","","","","","","","","","","",""
"2011-10-18 14:30","2011","10","18","14:30"," ","9,50","","7,80","","89,00","","21,00","","28,00","","16,10","","100,38","","","","","","Averses de pluie"
"2011-10-18 15:00","2011","10","18","15:00"," ","","","","","","","","","","","","","","","","","","",""
"2011-10-18 15:30","2011","10","18","15:30"," ","9,40","","7,40","","87,00","","24,00","","19,00","","24,10","","100,47","","","","","","Averses de pluie"
"2011-10-18 16:00","2011","10","18","16:00"," ","","","","","","","","","","","","","","","","","","",""
"2011-10-18 16:30","2011","10","18","16:30"," ","8,60","","6,70","","88,00","","24,00","","19,00","","24,10","","100,55","","","","","","Averses de pluie"
"2011-10-18 17:00","2011","10","18","17:00"," ","","","","","","","","","","","","","","","","","","",""
"2011-10-18 17:30","2011","10","18","17:30"," ","8,70","","7,30","","91,00","","20,00","","9,00","","24,10","","100,64","","","","","","Averses de pluie"
"2011-10-18 18:00","2011","10","18","18:00"," ","","","","","","","","","","","","","","","","","","",""
"2011-10-18 18:30","2011","10","18","18:30"," ","8,40","","7,10","","92,00","","0,00","","0,00","","24,10","","100,72","","","","","","Averses de pluie"
"2011-10-18 19:00","2011","10","18","19:00"," ","","","","","","","","","","","","","","","","","","",""
"2011-10-18 19:30","2011","10","18","19:30"," ","8,00","","7,10","","94,00","","22,00","","7,00","","24,10","","100,77","","","","","","Nuageux"
"2011-10-18 20:00","2011","10","18","20:00"," ","","","","","","","","","","","","","","","","","","",""
"2011-10-18 20:30","2011","10","18","20:30"," ","7,70","","7,00","","95,00","","25,00","","4,00","","24,10","","100,82","","","","","","Généralement nuageux"
"2011-10-18 21:00","2011","10","18","21:00"," ","","","","","","","","","","","","","","","","","","",""
"2011-10-18 21:30","2011","10","18","21:30"," ","8,20","","6,70","","90,00","","23,00","","15,00","","24,10","","100,86","","","","","","Généralement nuageux"
"2011-10-18 22:00","2011","10","18","22:00"," ","","","","","","","","","","","","","","","","","","",""
"2011-10-18 22:30","2011","10","18","22:30"," ","7,40","","6,20","","92,00","","21,00","","9,00","","24,10","","100,89","","","","","","Généralement nuageux"
"2011-10-18 23:00","2011","10","18","23:00"," ","","","","","","","","","","","","","","","","","","",""
"2011-10-18 23:30","2011","10","18","23:30"," ","6,60","","5,80","","95,00","","25,00","","6,00","","24,10","","100,93","","","","","","Généralement nuageux"
"2011-10-19 00:00","2011","10","19","00:00"," ","","","","","","","","","","","","","","","","","","",""
"2011-10-19 00:30","2011","10","19","00:30"," ","6,60","","5,80","","95,00","","0,00","","0,00","","24,10","","100,94","","","","","","Généralement nuageux"
"2011-10-19 01:00","2011","10","19","01:00"," ","","","","","","","","","","","","","","","","","","",""
"2011-10-19 01:30","2011","10","19","01:30"," ","4,60","","4,30","","98,00","","0,00","","0,00","","24,10","","100,98","","","","","","Généralement nuageux"
"2011-10-19 02:00","2011","10","19","02:00"," ","","","","","","","","","","","","","","","","","","",""
"2011-10-19 02:30","2011","10","19","02:30"," ","4,70","","4,30","","97,00","","0,00","","0,00","","24,10","","100,98","","","","","","Généralement nuageux"
"2011-10-19 03:00","2011","10","19","03:00"," ","","","","","","","","","","","","","","","","","","",""
"2011-10-19 03:30","2011","10","19","03:30"," ","6,20","","5,60","","96,00","","0,00","","0,00","","24,10","","101,00","","","","","","Généralement nuageux"
"2011-10-19 04:00","2011","10","19","04:00"," ","","","","","","","","","","","","","","","","","","",""
"2011-10-19 04:30","2011","10","19","04:30"," ","6,10","","5,70","","97,00","","21,00","","6,00","","12,90","","101,01","","","","","","Averses de pluie"
"2011-10-19 05:00","2011","10","19","05:00"," ","","","","","","","","","","","","","","","","","","",""
"2011-10-19 05:30","2011","10","19","05:30"," ","5,90","","5,70","","99,00","","0,00","","0,00","","16,10","","101,02","","","","","","Averses de pluie"
"2011-10-19 06:00","2011","10","19","06:00"," ","","","","","","","","","","","","","","","","","","",""
"2011-10-19 06:30","2011","10","19","06:30"," ","6,20","","5,90","","98,00","","0,00","","0,00","","16,10","","101,08","","","","","","Averses de pluie"
"2011-10-19 07:00","2011","10","19","07:00"," ","","","","","","","","","","","","","","","","","","",""
"2011-10-19 07:30","2011","10","19","07:30"," ","6,60","","6,30","","98,00","","27,00","","9,00","","24,10","","101,18","","","","","","Averses de pluie"
"2011-10-19 08:00","2011","10","19","08:00"," ","","","","","","","","","","","","","","","","","","",""
"2011-10-19 08:30","2011","10","19","08:30"," ","8,30","","7,50","","95,00","","24,00","","9,00","","24,10","","101,24","","","","","","Averses de pluie"
"2011-10-19 09:00","2011","10","19","09:00"," ","","","","","","","","","","","","","","","","","","",""
"2011-10-19 09:30","2011","10","19","09:30"," ","9,90","","8,00","","88,00","","24,00","","19,00","","24,10","","101,27","","","","","","Généralement nuageux"
"2011-10-19 10:00","2011","10","19","10:00"," ","","","","","","","","","","","","","","","","","","",""
"2011-10-19 10:30","2011","10","19","10:30"," ","10,90","","7,80","","81,00","","25,00","","15,00","","24,10","","101,33","","","","","","Généralement nuageux"
"2011-10-19 11:00","2011","10","19","11:00"," ","","","","","","","","","","","","","","","","","","",""
"2011-10-19 11:30","2011","10","19","11:30"," ","11,70","","7,10","","73,00","","25,00","","19,00","","24,10","","101,39","","","","","","Généralement nuageux"
"2011-10-19 12:00","2011","10","19","12:00"," ","","","","","","","","","","","","","","","","","","",""
"2011-10-19 12:30","2011","10","19","12:30"," ","11,20","","6,20","","71,00","","27,00","","19,00","","24,10","","101,44","","","","","","Généralement nuageux"
"2011-10-19 13:00","2011","10","19","13:00"," ","","","","","","","","","","","","","","","","","","",""
"2011-10-19 13:30","2011","10","19","13:30"," ","11,10","","6,00","","71,00","","26,00","","19,00","","24,10","","101,52","","","","","","Généralement nuageux"
"2011-10-19 14:00","2011","10","19","14:00"," ","","","","","","","","","","","","","","","","","","",""
"2011-10-19 14:30","2011","10","19","14:30"," ","11,90","","6,00","","67,00","","26,00","","19,00","","24,10","","101,61","","","","","","Généralement dégagé"
"2011-10-19 15:00","2011","10","19","15:00"," ","","","","","","","","","","","","","","","","","","",""
"2011-10-19 15:30","2011","10","19","15:30"," ","11,80","","5,70","","66,00","","26,00","","19,00","","24,10","","101,63","","","","","","Généralement dégagé"
"2011-10-19 16:00","2011","10","19","16:00"," ","","","","","","","","","","","","","","","","","","",""
"2011-10-19 16:30","2011","10","19","16:30"," ","10,60","","6,00","","73,00","","27,00","","15,00","","24,10","","101,72","","","","","","Généralement dégagé"
"2011-10-19 17:00","2011","10","19","17:00"," ","","","","","","","","","","","","","","","","","","",""
"2011-10-19 17:30","2011","10","19","17:30"," ","9,00","","5,60","","79,00","","27,00","","15,00","","24,10","","101,80","","","","","","Généralement dégagé"
"2011-10-19 18:00","2011","10","19","18:00"," ","","","","","","","","","","","","","","","","","","",""
"2011-10-19 18:30","2011","10","19","18:30"," ","8,10","","5,10","","81,00","","24,00","","9,00","","24,10","","101,88","","","","","","Généralement dégagé"
"2011-10-19 19:00","2011","10","19","19:00"," ","","","","","","","","","","","","","","","","","","",""
"2011-10-19 19:30","2011","10","19","19:30"," ","6,60","","5,00","","90,00","","9,00","","6,00","","24,10","","101,95","","","","","","Généralement nuageux"
"2011-10-19 20:00","2011","10","19","20:00"," ","","","","","","","","","","","","","","","","","","",""
"2011-10-19 20:30","2011","10","19","20:30"," ","5,00","","3,70","","91,00","","19,00","","4,00","","24,10","","102,04","","","","","","Généralement nuageux"
"2011-10-19 21:00","2011","10","19","21:00"," ","","","","","","","","","","","","","","","","","","",""
"2011-10-19 21:30","2011","10","19","21:30"," ","4,10","","3,20","","94,00","","0,00","","0,00","","24,10","","102,12","","","","","","Généralement dégagé"
"2011-10-19 22:00","2011","10","19","22:00"," ","","","","","","","","","","","","","","","","","","",""
"2011-10-19 22:30","2011","10","19","22:30"," ","5,00","","4,20","","95,00","","24,00","","9,00","","24,10","","102,17","","","","","","Généralement dégagé"
"2011-10-19 23:00","2011","10","19","23:00"," ","","","","","","","","","","","","","","","","","","",""
"2011-10-19 23:30","2011","10","19","23:30"," ","3,70","","3,30","","97,00","","18,00","","9,00","","24,10","","102,19","","","","","","Généralement dégagé"
"2011-10-20 00:00","2011","10","20","00:00"," ","","","","","","","","","","","","","","","","","","",""
"2011-10-20 00:30","2011","10","20","00:30"," ","5,40","","4,50","","94,00","","19,00","","6,00","","24,10","","102,18","","","","","","Généralement dégagé"
"2011-10-20 01:00","2011","10","20","01:00"," ","","","","","","","","","","","","","","","","","","",""
"2011-10-20 01:30","2011","10","20","01:30"," ","3,00","","2,40","","96,00","","0,00","","0,00","","24,10","","102,20","","","","","","Généralement dégagé"
"2011-10-20 02:00","2011","10","20","02:00"," ","","","","","","","","","","","","","","","","","","",""
"2011-10-20 02:30","2011","10","20","02:30"," ","2,40","","1,90","","96,00","","0,00","","0,00","","24,10","","102,16","","","","","","Généralement dégagé"
"2011-10-20 03:00","2011","10","20","03:00"," ","","","","","","","","","","","","","","","","","","",""
"2011-10-20 03:30","2011","10","20","03:30"," ","1,60","","1,60","","100,00","","0,00","","0,00","","24,10","","102,13","","","","","","Généralement dégagé"
"2011-10-20 04:00","2011","10","20","04:00"," ","","","","","","","","","","","","","","","","","","",""
"2011-10-20 04:30","2011","10","20","04:30"," ","0,60","","0,20","","97,00","","4,00","","6,00","","1,20","","102,14","","","","","","Brouillard"
"2011-10-20 05:00","2011","10","20","05:00"," ","","","","","","","","","","","","","","","","","","",""
"2011-10-20 05:30","2011","10","20","05:30"," ","0,00","","-0,30","","98,00","","3,00","","6,00","","0,40","","102,15","","","","-2,00","","Brouillard"
"2011-10-20 06:00","2011","10","20","06:00"," ","","","","","","","","","","","","","","","","","","",""
"2011-10-20 06:30","2011","10","20","06:30"," ","0,80","","0,70","","99,00","","5,00","","6,00","","0,40","","102,14","","","","","","Brouillard"
"2011-10-20 07:00","2011","10","20","07:00"," ","","","","","","","","","","","","","","","","","","",""
"2011-10-20 07:30","2011","10","20","07:30"," ","1,10","","1,00","","99,00","","2,00","","7,00","","0,40","","102,14","","","","","","Brouillard"
"2011-10-20 08:00","2011","10","20","08:00"," ","","","","","","","","","","","","","","","","","","",""
"2011-10-20 08:30","2011","10","20","08:30"," ","1,50","","1,40","","99,00","","6,00","","7,00","","0,40","","102,11","","","","","","Brouillard"
"2011-10-20 09:00","2011","10","20","09:00"," ","","","","","","","","","","","","","","","","","","",""
"2011-10-20 09:30","2011","10","20","09:30"," ","2,60","","2,60","","100,00","","6,00","","9,00","","0,40","","102,06","","","","","","Brouillard"
"2011-10-20 10:00","2011","10","20","10:00"," ","","","","","","","","","","","","","","","","","","",""
"2011-10-20 10:30","2011","10","20","10:30"," ","4,80","","4,00","","95,00","","6,00","","19,00","","12,90","","101,93","","","","","","Nuageux"
"2011-10-20 11:00","2011","10","20","11:00"," ","","","","","","","","","","","","","","","","","","",""
"2011-10-20 11:30","2011","10","20","11:30"," ","6,40","","6,00","","97,00","","5,00","","15,00","","16,10","","101,84","","","","","","Nuageux"
"2011-10-20 12:00","2011","10","20","12:00"," ","","","","","","","","","","","","","","","","","","",""
"2011-10-20 12:30","2011","10","20","12:30"," ","7,50","","7,00","","97,00","","5,00","","19,00","","19,30","","101,68","","","","","","Pluie"
"2011-10-20 13:00","2011","10","20","13:00"," ","","","","","","","","","","","","","","","","","","",""
"2011-10-20 13:30","2011","10","20","13:30"," ","8,70","","7,10","","90,00","","5,00","","19,00","","19,30","","101,57","","","","","","Pluie"
"2011-10-20 14:00","2011","10","20","14:00"," ","","","","","","","","","","","","","","","","","","",""
"2011-10-20 14:30","2011","10","20","14:30"," ","9,80","","7,10","","83,00","","6,00","","19,00","","19,30","","101,42","","","","","","Pluie"
"2011-10-20 15:00","2011","10","20","15:00"," ","","","","","","","","","","","","","","","","","","",""
"2011-10-20 15:30","2011","10","20","15:30"," ","10,30","","5,40","","72,00","","6,00","","19,00","","24,10","","101,40","","","","","","Nuageux"
"2011-10-20 16:00","2011","10","20","16:00"," ","","","","","","","","","","","","","","","","","","",""
"2011-10-20 16:30","2011","10","20","16:30"," ","9,50","","6,10","","79,00","","6,00","","19,00","","24,10","","101,30","","","","","","Nuageux"
"2011-10-20 17:00","2011","10","20","17:00"," ","","","","","","","","","","","","","","","","","","",""
"2011-10-20 17:30","2011","10","20","17:30"," ","9,00","","5,80","","80,00","","6,00","","19,00","","24,10","","101,30","","","","","","Nuageux"
"2011-10-20 18:00","2011","10","20","18:00"," ","","","","","","","","","","","","","","","","","","",""
"2011-10-20 18:30","2011","10","20","18:30"," ","8,70","","5,80","","82,00","","6,00","","19,00","","24,10","","101,29","","","","","","Nuageux"
"2011-10-20 19:00","2011","10","20","19:00"," ","","","","","","","","","","","","","","","","","","",""
"2011-10-20 19:30","2011","10","20","19:30"," ","8,60","","5,20","","79,00","","5,00","","20,00","","24,10","","101,34","","","","","","Nuageux"
"2011-10-20 20:00","2011","10","20","20:00"," ","","","","","","","","","","","","","","","","","","",""
"2011-10-20 20:30","2011","10","20","20:30"," ","8,00","","5,50","","84,00","","5,00","","19,00","","24,10","","101,34","","","","","","Nuageux"
"2011-10-20 21:00","2011","10","20","21:00"," ","","","","","","","","","","","","","","","","","","",""
"2011-10-20 21:30","2011","10","20","21:30"," ","7,80","","5,80","","87,00","","5,00","","19,00","","24,10","","101,27","","","","","","Nuageux"
"2011-10-20 22:00","2011","10","20","22:00"," ","","","","","","","","","","","","","","","","","","",""
"2011-10-20 22:30","2011","10","20","22:30"," ","8,10","","5,70","","85,00","","5,00","","19,00","","24,10","","101,14","","","","","","Nuageux"
"2011-10-20 23:00","2011","10","20","23:00"," ","","","","","","","","","","","","","","","","","","",""
"2011-10-20 23:30","2011","10","20","23:30"," ","8,20","","5,70","","84,00","","5,00","","20,00","","24,10","","101,28","","","","","","Nuageux"
"2011-10-21 00:00","2011","10","21","00:00"," ","","","","","","","","","","","","","","","","","","",""
"2011-10-21 00:30","2011","10","21","00:30"," ","8,20","","5,70","","84,00","","5,00","","20,00","","24,10","","101,15","","","","","","Nuageux"
"2011-10-21 01:00","2011","10","21","01:00"," ","","","","","","","","","","","","","","","","","","",""
"2011-10-21 01:30","2011","10","21","01:30"," ","8,20","","5,80","","85,00","","5,00","","19,00","","24,10","","101,20","","","","","","Nuageux"
"2011-10-21 02:00","2011","10","21","02:00"," ","","","","","","","","","","","","","","","","","","",""
"2011-10-21 02:30","2011","10","21","02:30"," ","8,00","","6,10","","88,00","","7,00","","20,00","","24,10","","101,09","","","","","","Nuageux"
"2011-10-21 03:00","2011","10","21","03:00"," ","","","","","","","","","","","","","","","","","","",""
"2011-10-21 03:30","2011","10","21","03:30"," ","8,10","","6,40","","89,00","","6,00","","20,00","","24,10","","101,10","","","","","","Nuageux"
"2011-10-21 04:00","2011","10","21","04:00"," ","","","","","","","","","","","","","","","","","","",""
"2011-10-21 04:30","2011","10","21","04:30"," ","7,40","","6,90","","97,00","","6,00","","19,00","","24,10","","100,86","","","","","","Pluie"
"2011-10-21 05:00","2011","10","21","05:00"," ","","","","","","","","","","","","","","","","","","",""
"2011-10-21 05:30","2011","10","21","05:30"," ","7,30","","7,00","","98,00","","5,00","","19,00","","19,30","","100,79","","","","","","Pluie"
"2011-10-21 06:00","2011","10","21","06:00"," ","","","","","","","","","","","","","","","","","","",""
"2011-10-21 06:30","2011","10","21","06:30"," ","7,00","","7,00","","100,00","","5,00","","19,00","","9,70","","100,75","","","","","","Pluie,Brouillard"
"2011-10-21 07:00","2011","10","21","07:00"," ","","","","","","","","","","","","","","","","","","",""
"2011-10-21 07:30","2011","10","21","07:30"," ","7,10","","7,10","","100,00","","6,00","","9,00","","6,40","","100,74","","","","","","Pluie,Brouillard"
"2011-10-21 08:00","2011","10","21","08:00"," ","","","","","","","","","","","","","","","","","","",""
"2011-10-21 08:30","2011","10","21","08:30"," ","7,30","","7,30","","100,00","","4,00","","15,00","","8,00","","100,77","","","","","","Pluie,Brouillard"
"2011-10-21 09:00","2011","10","21","09:00"," ","","","","","","","","","","","","","","","","","","",""
"2011-10-21 09:30","2011","10","21","09:30"," ","7,70","","7,70","","100,00","","3,00","","13,00","","9,70","","100,68","","","","","","Pluie,Brouillard"
"2011-10-21 10:00","2011","10","21","10:00"," ","","","","","","","","","","","","","","","","","","",""
"2011-10-21 10:30","2011","10","21","10:30"," ","8,00","","8,00","","100,00","","6,00","","9,00","","9,70","","100,69","","","","","","Pluie,Brouillard"
"2011-10-21 11:00","2011","10","21","11:00"," ","","","","","","","","","","","","","","","","","","",""
"2011-10-21 11:30","2011","10","21","11:30"," ","8,90","","8,80","","99,00","","5,00","","19,00","","16,10","","100,68","","","","","","Pluie"
"2011-10-21 12:00","2011","10","21","12:00"," ","","","","","","","","","","","","","","","","","","",""
"2011-10-21 12:30","2011","10","21","12:30"," ","9,30","","8,90","","97,00","","3,00","","19,00","","16,10","","100,65","","","","","","Pluie"
"2011-10-21 13:00","2011","10","21","13:00"," ","","","","","","","","","","","","","","","","","","",""
"2011-10-21 13:30","2011","10","21","13:30"," ","8,70","","8,10","","96,00","","5,00","","15,00","","19,30","","100,59","","","","","","Nuageux"
"2011-10-21 14:00","2011","10","21","14:00"," ","","","","","","","","","","","","","","","","","","",""
"2011-10-21 14:30","2011","10","21","14:30"," ","8,90","","8,20","","95,00","","5,00","","22,00","","19,30","","100,55","","","","","","Nuageux"
"2011-10-21 15:00","2011","10","21","15:00"," ","","","","","","","","","","","","","","","","","","",""
"2011-10-21 15:30","2011","10","21","15:30"," ","8,50","","7,90","","96,00","","5,00","","7,00","","19,30","","100,56","","","","","","Nuageux"
"2011-10-21 16:00","2011","10","21","16:00"," ","","","","","","","","","","","","","","","","","","",""
"2011-10-21 16:30","2011","10","21","16:30"," ","8,40","","8,00","","97,00","","4,00","","9,00","","9,70","","100,57","","","","","","Pluie,Brouillard"
"2011-10-21 17:00","2011","10","21","17:00"," ","","","","","","","","","","","","","","","","","","",""
"2011-10-21 17:30","2011","10","21","17:30"," ","8,20","","8,00","","99,00","","0,00","","0,00","","16,10","","100,59","","","","","","Pluie"
"2011-10-21 18:00","2011","10","21","18:00"," ","","","","","","","","","","","","","","","","","","",""
"2011-10-21 18:30","2011","10","21","18:30"," ","7,90","","7,90","","100,00","","6,00","","9,00","","19,30","","100,59","","","","","","Nuageux"
"2011-10-21 19:00","2011","10","21","19:00"," ","","","","","","","","","","","","","","","","","","",""
"2011-10-21 19:30","2011","10","21","19:30"," ","7,80","","7,80","","100,00","","0,00","","0,00","","19,30","","100,58","","","","","","Nuageux"
"2011-10-21 20:00","2011","10","21","20:00"," ","","","","","","","","","","","","","","","","","","",""
"2011-10-21 20:30","2011","10","21","20:30"," ","7,70","","7,70","","100,00","","0,00","","0,00","","12,90","","100,57","","","","","","Pluie"
"2011-10-21 21:00","2011","10","21","21:00"," ","","","","","","","","","","","","","","","","","","",""
"2011-10-21 21:30","2011","10","21","21:30"," ","7,70","","7,70","","100,00","","0,00","","0,00","","19,30","","100,56","","","","","","Pluie"
"2011-10-21 22:00","2011","10","21","22:00"," ","","","","","","","","","","","","","","","","","","",""
"2011-10-21 22:30","2011","10","21","22:30"," ","7,70","","7,60","","99,00","","0,00","","0,00","","19,30","","100,50","","","","","","Nuageux"
"2011-10-21 23:00","2011","10","21","23:00"," ","","","","","","","","","","","","","","","","","","",""
"2011-10-21 23:30","2011","10","21","23:30"," ","7,30","","7,30","","100,00","","0,00","","0,00","","9,70","","100,44","","","","","","Brouillard"
"2011-10-22 00:00","2011","10","22","00:00"," ","","","","","","","","","","","","","","","","","","",""
"2011-10-22 00:30","2011","10","22","00:30"," ","7,30","","7,30","","100,00","","0,00","","0,00","","1,60","","100,40","","","","","","Brouillard"
"2011-10-22 01:00","2011","10","22","01:00"," ","","","","","","","","","","","","","","","","","","",""
"2011-10-22 01:30","2011","10","22","01:30"," ","7,50","","7,50","","100,00","","0,00","","0,00","","4,80","","100,39","","","","","","Brouillard"
"2011-10-22 02:00","2011","10","22","02:00"," ","","","","","","","","","","","","","","","","","","",""
"2011-10-22 02:30","2011","10","22","02:30"," ","7,00","","7,00","","100,00","","7,00","","7,00","","16,10","","100,40","","","","","","Nuageux"
"2011-10-22 03:00","2011","10","22","03:00"," ","","","","","","","","","","","","","","","","","","",""
"2011-10-22 03:30","2011","10","22","03:30"," ","7,80","","7,80","","100,00","","0,00","","0,00","","24,10","","100,41","","","","","","Pluie"
"2011-10-22 04:00","2011","10","22","04:00"," ","","","","","","","","","","","","","","","","","","",""
"2011-10-22 04:30","2011","10","22","04:30"," ","7,70","","7,60","","99,00","","0,00","","0,00","","24,10","","100,46","","","","","","Pluie"
"2011-10-22 05:00","2011","10","22","05:00"," ","","","","","","","","","","","","","","","","","","",""
"2011-10-22 05:30","2011","10","22","05:30"," ","10,10","","9,20","","94,00","","23,00","","7,00","","24,10","","100,51","","","","","","Nuageux"
"2011-10-22 06:00","2011","10","22","06:00"," ","","","","","","","","","","","","","","","","","","",""
"2011-10-22 06:30","2011","10","22","06:30"," ","10,10","","9,00","","93,00","","24,00","","11,00","","24,10","","100,58","","","","","","Nuageux"
"2011-10-22 07:00","2011","10","22","07:00"," ","","","","","","","","","","","","","","","","","","",""
"2011-10-22 07:30","2011","10","22","07:30"," ","9,80","","8,70","","93,00","","22,00","","7,00","","24,10","","100,67","","","","","","Généralement nuageux"
"2011-10-22 08:00","2011","10","22","08:00"," ","","","","","","","","","","","","","","","","","","",""
"2011-10-22 08:30","2011","10","22","08:30"," ","10,20","","8,70","","90,00","","24,00","","19,00","","24,10","","100,76","","","","","","Nuageux"
"2011-10-22 09:00","2011","10","22","09:00"," ","","","","","","","","","","","","","","","","","","",""
"2011-10-22 09:30","2011","10","22","09:30"," ","10,10","","7,80","","86,00","","25,00","","19,00","","24,10","","100,85","","","","","","Nuageux"
"2011-10-22 10:00","2011","10","22","10:00"," ","","","","","","","","","","","","","","","","","","",""
"2011-10-22 10:30","2011","10","22","10:30"," ","10,50","","7,90","","84,00","","27,00","","19,00","","24,10","","100,90","","","","","","Nuageux"
"2011-10-22 11:00","2011","10","22","11:00"," ","","","","","","","","","","","","","","","","","","",""
"2011-10-22 11:30","2011","10","22","11:30"," ","10,70","","7,90","","83,00","","28,00","","19,00","","24,10","","100,94","","","","","","Généralement nuageux"
"2011-10-22 12:00","2011","10","22","12:00"," ","","","","","","","","","","","","","","","","","","",""
"2011-10-22 12:30","2011","10","22","12:30"," ","11,60","","7,10","","74,00","","26,00","","28,00","","24,10","","100,97","","","","","","Généralement nuageux"
"2011-10-22 13:00","2011","10","22","13:00"," ","","","","","","","","","","","","","","","","","","",""
"2011-10-22 13:30","2011","10","22","13:30"," ","12,30","","6,70","","69,00","","24,00","","19,00","","24,10","","101,00","","","","","","Généralement dégagé"
"2011-10-22 14:00","2011","10","22","14:00"," ","","","","","","","","","","","","","","","","","","",""
"2011-10-22 14:30","2011","10","22","14:30"," ","12,20","","6,10","","66,00","","24,00","","19,00","","24,10","","101,02","","","","","","Généralement dégagé"
"2011-10-22 15:00","2011","10","22","15:00"," ","","","","","","","","","","","","","","","","","","",""
"2011-10-22 15:30","2011","10","22","15:30"," ","12,20","","6,20","","67,00","","24,00","","19,00","","24,10","","101,06","","","","","","Généralement nuageux"
"2011-10-22 16:00","2011","10","22","16:00"," ","","","","","","","","","","","","","","","","","","",""
"2011-10-22 16:30","2011","10","22","16:30"," ","11,40","","6,10","","70,00","","24,00","","19,00","","24,10","","101,11","","","","","","Généralement nuageux"
"2011-10-22 17:00","2011","10","22","17:00"," ","","","","","","","","","","","","","","","","","","",""
"2011-10-22 17:30","2011","10","22","17:30"," ","9,30","","6,60","","83,00","","31,00","","9,00","","24,10","","101,13","","","","","","Généralement nuageux"
"2011-10-22 18:00","2011","10","22","18:00"," ","","","","","","","","","","","","","","","","","","",""
"2011-10-22 18:30","2011","10","22","18:30"," ","9,10","","6,70","","85,00","","25,00","","6,00","","24,10","","101,20","","","","","","Généralement nuageux"
"2011-10-22 19:00","2011","10","22","19:00"," ","","","","","","","","","","","","","","","","","","",""
"2011-10-22 19:30","2011","10","22","19:30"," ","8,90","","6,90","","87,00","","27,00","","9,00","","24,10","","101,23","","","","","","Généralement nuageux"
"2011-10-22 20:00","2011","10","22","20:00"," ","","","","","","","","","","","","","","","","","","",""
"2011-10-22 20:30","2011","10","22","20:30"," ","8,80","","7,00","","88,00","","5,00","","9,00","","24,10","","101,25","","","","","","Nuageux"
"2011-10-22 21:00","2011","10","22","21:00"," ","","","","","","","","","","","","","","","","","","",""
"2011-10-22 21:30","2011","10","22","21:30"," ","8,00","","6,90","","93,00","","0,00","","0,00","","24,10","","101,32","","","","","","Nuageux"
"2011-10-22 22:00","2011","10","22","22:00"," ","","","","","","","","","","","","","","","","","","",""
"2011-10-22 22:30","2011","10","22","22:30"," ","7,80","","7,10","","95,00","","0,00","","0,00","","24,10","","101,30","","","","","","Nuageux"
"2011-10-22 23:00","2011","10","22","23:00"," ","","","","","","","","","","","","","","","","","","",""
"2011-10-22 23:30","2011","10","22","23:30"," ","7,50","","7,00","","97,00","","0,00","","0,00","","24,10","","101,27","","","","","","Nuageux"
"2011-10-23 00:00","2011","10","23","00:00"," ","","","","","","","","","","","","","","","","","","",""
"2011-10-23 00:30","2011","10","23","00:30"," ","5,80","","5,70","","99,00","","32,00","","9,00","","24,10","","101,25","","","","","","Généralement nuageux"
"2011-10-23 01:00","2011","10","23","01:00"," ","","","","","","","","","","","","","","","","","","",""
"2011-10-23 01:30","2011","10","23","01:30"," ","5,60","","5,40","","99,00","","0,00","","0,00","","24,10","","101,23","","","","","","Généralement nuageux"
"2011-10-23 02:00","2011","10","23","02:00"," ","","","","","","","","","","","","","","","","","","",""
"2011-10-23 02:30","2011","10","23","02:30"," ","4,00","","3,80","","99,00","","0,00","","0,00","","9,70","","101,20","","","","","","Brouillard"
"2011-10-23 03:00","2011","10","23","03:00"," ","","","","","","","","","","","","","","","","","","",""
"2011-10-23 03:30","2011","10","23","03:30"," ","5,10","","5,10","","100,00","","0,00","","0,00","","24,10","","101,18","","","","","","Nuageux"
"2011-10-23 04:00","2011","10","23","04:00"," ","","","","","","","","","","","","","","","","","","",""
"2011-10-23 04:30","2011","10","23","04:30"," ","5,30","","5,20","","99,00","","0,00","","0,00","","24,10","","101,19","","","","","","Nuageux"
"2011-10-23 05:00","2011","10","23","05:00"," ","","","","","","","","","","","","","","","","","","",""
"2011-10-23 05:30","2011","10","23","05:30"," ","5,50","","5,50","","100,00","","0,00","","0,00","","24,10","","101,16","","","","","","Nuageux"
"2011-10-23 06:00","2011","10","23","06:00"," ","","","","","","","","","","","","","","","","","","",""
"2011-10-23 06:30","2011","10","23","06:30"," ","5,80","","5,80","","100,00","","0,00","","0,00","","16,10","","101,15","","","","","","Averses de pluie"
"2011-10-23 07:00","2011","10","23","07:00"," ","","","","","","","","","","","","","","","","","","",""
"2011-10-23 07:30","2011","10","23","07:30"," ","6,00","","5,90","","99,00","","0,00","","0,00","","8,00","","101,19","","","","","","Pluie,Brouillard"
"2011-10-23 08:00","2011","10","23","08:00"," ","","","","","","","","","","","","","","","","","","",""
"2011-10-23 08:30","2011","10","23","08:30"," ","6,50","","6,50","","100,00","","0,00","","0,00","","9,70","","101,20","","","","","","Pluie,Brouillard"
"2011-10-23 09:00","2011","10","23","09:00"," ","","","","","","","","","","","","","","","","","","",""
"2011-10-23 09:30","2011","10","23","09:30"," ","7,00","","7,00","","100,00","","0,00","","0,00","","12,90","","101,17","","","","","","Pluie"
"2011-10-23 10:00","2011","10","23","10:00"," ","","","","","","","","","","","","","","","","","","",""
"2011-10-23 10:30","2011","10","23","10:30"," ","7,70","","7,50","","99,00","","0,00","","0,00","","16,10","","101,18","","","","","","Pluie"
"2011-10-23 11:00","2011","10","23","11:00"," ","","","","","","","","","","","","","","","","","","",""
"2011-10-23 11:30","2011","10","23","11:30"," ","8,40","","8,00","","97,00","","0,00","","0,00","","19,30","","101,17","","","","","","Nuageux"
"2011-10-23 12:00","2011","10","23","12:00"," ","","","","","","","","","","","","","","","","","","",""
"2011-10-23 12:30","2011","10","23","12:30"," ","8,80","","8,30","","97,00","","0,00","","0,00","","19,30","","101,14","","","","","","Nuageux"
"2011-10-23 13:00","2011","10","23","13:00"," ","","","","","","","","","","","","","","","","","","",""
"2011-10-23 13:30","2011","10","23","13:30"," ","9,80","","8,60","","92,00","","22,00","","9,00","","24,10","","101,11","","","","","","Nuageux"
"2011-10-23 14:00","2011","10","23","14:00"," ","","","","","","","","","","","","","","","","","","",""
"2011-10-23 14:30","2011","10","23","14:30"," ","10,30","","8,90","","91,00","","23,00","","11,00","","24,10","","101,12","","","","","","Nuageux"
"2011-10-23 15:00","2011","10","23","15:00"," ","","","","","","","","","","","","","","","","","","",""
"2011-10-23 15:30","2011","10","23","15:30"," ","10,60","","8,90","","89,00","","23,00","","6,00","","24,10","","101,15","","","","","","Nuageux"
"2011-10-23 16:00","2011","10","23","16:00"," ","","","","","","","","","","","","","","","","","","",""
"2011-10-23 16:30","2011","10","23","16:30"," ","10,50","","8,20","","86,00","","25,00","","9,00","","24,10","","101,19","","","","","","Nuageux"
"2011-10-23 17:00","2011","10","23","17:00"," ","","","","","","","","","","","","","","","","","","",""
"2011-10-23 17:30","2011","10","23","17:30"," ","10,00","","8,30","","89,00","","24,00","","6,00","","24,10","","101,23","","","","","","Nuageux"
"2011-10-23 18:00","2011","10","23","18:00"," ","","","","","","","","","","","","","","","","","","",""
"2011-10-23 18:30","2011","10","23","18:30"," ","9,10","","8,20","","94,00","","0,00","","0,00","","24,10","","101,28","","","","","","Nuageux"
"2011-10-23 19:00","2011","10","23","19:00"," ","","","","","","","","","","","","","","","","","","",""
"2011-10-23 19:30","2011","10","23","19:30"," ","9,10","","8,30","","95,00","","0,00","","0,00","","24,10","","101,30","","","","","","Nuageux"
"2011-10-23 20:00","2011","10","23","20:00"," ","","","","","","","","","","","","","","","","","","",""
"2011-10-23 20:30","2011","10","23","20:30"," ","8,20","","7,80","","97,00","","0,00","","0,00","","24,10","","101,34","","","","","","Nuageux"
"2011-10-23 21:00","2011","10","23","21:00"," ","","","","","","","","","","","","","","","","","","",""
"2011-10-23 21:30","2011","10","23","21:30"," ","8,80","","8,00","","95,00","","24,00","","9,00","","24,10","","101,37","","","","","","Nuageux"
"2011-10-23 22:00","2011","10","23","22:00"," ","","","","","","","","","","","","","","","","","","",""
"2011-10-23 22:30","2011","10","23","22:30"," ","8,00","","7,50","","97,00","","0,00","","0,00","","24,10","","101,43","","","","","","Nuageux"
"2011-10-23 23:00","2011","10","23","23:00"," ","","","","","","","","","","","","","","","","","","",""
"2011-10-23 23:30","2011","10","23","23:30"," ","8,70","","8,00","","95,00","","0,00","","0,00","","24,10","","101,43","","","","","","Nuageux"
"2011-10-24 00:00","2011","10","24","00:00"," ","","","","","","","","","","","","","","","","","","",""
"2011-10-24 00:30","2011","10","24","00:30"," ","8,70","","8,00","","95,00","","0,00","","0,00","","24,10","","101,46","","","","","","Nuageux"
"2011-10-24 01:00","2011","10","24","01:00"," ","","","","","","","","","","","","","","","","","","",""
"2011-10-24 01:30","2011","10","24","01:30"," ","8,00","","7,60","","97,00","","0,00","","0,00","","24,10","","101,51","","","","","","Nuageux"
"2011-10-24 02:00","2011","10","24","02:00"," ","","","","","","","","","","","","","","","","","","",""
"2011-10-24 02:30","2011","10","24","02:30"," ","8,00","","7,60","","97,00","","0,00","","0,00","","24,10","","101,56","","","","","","Nuageux"
"2011-10-24 03:00","2011","10","24","03:00"," ","","","","","","","","","","","","","","","","","","",""
"2011-10-24 03:30","2011","10","24","03:30"," ","7,70","","7,60","","99,00","","0,00","","0,00","","24,10","","101,57","","","","","","Nuageux"
"2011-10-24 04:00","2011","10","24","04:00"," ","","","","","","","","","","","","","","","","","","",""
"2011-10-24 04:30","2011","10","24","04:30"," ","7,70","","7,50","","99,00","","0,00","","0,00","","24,10","","101,59","","","","","","Nuageux"
"2011-10-24 05:00","2011","10","24","05:00"," ","","","","","","","","","","","","","","","","","","",""
"2011-10-24 05:30","2011","10","24","05:30"," ","7,50","","7,40","","99,00","","0,00","","0,00","","24,10","","101,62","","","","","","Nuageux"
"2011-10-24 06:00","2011","10","24","06:00"," ","","","","","","","","","","","","","","","","","","",""
"2011-10-24 06:30","2011","10","24","06:30"," ","7,50","","7,40","","99,00","","0,00","","0,00","","24,10","","101,64","","","","","","Nuageux"
"2011-10-24 07:00","2011","10","24","07:00"," ","","","","","","","","","","","","","","","","","","",""
"2011-10-24 07:30","2011","10","24","07:30"," ","8,00","","7,80","","99,00","","0,00","","0,00","","24,10","","101,68","","","","","","Nuageux"
"2011-10-24 08:00","2011","10","24","08:00"," ","","","","","","","","","","","","","","","","","","",""
"2011-10-24 08:30","2011","10","24","08:30"," ","8,30","","8,10","","99,00","","0,00","","0,00","","24,10","","101,73","","","","","","Nuageux"
"2011-10-24 09:00","2011","10","24","09:00"," ","","","","","","","","","","","","","","","","","","",""
"2011-10-24 09:30","2011","10","24","09:30"," ","9,40","","8,50","","94,00","","0,00","","0,00","","24,10","","101,74","","","","","","Nuageux"
"2011-10-24 10:00","2011","10","24","10:00"," ","","","","","","","","","","","","","","","","","","",""
"2011-10-24 10:30","2011","10","24","10:30"," ","10,00","","8,10","","88,00","","0,00","","0,00","","24,10","","101,74","","","","","","Nuageux"
"2011-10-24 11:00","2011","10","24","11:00"," ","","","","","","","","","","","","","","","","","","",""
"2011-10-24 11:30","2011","10","24","11:30"," ","10,40","","8,10","","86,00","","0,00","","0,00","","24,10","","101,72","","","","","","Nuageux"
"2011-10-24 12:00","2011","10","24","12:00"," ","","","","","","","","","","","","","","","","","","",""
"2011-10-24 12:30","2011","10","24","12:30"," ","10,80","","8,20","","84,00","","21,00","","9,00","","24,10","","101,69","","","","","","Nuageux"
"2011-10-24 13:00","2011","10","24","13:00"," ","","","","","","","","","","","","","","","","","","",""
"2011-10-24 13:30","2011","10","24","13:30"," ","12,00","","8,20","","78,00","","0,00","","0,00","","24,10","","101,64","","","","","","Généralement nuageux"
"2011-10-24 14:00","2011","10","24","14:00"," ","","","","","","","","","","","","","","","","","","",""
"2011-10-24 14:30","2011","10","24","14:30"," ","11,80","","7,60","","75,00","","24,00","","9,00","","24,10","","101,66","","","","","","Généralement nuageux"
"2011-10-24 15:00","2011","10","24","15:00"," ","","","","","","","","","","","","","","","","","","",""
"2011-10-24 15:30","2011","10","24","15:30"," ","10,60","","8,60","","87,00","","26,00","","7,00","","24,10","","101,67","","","","","","Averses de pluie"
"2011-10-24 16:00","2011","10","24","16:00"," ","","","","","","","","","","","","","","","","","","",""
"2011-10-24 16:30","2011","10","24","16:30"," ","10,10","","7,60","","84,00","","0,00","","0,00","","24,10","","101,68","","","","","","Averses de pluie"
"2011-10-24 17:00","2011","10","24","17:00"," ","","","","","","","","","","","","","","","","","","",""
"2011-10-24 17:30","2011","10","24","17:30"," ","9,50","","8,20","","92,00","","0,00","","0,00","","24,10","","101,71","","","","","","Nuageux"
"2011-10-24 18:00","2011","10","24","18:00"," ","","","","","","","","","","","","","","","","","","",""
"2011-10-24 18:30","2011","10","24","18:30"," ","9,10","","8,20","","94,00","","21,00","","7,00","","24,10","","101,71","","","","","","Nuageux"
"2011-10-24 19:00","2011","10","24","19:00"," ","","","","","","","","","","","","","","","","","","",""
"2011-10-24 19:30","2011","10","24","19:30"," ","8,80","","7,90","","94,00","","0,00","","0,00","","24,10","","101,73","","","","","","Nuageux"
"2011-10-24 20:00","2011","10","24","20:00"," ","","","","","","","","","","","","","","","","","","",""
"2011-10-24 20:30","2011","10","24","20:30"," ","8,10","","7,60","","97,00","","0,00","","0,00","","24,10","","101,74","","","","","","Nuageux"
"2011-10-24 21:00","2011","10","24","21:00"," ","","","","","","","","","","","","","","","","","","",""
"2011-10-24 21:30","2011","10","24","21:30"," ","7,90","","7,60","","98,00","","0,00","","0,00","","24,10","","101,74","","","","","","Nuageux"
"2011-10-24 22:00","2011","10","24","22:00"," ","","","","","","","","","","","","","","","","","","",""
"2011-10-24 22:30","2011","10","24","22:30"," ","7,80","","7,60","","99,00","","0,00","","0,00","","24,10","","101,73","","","","","","Nuageux"
"2011-10-24 23:00","2011","10","24","23:00"," ","","","","","","","","","","","","","","","","","","",""
"2011-10-24 23:30","2011","10","24","23:30"," ","7,70","","7,50","","99,00","","0,00","","0,00","","8,00","","101,69","","","","","","Bruine,Brouillard"
"2011-10-25 00:00","2011","10","25","00:00"," ","","","","","","","","","","","","","","","","","","",""
"2011-10-25 00:30","2011","10","25","00:30"," ","7,70","","7,50","","99,00","","0,00","","0,00","","12,90","","101,63","","","","","","Bruine"
"2011-10-25 01:00","2011","10","25","01:00"," ","","","","","","","","","","","","","","","","","","",""
"2011-10-25 01:30","2011","10","25","01:30"," ","7,50","","7,40","","99,00","","0,00","","0,00","","12,90","","101,60","","","","","","Bruine"
"2011-10-25 02:00","2011","10","25","02:00"," ","","","","","","","","","","","","","","","","","","",""
"2011-10-25 02:30","2011","10","25","02:30"," ","7,40","","7,30","","99,00","","0,00","","0,00","","12,90","","101,59","","","","","","Bruine"
"2011-10-25 03:00","2011","10","25","03:00"," ","","","","","","","","","","","","","","","","","","",""
"2011-10-25 03:30","2011","10","25","03:30"," ","7,50","","7,30","","99,00","","0,00","","0,00","","12,90","","101,56","","","","","","Bruine"
"2011-10-25 04:00","2011","10","25","04:00"," ","","","","","","","","","","","","","","","","","","",""
"2011-10-25 04:30","2011","10","25","04:30"," ","7,50","","7,20","","98,00","","0,00","","0,00","","16,10","","101,54","","","","","","Bruine"
"2011-10-25 05:00","2011","10","25","05:00"," ","","","","","","","","","","","","","","","","","","",""
"2011-10-25 05:30","2011","10","25","05:30"," ","7,30","","7,10","","99,00","","6,00","","9,00","","16,10","","101,49","","","","","","Nuageux"
"2011-10-25 06:00","2011","10","25","06:00"," ","","","","","","","","","","","","","","","","","","",""
"2011-10-25 06:30","2011","10","25","06:30"," ","7,20","","7,00","","99,00","","4,00","","9,00","","12,90","","101,46","","","","","","Nuageux"
"2011-10-25 07:00","2011","10","25","07:00"," ","","","","","","","","","","","","","","","","","","",""
"2011-10-25 07:30","2011","10","25","07:30"," ","7,10","","6,80","","98,00","","3,00","","9,00","","6,40","","101,41","","","","","","Brouillard"
"2011-10-25 08:00","2011","10","25","08:00"," ","","","","","","","","","","","","","","","","","","",""
"2011-10-25 08:30","2011","10","25","08:30"," ","7,30","","6,90","","97,00","","4,00","","13,00","","8,00","","101,41","","","","","","Brouillard"
"2011-10-25 09:00","2011","10","25","09:00"," ","","","","","","","","","","","","","","","","","","",""
"2011-10-25 09:30","2011","10","25","09:30"," ","7,60","","7,00","","96,00","","3,00","","9,00","","9,70","","101,37","","","","","","Brouillard"
"2011-10-25 10:00","2011","10","25","10:00"," ","","","","","","","","","","","","","","","","","","",""
"2011-10-25 10:30","2011","10","25","10:30"," ","8,00","","7,40","","96,00","","4,00","","19,00","","12,90","","101,30","","","","","","Nuageux"
"2011-10-25 11:00","2011","10","25","11:00"," ","","","","","","","","","","","","","","","","","","",""
"2011-10-25 11:30","2011","10","25","11:30"," ","8,20","","7,50","","95,00","","2,00","","19,00","","12,90","","101,25","","","","","","Pluie"
"2011-10-25 12:00","2011","10","25","12:00"," ","","","","","","","","","","","","","","","","","","",""
"2011-10-25 12:30","2011","10","25","12:30"," ","8,30","","7,80","","97,00","","18,00","","11,00","","16,10","","101,13","","","","","","Pluie"
"2011-10-25 13:00","2011","10","25","13:00"," ","","","","","","","","","","","","","","","","","","",""
"2011-10-25 13:30","2011","10","25","13:30"," ","9,10","","8,60","","97,00","","3,00","","15,00","","16,10","","101,00","","","","","","Pluie"
"2011-10-25 14:00","2011","10","25","14:00"," ","","","","","","","","","","","","","","","","","","",""
"2011-10-25 14:30","2011","10","25","14:30"," ","8,90","","8,40","","97,00","","3,00","","15,00","","9,70","","100,91","","","","","","Pluie"
"2011-10-25 15:00","2011","10","25","15:00"," ","","","","","","","","","","","","","","","","","","",""
"2011-10-25 15:30","2011","10","25","15:30"," ","8,60","","8,40","","99,00","","5,00","","11,00","","16,10","","100,84","","","","","","Pluie"
"2011-10-25 16:00","2011","10","25","16:00"," ","","","","","","","","","","","","","","","","","","",""
"2011-10-25 16:30","2011","10","25","16:30"," ","8,40","","8,10","","98,00","","5,00","","9,00","","16,10","","100,75","","","","","","Pluie"
"2011-10-25 17:00","2011","10","25","17:00"," ","","","","","","","","","","","","","","","","","","",""
"2011-10-25 17:30","2011","10","25","17:30"," ","8,10","","7,90","","99,00","","5,00","","19,00","","16,10","","100,67","","","","","","Pluie"
"2011-10-25 18:00","2011","10","25","18:00"," ","","","","","","","","","","","","","","","","","","",""
"2011-10-25 18:30","2011","10","25","18:30"," ","7,90","","7,70","","99,00","","5,00","","11,00","","16,10","","100,59","","","","","","Pluie"
"2011-10-25 19:00","2011","10","25","19:00"," ","","","","","","","","","","","","","","","","","","",""
"2011-10-25 19:30","2011","10","25","19:30"," ","7,90","","7,50","","97,00","","6,00","","13,00","","19,30","","100,48","","","","","","Pluie"
"2011-10-25 20:00","2011","10","25","20:00"," ","","","","","","","","","","","","","","","","","","",""
"2011-10-25 20:30","2011","10","25","20:30"," ","7,90","","7,30","","96,00","","4,00","","9,00","","24,10","","100,42","","","","","","Pluie"
"2011-10-25 21:00","2011","10","25","21:00"," ","","","","","","","","","","","","","","","","","","",""
"2011-10-25 21:30","2011","10","25","21:30"," ","7,80","","6,60","","92,00","","5,00","","9,00","","24,10","","100,31","","","","","","Nuageux"
"2011-10-25 22:00","2011","10","25","22:00"," ","","","","","","","","","","","","","","","","","","",""
"2011-10-25 22:30","2011","10","25","22:30"," ","7,60","","6,90","","95,00","","5,00","","15,00","","24,10","","100,16","","","","","","Nuageux"
"2011-10-25 23:00","2011","10","25","23:00"," ","","","","","","","","","","","","","","","","","","",""
"2011-10-25 23:30","2011","10","25","23:30"," ","7,50","","6,10","","91,00","","6,00","","19,00","","24,10","","100,07","","","","","","Nuageux"
"2011-10-26 00:00","2011","10","26","00:00"," ","","","","","","","","","","","","","","","","","","",""
"2011-10-26 00:30","2011","10","26","00:30"," ","6,80","","4,80","","87,00","","7,00","","28,00","","24,10","","100,01","","","","","","Nuageux"
"2011-10-26 01:00","2011","10","26","01:00"," ","","","","","","","","","","","","","","","","","","",""
"2011-10-26 01:30","2011","10","26","01:30"," ","5,80","","4,90","","94,00","","5,00","","19,00","","19,30","","99,89","","","","","","Pluie"
"2011-10-26 02:00","2011","10","26","02:00"," ","","","","","","","","","","","","","","","","","","",""
"2011-10-26 02:30","2011","10","26","02:30"," ","5,10","","4,20","","94,00","","6,00","","19,00","","19,30","","99,77","","","","","","Pluie"
"2011-10-26 03:00","2011","10","26","03:00"," ","","","","","","","","","","","","","","","","","","",""
"2011-10-26 03:30","2011","10","26","03:30"," ","4,40","","3,60","","95,00","","6,00","","28,00","","19,30","","99,63","","","","","","Pluie"
"2011-10-26 04:00","2011","10","26","04:00"," ","","","","","","","","","","","","","","","","","","",""
"2011-10-26 04:30","2011","10","26","04:30"," ","3,90","","3,30","","96,00","","6,00","","19,00","","16,10","","99,54","","","","","","Pluie"
"2011-10-26 05:00","2011","10","26","05:00"," ","","","","","","","","","","","","","","","","","","",""
"2011-10-26 05:30","2011","10","26","05:30"," ","3,50","","2,60","","94,00","","5,00","","28,00","","16,10","","99,47","","","","","","Pluie"
"2011-10-26 06:00","2011","10","26","06:00"," ","","","","","","","","","","","","","","","","","","",""
"2011-10-26 06:30","2011","10","26","06:30"," ","2,20","","1,80","","97,00","","4,00","","28,00","","12,90","","99,33","","","","","","Pluie"
"2011-10-26 07:00","2011","10","26","07:00"," ","","","","","","","","","","","","","","","","","","",""
"2011-10-26 07:30","2011","10","26","07:30"," ","1,10","","0,80","","98,00","","3,00","","28,00","","4,80","","99,24","","","","","","Pluie,Neige"
"2011-10-26 08:00","2011","10","26","08:00"," ","","","","","","","","","","","","","","","","","","",""
"2011-10-26 08:30","2011","10","26","08:30"," ","0,60","","0,50","","99,00","","3,00","","22,00","","2,40","","99,11","","","","","","Pluie,Neige"
"2011-10-26 09:00","2011","10","26","09:00"," ","","","","","","","","","","","","","","","","","","",""
"2011-10-26 09:30","2011","10","26","09:30"," ","1,00","","0,80","","99,00","","4,00","","28,00","","3,20","","99,00","","","","","","Pluie,Neige"
"2011-10-26 10:00","2011","10","26","10:00"," ","","","","","","","","","","","","","","","","","","",""
"2011-10-26 10:30","2011","10","26","10:30"," ","1,20","","1,00","","99,00","","5,00","","22,00","","3,20","","98,86","","","","","","Pluie,Neige"
"2011-10-26 11:00","2011","10","26","11:00"," ","","","","","","","","","","","","","","","","","","",""
"2011-10-26 11:30","2011","10","26","11:30"," ","1,90","","1,40","","96,00","","4,00","","28,00","","4,80","","98,73","","","","","","Pluie,Neige"
"2011-10-26 12:00","2011","10","26","12:00"," ","","","","","","","","","","","","","","","","","","",""
"2011-10-26 12:30","2011","10","26","12:30"," ","2,40","","1,90","","96,00","","4,00","","19,00","","4,80","","98,59","","","","","","Pluie,Neige"
"2011-10-26 13:00","2011","10","26","13:00"," ","","","","","","","","","","","","","","","","","","",""
"2011-10-26 13:30","2011","10","26","13:30"," ","2,80","","2,10","","95,00","","2,00","","19,00","","8,00","","98,53","","","","","","Pluie"
"2011-10-26 14:00","2011","10","26","14:00"," ","","","","","","","","","","","","","","","","","","",""
"2011-10-26 14:30","2011","10","26","14:30"," ","3,10","","2,30","","94,00","","3,00","","19,00","","12,90","","98,50","","","","","","Pluie"
"2011-10-26 15:00","2011","10","26","15:00"," ","","","","","","","","","","","","","","","","","","",""
"2011-10-26 15:30","2011","10","26","15:30"," ","3,20","","2,10","","92,00","","3,00","","19,00","","12,90","","98,46","","","","","","Pluie"
"2011-10-26 16:00","2011","10","26","16:00"," ","","","","","","","","","","","","","","","","","","",""
"2011-10-26 16:30","2011","10","26","16:30"," ","3,30","","1,80","","90,00","","1,00","","19,00","","12,90","","98,42","","","","","","Pluie"
"2011-10-26 17:00","2011","10","26","17:00"," ","","","","","","","","","","","","","","","","","","",""
"2011-10-26 17:30","2011","10","26","17:30"," ","3,90","","1,70","","86,00","","35,00","","19,00","","12,90","","98,42","","","","","","Pluie"
"2011-10-26 18:00","2011","10","26","18:00"," ","","","","","","","","","","","","","","","","","","",""
"2011-10-26 18:30","2011","10","26","18:30"," ","3,50","","1,70","","88,00","","33,00","","22,00","","12,90","","98,40","","","","","","Pluie"
"2011-10-26 19:00","2011","10","26","19:00"," ","","","","","","","","","","","","","","","","","","",""
"2011-10-26 19:30","2011","10","26","19:30"," ","3,60","","1,70","","87,00","","35,00","","28,00","","12,90","","98,38","","","","","","Pluie"
"2011-10-26 20:00","2011","10","26","20:00"," ","","","","","","","","","","","","","","","","","","",""
"2011-10-26 20:30","2011","10","26","20:30"," ","3,60","","1,20","","84,00","","34,00","","28,00","","16,10","","98,36","","","","","","Pluie"
"2011-10-26 21:00","2011","10","26","21:00"," ","","","","","","","","","","","","","","","","","","",""
"2011-10-26 21:30","2011","10","26","21:30"," ","3,80","","0,90","","81,00","","33,00","","19,00","","16,10","","98,37","","","","","","Pluie"
"2011-10-26 22:00","2011","10","26","22:00"," ","","","","","","","","","","","","","","","","","","",""
"2011-10-26 22:30","2011","10","26","22:30"," ","3,50","","0,40","","80,00","","34,00","","19,00","","16,10","","98,43","","","","","","Pluie"
"2011-10-26 23:00","2011","10","26","23:00"," ","","","","","","","","","","","","","","","","","","",""
"2011-10-26 23:30","2011","10","26","23:30"," ","3,00","","0,60","","84,00","","33,00","","19,00","","16,10","","98,46","","","","","","Pluie"
"2011-10-27 00:00","2011","10","27","00:00"," ","","","","","","","","","","","","","","","","","","",""
"2011-10-27 00:30","2011","10","27","00:30"," ","2,80","","0,80","","87,00","","27,00","","19,00","","19,30","","98,53","","","","","","Pluie"
"2011-10-27 01:00","2011","10","27","01:00"," ","","","","","","","","","","","","","","","","","","",""
"2011-10-27 01:30","2011","10","27","01:30"," ","2,70","","0,60","","86,00","","29,00","","19,00","","19,30","","98,58","","","","","","Pluie"
"2011-10-27 02:00","2011","10","27","02:00"," ","","","","","","","","","","","","","","","","","","",""
"2011-10-27 02:30","2011","10","27","02:30"," ","2,60","","0,40","","85,00","","33,00","","19,00","","24,10","","98,64","","","","","","Nuageux"
"2011-10-27 03:00","2011","10","27","03:00"," ","","","","","","","","","","","","","","","","","","",""
"2011-10-27 03:30","2011","10","27","03:30"," ","2,20","","0,60","","89,00","","32,00","","19,00","","19,30","","98,71","","","","","","Nuageux"
"2011-10-27 04:00","2011","10","27","04:00"," ","","","","","","","","","","","","","","","","","","",""
"2011-10-27 04:30","2011","10","27","04:30"," ","2,10","","0,70","","90,00","","31,00","","19,00","","16,10","","98,82","","","","","","Pluie"
"2011-10-27 05:00","2011","10","27","05:00"," ","","","","","","","","","","","","","","","","","","",""
"2011-10-27 05:30","2011","10","27","05:30"," ","2,10","","0,70","","90,00","","30,00","","19,00","","12,90","","98,91","","","","","","Pluie"
"2011-10-27 06:00","2011","10","27","06:00"," ","","","","","","","","","","","","","","","","","","",""
"2011-10-27 06:30","2011","10","27","06:30"," ","2,30","","0,70","","89,00","","29,00","","19,00","","16,10","","98,99","","","","","","Pluie"
"2011-10-27 07:00","2011","10","27","07:00"," ","","","","","","","","","","","","","","","","","","",""
"2011-10-27 07:30","2011","10","27","07:30"," ","2,60","","0,60","","87,00","","29,00","","9,00","","24,10","","99,07","","","","","","Nuageux"
"2011-10-27 08:00","2011","10","27","08:00"," ","","","","","","","","","","","","","","","","","","",""
"2011-10-27 08:30","2011","10","27","08:30"," ","2,80","","0,60","","85,00","","30,00","","19,00","","24,10","","99,14","","","","","","Nuageux"
"2011-10-27 09:00","2011","10","27","09:00"," ","","","","","","","","","","","","","","","","","","",""
"2011-10-27 09:30","2011","10","27","09:30"," ","3,00","","0,60","","84,00","","30,00","","28,00","","24,10","","99,22","","","","","","Nuageux"
"2011-10-27 10:00","2011","10","27","10:00"," ","","","","","","","","","","","","","","","","","","",""
"2011-10-27 10:30","2011","10","27","10:30"," ","3,20","","0,90","","85,00","","30,00","","19,00","","24,10","","99,27","","","","","","Nuageux"
"2011-10-27 11:00","2011","10","27","11:00"," ","","","","","","","","","","","","","","","","","","",""
"2011-10-27 11:30","2011","10","27","11:30"," ","3,50","","1,00","","84,00","","29,00","","19,00","","24,10","","99,29","","","","","","Nuageux"
"2011-10-27 12:00","2011","10","27","12:00"," ","","","","","","","","","","","","","","","","","","",""
"2011-10-27 12:30","2011","10","27","12:30"," ","3,60","","1,00","","83,00","","27,00","","15,00","","24,10","","99,33","","","","","","Nuageux"
"2011-10-27 13:00","2011","10","27","13:00"," ","","","","","","","","","","","","","","","","","","",""
"2011-10-27 13:30","2011","10","27","13:30"," ","4,20","","1,10","","80,00","","29,00","","15,00","","12,90","","99,35","","","","","","Nuageux"
"2011-10-27 14:00","2011","10","27","14:00"," ","","","","","","","","","","","","","","","","","","",""
"2011-10-27 14:30","2011","10","27","14:30"," ","3,80","","0,60","","80,00","","30,00","","9,00","","24,10","","99,44","","","","","","Nuageux"
"2011-10-27 15:00","2011","10","27","15:00"," ","","","","","","","","","","","","","","","","","","",""
"2011-10-27 15:30","2011","10","27","15:30"," ","3,20","","0,70","","84,00","","27,00","","9,00","","12,90","","99,51","","","","","","Nuageux"
"2011-10-27 16:00","2011","10","27","16:00"," ","","","","","","","","","","","","","","","","","","",""
"2011-10-27 16:30","2011","10","27","16:30"," ","2,90","","1,50","","90,00","","25,00","","9,00","","16,10","","99,59","","","","","","Pluie"
"2011-10-27 17:00","2011","10","27","17:00"," ","","","","","","","","","","","","","","","","","","",""
"2011-10-27 17:30","2011","10","27","17:30"," ","2,60","","1,50","","92,00","","0,00","","0,00","","24,10","","99,67","","","","","","Pluie"
"2011-10-27 18:00","2011","10","27","18:00"," ","","","","","","","","","","","","","","","","","","",""
"2011-10-27 18:30","2011","10","27","18:30"," ","2,40","","1,50","","94,00","","24,00","","9,00","","24,10","","99,76","","","","","","Nuageux"
"2011-10-27 19:00","2011","10","27","19:00"," ","","","","","","","","","","","","","","","","","","",""
"2011-10-27 19:30","2011","10","27","19:30"," ","2,30","","1,20","","92,00","","25,00","","9,00","","24,10","","99,76","","","","","","Généralement nuageux"
"2011-10-27 20:00","2011","10","27","20:00"," ","","","","","","","","","","","","","","","","","","",""
"2011-10-27 20:30","2011","10","27","20:30"," ","1,80","","0,70","","92,00","","25,00","","11,00","","24,10","","99,81","","","","","","Généralement nuageux"
"2011-10-27 21:00","2011","10","27","21:00"," ","","","","","","","","","","","","","","","","","","",""
"2011-10-27 21:30","2011","10","27","21:30"," ","2,00","","0,80","","92,00","","26,00","","9,00","","24,10","","99,89","","","","","","Généralement nuageux"
"2011-10-27 22:00","2011","10","27","22:00"," ","","","","","","","","","","","","","","","","","","",""
"2011-10-27 22:30","2011","10","27","22:30"," ","1,90","","0,50","","90,00","","26,00","","13,00","","24,10","","99,90","","","","","","Généralement nuageux"
"2011-10-27 23:00","2011","10","27","23:00"," ","","","","","","","","","","","","","","","","","","",""
"2011-10-27 23:30","2011","10","27","23:30"," ","1,80","","0,70","","92,00","","25,00","","9,00","","24,10","","99,91","","","","","","Généralement nuageux"
"2011-10-28 00:00","2011","10","28","00:00"," ","","","","","","","","","","","","","","","","","","",""
"2011-10-28 00:30","2011","10","28","00:30"," ","0,80","","0,10","","95,00","","24,00","","7,00","","24,10","","99,90","","","","","","Nuageux"
"2011-10-28 01:00","2011","10","28","01:00"," ","","","","","","","","","","","","","","","","","","",""
"2011-10-28 01:30","2011","10","28","01:30"," ","0,60","","-0,20","","94,00","","25,00","","9,00","","24,10","","99,91","","","","","","Généralement nuageux"
"2011-10-28 02:00","2011","10","28","02:00"," ","","","","","","","","","","","","","","","","","","",""
"2011-10-28 02:30","2011","10","28","02:30"," ","-0,30","","-1,00","","95,00","","0,00","","0,00","","24,10","","99,94","","","","","","Généralement nuageux"
"2011-10-28 03:00","2011","10","28","03:00"," ","","","","","","","","","","","","","","","","","","",""
"2011-10-28 03:30","2011","10","28","03:30"," ","0,10","","-0,30","","97,00","","19,00","","9,00","","24,10","","99,94","","","","","","Généralement nuageux"
"2011-10-28 04:00","2011","10","28","04:00"," ","","","","","","","","","","","","","","","","","","",""
"2011-10-28 04:30","2011","10","28","04:30"," ","-0,50","","-0,80","","98,00","","19,00","","7,00","","24,10","","99,93","","","","-3,00","","Généralement nuageux"
"2011-10-28 05:00","2011","10","28","05:00"," ","","","","","","","","","","","","","","","","","","",""
"2011-10-28 05:30","2011","10","28","05:30"," ","-0,10","","-0,80","","95,00","","0,00","","0,00","","24,10","","99,95","","","","","","Généralement nuageux"
"2011-10-28 06:00","2011","10","28","06:00"," ","","","","","","","","","","","","","","","","","","",""
"2011-10-28 06:30","2011","10","28","06:30"," ","0,40","","-0,10","","96,00","","0,00","","0,00","","24,10","","99,86","","","","","","Généralement nuageux"
"2011-10-28 07:00","2011","10","28","07:00"," ","","","","","","","","","","","","","","","","","","",""
"2011-10-28 07:30","2011","10","28","07:30"," ","0,70","","-0,10","","94,00","","22,00","","9,00","","24,10","","99,85","","","","","","Nuageux"
"2011-10-28 08:00","2011","10","28","08:00"," ","","","","","","","","","","","","","","","","","","",""
"2011-10-28 08:30","2011","10","28","08:30"," ","1,20","","0,40","","94,00","","0,00","","0,00","","24,10","","99,87","","","","","","Nuageux"
"2011-10-28 09:00","2011","10","28","09:00"," ","","","","","","","","","","","","","","","","","","",""
"2011-10-28 09:30","2011","10","28","09:30"," ","2,20","","-0,30","","84,00","","23,00","","15,00","","24,10","","99,85","","","","","","Nuageux"
"2011-10-28 10:00","2011","10","28","10:00"," ","","","","","","","","","","","","","","","","","","",""
"2011-10-28 10:30","2011","10","28","10:30"," ","2,70","","0,00","","82,00","","24,00","","9,00","","24,10","","99,85","","","","","","Nuageux"
"2011-10-28 11:00","2011","10","28","11:00"," ","","","","","","","","","","","","","","","","","","",""
"2011-10-28 11:30","2011","10","28","11:30"," ","2,90","","0,90","","87,00","","25,00","","9,00","","24,10","","99,82","","","","","","Averses de pluie"
"2011-10-28 12:00","2011","10","28","12:00"," ","","","","","","","","","","","","","","","","","","",""
"2011-10-28 12:30","2011","10","28","12:30"," ","3,70","","1,40","","85,00","","22,00","","19,00","","24,10","","99,76","","","","","","Nuageux"
"2011-10-28 13:00","2011","10","28","13:00"," ","","","","","","","","","","","","","","","","","","",""
"2011-10-28 13:30","2011","10","28","13:30"," ","3,30","","1,80","","90,00","","30,00","","19,00","","19,30","","99,73","","","","","","Averses de pluie,Averses de neige"
"2011-10-28 14:00","2011","10","28","14:00"," ","","","","","","","","","","","","","","","","","","",""
"2011-10-28 14:30","2011","10","28","14:30"," ","4,30","","1,30","","81,00","","26,00","","19,00","","24,10","","99,73","","","","","","Généralement nuageux"
"2011-10-28 15:00","2011","10","28","15:00"," ","","","","","","","","","","","","","","","","","","",""
"2011-10-28 15:30","2011","10","28","15:30"," ","3,90","","1,30","","83,00","","21,00","","13,00","","24,10","","99,76","","","","","","Généralement nuageux"
"2011-10-28 16:00","2011","10","28","16:00"," ","","","","","","","","","","","","","","","","","","",""
"2011-10-28 16:30","2011","10","28","16:30"," ","3,50","","1,20","","85,00","","21,00","","9,00","","24,10","","99,77","","","","","","Généralement nuageux"
"2011-10-28 17:00","2011","10","28","17:00"," ","","","","","","","","","","","","","","","","","","",""
"2011-10-28 17:30","2011","10","28","17:30"," ","2,60","","0,70","","87,00","","24,00","","9,00","","24,10","","99,84","","","","","","Pluie"
"2011-10-28 18:00","2011","10","28","18:00"," ","","","","","","","","","","","","","","","","","","",""
"2011-10-28 18:30","2011","10","28","18:30"," ","2,20","","0,90","","91,00","","24,00","","9,00","","24,10","","99,86","","","","","","Généralement nuageux"
"2011-10-28 19:00","2011","10","28","19:00"," ","","","","","","","","","","","","","","","","","","",""
"2011-10-28 19:30","2011","10","28","19:30"," ","2,00","","0,60","","90,00","","24,00","","15,00","","24,10","","99,90","","","","","","Généralement nuageux"
"2011-10-28 20:00","2011","10","28","20:00"," ","","","","","","","","","","","","","","","","","","",""
"2011-10-28 20:30","2011","10","28","20:30"," ","1,80","","0,60","","92,00","","25,00","","19,00","","24,10","","99,93","","","","","","Généralement nuageux"
"2011-10-28 21:00","2011","10","28","21:00"," ","","","","","","","","","","","","","","","","","","",""
"2011-10-28 21:30","2011","10","28","21:30"," ","1,90","","0,70","","92,00","","24,00","","15,00","","24,10","","99,99","","","","","","Généralement nuageux"
"2011-10-28 22:00","2011","10","28","22:00"," ","","","","","","","","","","","","","","","","","","",""
"2011-10-28 22:30","2011","10","28","22:30"," ","1,60","","0,80","","94,00","","24,00","","15,00","","24,10","","100,01","","","","","","Averses de pluie"
"2011-10-28 23:00","2011","10","28","23:00"," ","","","","","","","","","","","","","","","","","","",""
"2011-10-28 23:30","2011","10","28","23:30"," ","1,60","","0,60","","93,00","","24,00","","19,00","","24,10","","100,02","","","","","","Averses de pluie"
"2011-10-29 00:00","2011","10","29","00:00"," ","","","","","","","","","","","","","","","","","","",""
"2011-10-29 00:30","2011","10","29","00:30"," ","1,50","","0,40","","92,00","","24,00","","19,00","","24,10","","100,06","","","","","","Nuageux"
"2011-10-29 01:00","2011","10","29","01:00"," ","","","","","","","","","","","","","","","","","","",""
"2011-10-29 01:30","2011","10","29","01:30"," ","1,60","","0,50","","92,00","","24,00","","15,00","","24,10","","100,10","","","","","","Nuageux"
"2011-10-29 02:00","2011","10","29","02:00"," ","","","","","","","","","","","","","","","","","","",""
"2011-10-29 02:30","2011","10","29","02:30"," ","2,10","","0,90","","92,00","","23,00","","20,00","","24,10","","100,17","","","","","","Nuageux"
"2011-10-29 03:00","2011","10","29","03:00"," ","","","","","","","","","","","","","","","","","","",""
"2011-10-29 03:30","2011","10","29","03:30"," ","2,50","","1,10","","90,00","","23,00","","15,00","","24,10","","100,28","","","","","","Averses de pluie"
"2011-10-29 04:00","2011","10","29","04:00"," ","","","","","","","","","","","","","","","","","","",""
"2011-10-29 04:30","2011","10","29","04:30"," ","2,60","","1,20","","90,00","","23,00","","19,00","","24,10","","100,37","","","","","","Averses de pluie"
"2011-10-29 05:00","2011","10","29","05:00"," ","","","","","","","","","","","","","","","","","","",""
"2011-10-29 05:30","2011","10","29","05:30"," ","2,20","","1,00","","92,00","","23,00","","15,00","","24,10","","100,49","","","","","","Averses de pluie"
"2011-10-29 06:00","2011","10","29","06:00"," ","","","","","","","","","","","","","","","","","","",""
"2011-10-29 06:30","2011","10","29","06:30"," ","3,00","","1,20","","88,00","","23,00","","19,00","","24,10","","100,60","","","","","","Averses de pluie"
"2011-10-29 07:00","2011","10","29","07:00"," ","","","","","","","","","","","","","","","","","","",""
"2011-10-29 07:30","2011","10","29","07:30"," ","3,00","","1,40","","89,00","","24,00","","15,00","","19,30","","100,75","","","","","","Averses de pluie"
"2011-10-29 08:00","2011","10","29","08:00"," ","","","","","","","","","","","","","","","","","","",""
"2011-10-29 08:30","2011","10","29","08:30"," ","2,90","","1,80","","92,00","","23,00","","13,00","","19,30","","100,89","","","","","","Averses de pluie"
"2011-10-29 09:00","2011","10","29","09:00"," ","","","","","","","","","","","","","","","","","","",""
"2011-10-29 09:30","2011","10","29","09:30"," ","4,20","","2,60","","89,00","","29,00","","9,00","","24,10","","100,98","","","","","","Généralement nuageux"
"2011-10-29 10:00","2011","10","29","10:00"," ","","","","","","","","","","","","","","","","","","",""
"2011-10-29 10:30","2011","10","29","10:30"," ","5,50","","2,30","","80,00","","25,00","","15,00","","24,10","","101,07","","","","","","Généralement nuageux"
"2011-10-29 11:00","2011","10","29","11:00"," ","","","","","","","","","","","","","","","","","","",""
"2011-10-29 11:30","2011","10","29","11:30"," ","5,40","","1,20","","74,00","","27,00","","9,00","","24,10","","101,15","","","","","","Généralement nuageux"
"2011-10-29 12:00","2011","10","29","12:00"," ","","","","","","","","","","","","","","","","","","",""
"2011-10-29 12:30","2011","10","29","12:30"," ","6,20","","0,10","","65,00","","27,00","","22,00","","24,10","","101,22","","","","","","Généralement nuageux"
"2011-10-29 13:00","2011","10","29","13:00"," ","","","","","","","","","","","","","","","","","","",""
"2011-10-29 13:30","2011","10","29","13:30"," ","6,60","","-0,50","","60,00","","27,00","","19,00","","24,10","","101,27","","","","","","Généralement nuageux"
"2011-10-29 14:00","2011","10","29","14:00"," ","","","","","","","","","","","","","","","","","","",""
"2011-10-29 14:30","2011","10","29","14:30"," ","5,70","","-0,50","","64,00","","30,00","","19,00","","24,10","","101,38","","","","","","Généralement nuageux"
"2011-10-29 15:00","2011","10","29","15:00"," ","","","","","","","","","","","","","","","","","","",""
"2011-10-29 15:30","2011","10","29","15:30"," ","5,30","","-1,50","","61,00","","30,00","","19,00","","24,10","","101,49","","","","","","Généralement dégagé"
"2011-10-29 16:00","2011","10","29","16:00"," ","","","","","","","","","","","","","","","","","","",""
"2011-10-29 16:30","2011","10","29","16:30"," ","4,20","","-1,30","","67,00","","26,00","","9,00","","24,10","","101,56","","","","","","Généralement dégagé"
"2011-10-29 17:00","2011","10","29","17:00"," ","","","","","","","","","","","","","","","","","","",""
"2011-10-29 17:30","2011","10","29","17:30"," ","2,50","","-1,00","","78,00","","26,00","","6,00","","24,10","","101,62","","","","","","Généralement dégagé"
"2011-10-29 18:00","2011","10","29","18:00"," ","","","","","","","","","","","","","","","","","","",""
"2011-10-29 18:30","2011","10","29","18:30"," ","1,20","","-1,10","","85,00","","25,00","","9,00","","24,10","","101,77","","","","","","Généralement dégagé"
"2011-10-29 19:00","2011","10","29","19:00"," ","","","","","","","","","","","","","","","","","","",""
"2011-10-29 19:30","2011","10","29","19:30"," ","1,00","","-0,70","","88,00","","28,00","","7,00","","24,10","","101,79","","","","","","Généralement dégagé"
"2011-10-29 20:00","2011","10","29","20:00"," ","","","","","","","","","","","","","","","","","","",""
"2011-10-29 20:30","2011","10","29","20:30"," ","-0,90","","-1,70","","94,00","","0,00","","0,00","","24,10","","101,77","","","","","","Généralement dégagé"
"2011-10-29 21:00","2011","10","29","21:00"," ","","","","","","","","","","","","","","","","","","",""
"2011-10-29 21:30","2011","10","29","21:30"," ","-0,50","","-1,30","","94,00","","24,00","","6,00","","24,10","","101,90","","","","-3,00","","Généralement dégagé"
"2011-10-29 22:00","2011","10","29","22:00"," ","","","","","","","","","","","","","","","","","","",""
"2011-10-29 22:30","2011","10","29","22:30"," ","-1,00","","-1,50","","96,00","","0,00","","0,00","","24,10","","101,85","","","","","","Généralement dégagé"
"2011-10-29 23:00","2011","10","29","23:00"," ","","","","","","","","","","","","","","","","","","",""
"2011-10-29 23:30","2011","10","29","23:30"," ","-0,90","","-1,50","","96,00","","22,00","","11,00","","24,10","","101,90","","","","-5,00","","Généralement nuageux"
"2011-10-30 00:00","2011","10","30","00:00"," ","","","","","","","","","","","","","","","","","","",""
"2011-10-30 00:30","2011","10","30","00:30"," ","-0,20","","-0,90","","95,00","","0,00","","0,00","","24,10","","101,92","","","","","","Généralement nuageux"
"2011-10-30 01:00","2011","10","30","01:00"," ","","","","","","","","","","","","","","","","","","",""
"2011-10-30 01:30","2011","10","30","01:30"," ","-1,70","","-2,10","","97,00","","0,00","","0,00","","24,10","","101,91","","","","","","Généralement dégagé"
"2011-10-30 02:00","2011","10","30","02:00"," ","","","","","","","","","","","","","","","","","","",""
"2011-10-30 02:30","2011","10","30","02:30"," ","-3,60","","-4,10","","96,00","","0,00","","0,00","","24,10","","101,88","","","","","","Généralement dégagé"
"2011-10-30 03:00","2011","10","30","03:00"," ","","","","","","","","","","","","","","","","","","",""
"2011-10-30 03:30","2011","10","30","03:30"," ","-3,60","","-3,60","","100,00","","7,00","","9,00","","9,70","","101,80","","","","-7,00","","Brouillard"
"2011-10-30 04:00","2011","10","30","04:00"," ","","","","","","","","","","","","","","","","","","",""
"2011-10-30 04:30","2011","10","30","04:30"," ","-3,20","","-3,30","","99,00","","0,00","","0,00","","24,10","","101,69","","","","","","Généralement nuageux"
"2011-10-30 05:00","2011","10","30","05:00"," ","","","","","","","","","","","","","","","","","","",""
"2011-10-30 05:30","2011","10","30","05:30"," ","-2,20","","-2,40","","99,00","","0,00","","0,00","","19,30","","101,66","","","","","","Généralement nuageux"
"2011-10-30 06:00","2011","10","30","06:00"," ","","","","","","","","","","","","","","","","","","",""
"2011-10-30 06:30","2011","10","30","06:30"," ","-2,70","","-2,70","","100,00","","0,00","","0,00","","24,10","","101,63","","","","","","Généralement nuageux"
"2011-10-30 07:00","2011","10","30","07:00"," ","","","","","","","","","","","","","","","","","","",""
"2011-10-30 07:30","2011","10","30","07:30"," ","-2,60","","-2,80","","99,00","","0,00","","0,00","","24,10","","101,64","","","","","","Généralement nuageux"
"2011-10-30 08:00","2011","10","30","08:00"," ","","","","","","","","","","","","","","","","","","",""
"2011-10-30 08:30","2011","10","30","08:30"," ","-1,80","","-2,10","","98,00","","6,00","","9,00","","24,10","","101,58","","","","-5,00","","Généralement nuageux"
"2011-10-30 09:00","2011","10","30","09:00"," ","","","","","","","","","","","","","","","","","","",""
"2011-10-30 09:30","2011","10","30","09:30"," ","-1,00","","-1,30","","98,00","","7,00","","7,00","","24,10","","101,53","","","","-4,00","","Généralement nuageux"
"2011-10-30 10:00","2011","10","30","10:00"," ","","","","","","","","","","","","","","","","","","",""
"2011-10-30 10:30","2011","10","30","10:30"," ","0,30","","-0,50","","94,00","","5,00","","13,00","","24,10","","101,43","","","","","","Nuageux"
"2011-10-30 11:00","2011","10","30","11:00"," ","","","","","","","","","","","","","","","","","","",""
"2011-10-30 11:30","2011","10","30","11:30"," ","2,10","","0,50","","89,00","","4,00","","15,00","","24,10","","101,24","","","","","","Généralement nuageux"
"2011-10-30 12:00","2011","10","30","12:00"," ","","","","","","","","","","","","","","","","","","",""
"2011-10-30 12:30","2011","10","30","12:30"," ","3,10","","-0,40","","78,00","","7,00","","19,00","","24,10","","101,09","","","","","","Nuageux"
"2011-10-30 13:00","2011","10","30","13:00"," ","","","","","","","","","","","","","","","","","","",""
"2011-10-30 13:30","2011","10","30","13:30"," ","3,00","","-1,70","","71,00","","7,00","","19,00","","24,10","","101,01","","","","","","Nuageux"
"2011-10-30 14:00","2011","10","30","14:00"," ","","","","","","","","","","","","","","","","","","",""
"2011-10-30 14:30","2011","10","30","14:30"," ","2,20","","-0,50","","82,00","","5,00","","28,00","","12,90","","100,80","","","","","","Neige"
"2011-10-30 15:00","2011","10","30","15:00"," ","","","","","","","","","","","","","","","","","","",""
"2011-10-30 15:30","2011","10","30","15:30"," ","2,00","","0,00","","87,00","","7,00","","19,00","","19,30","","100,62","","","","","","Nuageux"
"2011-10-30 16:00","2011","10","30","16:00"," ","","","","","","","","","","","","","","","","","","",""
"2011-10-30 16:30","2011","10","30","16:30"," ","1,80","","-0,40","","85,00","","7,00","","28,00","","9,70","","100,40","","","","","","Neige"
"2011-10-30 17:00","2011","10","30","17:00"," ","","","","","","","","","","","","","","","","","","",""
"2011-10-30 17:30","2011","10","30","17:30"," ","0,90","","-0,40","","91,00","","5,00","","28,00","","4,00","","100,29","","","","","","Averses de neige"
"2011-10-30 18:00","2011","10","30","18:00"," ","","","","","","","","","","","","","","","","","","",""
"2011-10-30 18:30","2011","10","30","18:30"," ","0,10","","-0,30","","97,00","","5,00","","28,00","","1,20","","100,22","","","","","","Averses de neige"
"2011-10-30 19:00","2011","10","30","19:00"," ","","","","","","","","","","","","","","","","","","",""
"2011-10-30 19:30","2011","10","30","19:30"," ","0,00","","-0,50","","96,00","","5,00","","37,00","","1,20","","100,03","","","","-7,00","","Neige"
"2011-10-30 20:00","2011","10","30","20:00"," ","","","","","","","","","","","","","","","","","","",""
"2011-10-30 20:30","2011","10","30","20:30"," ","-0,50","","-0,70","","99,00","","4,00","","46,00","","1,20","","99,85","","","","-9,00","","Neige"
"2011-10-30 21:00","2011","10","30","21:00"," ","","","","","","","","","","","","","","","","","","",""
"2011-10-30 21:30","2011","10","30","21:30"," ","-0,40","","-0,80","","97,00","","5,00","","46,00","","1,20","","99,79","","","","-8,00","","Neige"
"2011-10-30 22:00","2011","10","30","22:00"," ","","","","","","","","","","","","","","","","","","",""
"2011-10-30 22:30","2011","10","30","22:30"," ","-0,30","","-0,60","","98,00","","4,00","","37,00","","2,40","","99,69","","","","-8,00","","Neige"
"2011-10-30 23:00","2011","10","30","23:00"," ","","","","","","","","","","","","","","","","","","",""
"2011-10-30 23:30","2011","10","30","23:30"," ","-0,20","","-0,50","","98,00","","4,00","","28,00","","2,40","","99,63","","","","-7,00","","Neige"
"2011-10-31 00:00","2011","10","31","00:00"," ","","","","","","","","","","","","","","","","","","",""
"2011-10-31 00:30","2011","10","31","00:30"," ","0,10","","-0,10","","99,00","","4,00","","28,00","","1,60","","99,59","","","","","","Neige"
"2011-10-31 01:00","2011","10","31","01:00"," ","","","","","","","","","","","","","","","","","","",""
"2011-10-31 01:30","2011","10","31","01:30"," ","0,10","","0,10","","100,00","","4,00","","37,00","","1,60","","99,59","","","","","","Neige"
"2011-10-31 02:00","2011","10","31","02:00"," ","","","","","","","","","","","","","","","","","","",""
"2011-10-31 02:30","2011","10","31","02:30"," ","0,30","","0,30","","100,00","","4,00","","37,00","","1,60","","99,62","","","","","","Neige"
"2011-10-31 03:00","2011","10","31","03:00"," ","","","","","","","","","","","","","","","","","","",""
"2011-10-31 03:30","2011","10","31","03:30"," ","0,40","","0,40","","100,00","","3,00","","22,00","","4,80","","99,69","","","","","","Neige"
"2011-10-31 04:00","2011","10","31","04:00"," ","","","","","","","","","","","","","","","","","","",""
"2011-10-31 04:30","2011","10","31","04:30"," ","0,50","","0,50","","100,00","","2,00","","19,00","","16,10","","99,86","","","","","","Neige"
"2011-10-31 05:00","2011","10","31","05:00"," ","","","","","","","","","","","","","","","","","","",""
"2011-10-31 05:30","2011","10","31","05:30"," ","0,60","","0,60","","100,00","","35,00","","15,00","","24,10","","99,92","","","","","","Neige"
"2011-10-31 06:00","2011","10","31","06:00"," ","","","","","","","","","","","","","","","","","","",""
"2011-10-31 06:30","2011","10","31","06:30"," ","0,80","","0,80","","100,00","","35,00","","9,00","","16,10","","100,06","","","","","","Neige"
"2011-10-31 07:00","2011","10","31","07:00"," ","","","","","","","","","","","","","","","","","","",""
"2011-10-31 07:30","2011","10","31","07:30"," ","0,90","","0,90","","100,00","","33,00","","19,00","","19,30","","100,20","","","","","","Neige"
"2011-10-31 08:00","2011","10","31","08:00"," ","","","","","","","","","","","","","","","","","","",""
"2011-10-31 08:30","2011","10","31","08:30"," ","1,30","","1,00","","98,00","","34,00","","19,00","","24,10","","100,35","","","","","","Nuageux"
"2011-10-31 09:00","2011","10","31","09:00"," ","","","","","","","","","","","","","","","","","","",""
"2011-10-31 09:30","2011","10","31","09:30"," ","1,80","","1,00","","94,00","","35,00","","19,00","","24,10","","100,45","","","","","","Généralement nuageux"
"2011-10-31 10:00","2011","10","31","10:00"," ","","","","","","","","","","","","","","","","","","",""
"2011-10-31 10:30","2011","10","31","10:30"," ","2,70","","2,00","","95,00","","35,00","","19,00","","24,10","","100,60","","","","","","Généralement nuageux"
"2011-10-31 11:00","2011","10","31","11:00"," ","","","","","","","","","","","","","","","","","","",""
"2011-10-31 11:30","2011","10","31","11:30"," ","3,10","","2,40","","95,00","","28,00","","9,00","","24,10","","100,71","","","","","","Généralement nuageux"
"2011-10-31 12:00","2011","10","31","12:00"," ","","","","","","","","","","","","","","","","","","",""
"2011-10-31 12:30","2011","10","31","12:30"," ","3,80","","-0,60","","73,00","","33,00","","13,00","","24,10","","100,78","","","","","","Généralement nuageux"
"2011-10-31 13:00","2011","10","31","13:00"," ","","","","","","","","","","","","","","","","","","",""
"2011-10-31 13:30","2011","10","31","13:30"," ","3,90","","-1,00","","70,00","","30,00","","9,00","","24,10","","100,88","","","","","","Généralement nuageux"
"2011-10-31 14:00","2011","10","31","14:00"," ","","","","","","","","","","","","","","","","","","",""
"2011-10-31 14:30","2011","10","31","14:30"," ","3,30","","-0,20","","78,00","","31,00","","28,00","","24,10","","101,00","","","","","","Généralement nuageux"
"2011-10-31 15:00","2011","10","31","15:00"," ","","","","","","","","","","","","","","","","","","",""
"2011-10-31 15:30","2011","10","31","15:30"," ","2,60","","-0,40","","81,00","","34,00","","28,00","","24,10","","101,20","","","","","","Généralement nuageux"
"2011-10-31 16:00","2011","10","31","16:00"," ","","","","","","","","","","","","","","","","","","",""
"2011-10-31 16:30","2011","10","31","16:30"," ","2,10","","-0,70","","82,00","","32,00","","11,00","","24,10","","101,31","","","","","","Généralement nuageux"
"2011-10-31 17:00","2011","10","31","17:00"," ","","","","","","","","","","","","","","","","","","",""
"2011-10-31 17:30","2011","10","31","17:30"," ","1,50","","-1,50","","80,00","","30,00","","19,00","","24,10","","101,43","","","","","","Généralement dégagé"
"2011-10-31 18:00","2011","10","31","18:00"," ","","","","","","","","","","","","","","","","","","",""
"2011-10-31 18:30","2011","10","31","18:30"," ","1,40","","-2,10","","77,00","","30,00","","19,00","","24,10","","101,53","","","","","","Généralement dégagé"
"2011-10-31 19:00","2011","10","31","19:00"," ","","","","","","","","","","","","","","","","","","",""
"2011-10-31 19:30","2011","10","31","19:30"," ","0,40","","-2,40","","81,00","","19,00","","9,00","","24,10","","101,65","","","","","","Généralement dégagé"
"2011-10-31 20:00","2011","10","31","20:00"," ","","","","","","","","","","","","","","","","","","",""
"2011-10-31 20:30","2011","10","31","20:30"," ","1,10","","-2,00","","80,00","","23,00","","9,00","","24,10","","101,74","","","","","","Généralement dégagé"
"2011-10-31 21:00","2011","10","31","21:00"," ","","","","","","","","","","","","","","","","","","",""
"2011-10-31 21:30","2011","10","31","21:30"," ","-0,50","","-2,20","","88,00","","0,00","","0,00","","24,10","","101,85","","","","","","Généralement dégagé"
"2011-10-31 22:00","2011","10","31","22:00"," ","","","","","","","","","","","","","","","","","","",""
"2011-10-31 22:30","2011","10","31","22:30"," ","0,80","","-1,80","","83,00","","26,00","","9,00","","24,10","","101,92","","","","","","Nuageux"
"2011-10-31 23:00","2011","10","31","23:00"," ","","","","","","","","","","","","","","","","","","",""
"2011-10-31 23:30","2011","10","31","23:30"," ","0,80","","-1,60","","84,00","","0,00","","0,00","","24,10","","101,98","","","","","","Généralement nuageux"
