"Nom de la Station","HALIFAX STANFIELD INT'L A"
"Province","NOVA SCOTIA"
"Latitude","44,88"
"Longitude","-63,50"
"Altitude","145,40"
"Identification Climat","8202250"
"Identification OMM","71395"
"Identification TC","YHZ"
"Toutes les heures sont exprimées en heure normale locale (HNL). Pour convertir l'heure locale en heure avancée de l'Est (HAE), ajoutez 1 heure s'il y a lieu."

"Légende"
"M","Données Manquantes"
"E","Valeur Estimée"
"ND","Non Disponible"
"**","Données fournies par un partenaire, non assujetties à un révision par les Archives climatiques nationales du Canada"

"Date/Heure","Année","Mois","Jour","Heure","Qualité des Données","Temp (°C)","Temp Indicateur","Point de rosée (°C)","Point de rosée Indicateur","Hum. rel (%)","Hum. rel. Indicateur","Dir. du vent (10s deg)","Dir. du vent Indicateur","Vit. du vent (km/h)","Vit. du vent Indicateur","Visibilité (km)","Visibilité Indicateur","Pression à la station (kPa)","Pression à la station Indicateur","Hmdx","Hmdx Indicateur","Refroid. éolien","Refroid. éolien Indicateur","Temps"
"1969-10-01 00:00","1969","10","01","00:00"," ","7,20","","6,10","","91,00","","18,00","","11,00","","32,20","","100,00","","","","","","Généralement nuageux"
"1969-10-01 01:00","1969","10","01","01:00"," ","8,90","","7,20","","88,00","","20,00","","16,00","","32,20","","99,94","","","","","","Généralement nuageux"
"1969-10-01 02:00","1969","10","01","02:00"," ","8,90","","7,80","","94,00","","20,00","","16,00","","32,20","","99,92","","","","","","Généralement nuageux"
"1969-10-01 03:00","1969","10","01","03:00"," ","9,40","","8,30","","94,00","","18,00","","13,00","","32,20","","99,84","","","","","","Généralement nuageux"
"1969-10-01 04:00","1969","10","01","04:00"," ","10,00","","8,30","","90,00","","20,00","","16,00","","32,20","","99,75","","","","","","Généralement nuageux"
"1969-10-01 05:00","1969","10","01","05:00"," ","11,10","","9,40","","90,00","","20,00","","18,00","","32,20","","99,73","","","","","","Généralement nuageux"
"1969-10-01 06:00","1969","10","01","06:00"," ","11,70","","9,40","","87,00","","20,00","","21,00","","32,20","","99,69","","","","","","Nuageux"
"1969-10-01 07:00","1969","10","01","07:00"," ","12,20","","10,00","","85,00","","20,00","","24,00","","32,20","","99,71","","","","","","Nuageux"
"1969-10-01 08:00","1969","10","01","08:00"," ","12,80","","9,40","","81,00","","23,00","","24,00","","24,10","","99,74","","","","","","Nuageux"
"1969-10-01 09:00","1969","10","01","09:00"," ","13,30","","10,00","","81,00","","23,00","","23,00","","24,10","","99,71","","","","","","Nuageux"
"1969-10-01 10:00","1969","10","01","10:00"," ","13,30","","10,00","","79,00","","23,00","","21,00","","24,10","","99,69","","","","","","Nuageux"
"1969-10-01 11:00","1969","10","01","11:00"," ","15,60","","11,10","","76,00","","23,00","","23,00","","24,10","","99,65","","","","","","Généralement nuageux"
"1969-10-01 12:00","1969","10","01","12:00"," ","16,70","","8,90","","60,00","","27,00","","26,00","","24,10","","99,65","","","","","","Généralement nuageux"
"1969-10-01 13:00","1969","10","01","13:00"," ","17,20","","8,30","","55,00","","25,00","","24,00","","24,10","","99,61","","","","","","Généralement nuageux"
"1969-10-01 14:00","1969","10","01","14:00"," ","17,20","","6,70","","50,00","","29,00","","24,00","","32,20","","99,62","","","","","","Généralement nuageux"
"1969-10-01 15:00","1969","10","01","15:00"," ","17,80","","6,10","","47,00","","29,00","","24,00","","32,20","","99,67","","","","","","Généralement nuageux"
"1969-10-01 16:00","1969","10","01","16:00"," ","16,10","","6,10","","52,00","","29,00","","19,00","","32,20","","99,70","","","","","","Généralement dégagé"
"1969-10-01 17:00","1969","10","01","17:00"," ","16,10","","5,60","","50,00","","29,00","","16,00","","32,20","","99,79","","","","","","Généralement dégagé"
"1969-10-01 18:00","1969","10","01","18:00"," ","13,90","","6,70","","62,00","","27,00","","8,00","","32,20","","99,87","","","","","","Généralement dégagé"
"1969-10-01 19:00","1969","10","01","19:00"," ","12,80","","7,20","","69,00","","25,00","","6,00","","32,20","","99,95","","","","","","Généralement dégagé"
"1969-10-01 20:00","1969","10","01","20:00"," ","12,20","","7,20","","72,00","","25,00","","8,00","","32,20","","100,01","","","","","","Généralement dégagé"
"1969-10-01 21:00","1969","10","01","21:00"," ","10,60","","7,20","","79,00","","29,00","","6,00","","32,20","","100,08","","","","","","Généralement dégagé"
"1969-10-01 22:00","1969","10","01","22:00"," ","10,00","","7,20","","84,00","","0,00","","0,00","","32,20","","100,16","","","","","","Généralement dégagé"
"1969-10-01 23:00","1969","10","01","23:00"," ","9,40","","6,70","","84,00","","34,00","","10,00","","32,20","","100,16","","","","","","Dégagé"
"1969-10-02 00:00","1969","10","02","00:00"," ","8,90","","7,20","","90,00","","34,00","","11,00","","32,20","","100,18","","","","","","Dégagé"
"1969-10-02 01:00","1969","10","02","01:00"," ","7,80","","6,70","","91,00","","32,00","","6,00","","32,20","","100,20","","","","","","Dégagé"
"1969-10-02 02:00","1969","10","02","02:00"," ","7,20","","6,10","","93,00","","27,00","","5,00","","32,20","","100,23","","","","","","Dégagé"
"1969-10-02 03:00","1969","10","02","03:00"," ","7,20","","6,70","","96,00","","27,00","","6,00","","32,20","","100,21","","","","","","Dégagé"
"1969-10-02 04:00","1969","10","02","04:00"," ","7,20","","6,10","","91,00","","25,00","","6,00","","32,20","","100,26","","","","","","Dégagé"
"1969-10-02 05:00","1969","10","02","05:00"," ","7,20","","5,60","","89,00","","27,00","","10,00","","32,20","","100,31","","","","","","Dégagé"
"1969-10-02 06:00","1969","10","02","06:00"," ","7,20","","3,90","","81,00","","27,00","","10,00","","32,20","","100,32","","","","","","Généralement dégagé"
"1969-10-02 07:00","1969","10","02","07:00"," ","7,20","","3,30","","76,00","","25,00","","6,00","","32,20","","100,40","","","","","","Généralement dégagé"
"1969-10-02 08:00","1969","10","02","08:00"," ","8,30","","4,40","","75,00","","27,00","","8,00","","32,20","","100,39","","","","","","Généralement dégagé"
"1969-10-02 09:00","1969","10","02","09:00"," ","10,60","","4,40","","65,00","","32,00","","11,00","","32,20","","100,48","","","","","","Généralement dégagé"
"1969-10-02 10:00","1969","10","02","10:00"," ","12,80","","3,30","","53,00","","32,00","","13,00","","32,20","","100,45","","","","","","Généralement nuageux"
"1969-10-02 11:00","1969","10","02","11:00"," ","13,30","","2,80","","49,00","","34,00","","19,00","","32,20","","100,41","","","","","","Nuageux"
"1969-10-02 12:00","1969","10","02","12:00"," ","14,40","","3,30","","48,00","","32,00","","8,00","","32,20","","100,40","","","","","","Nuageux"
"1969-10-02 13:00","1969","10","02","13:00"," ","14,40","","3,90","","49,00","","34,00","","16,00","","32,20","","100,32","","","","","","Nuageux"
"1969-10-02 14:00","1969","10","02","14:00"," ","15,00","","4,40","","49,00","","32,00","","19,00","","32,20","","100,29","","","","","","Généralement nuageux"
"1969-10-02 15:00","1969","10","02","15:00"," ","15,00","","4,40","","50,00","","34,00","","8,00","","32,20","","100,30","","","","","","Généralement nuageux"
"1969-10-02 16:00","1969","10","02","16:00"," ","15,00","","4,40","","49,00","","34,00","","8,00","","32,20","","100,33","","","","","","Généralement nuageux"
"1969-10-02 17:00","1969","10","02","17:00"," ","13,90","","4,40","","53,00","","34,00","","8,00","","32,20","","100,35","","","","","","Généralement nuageux"
"1969-10-02 18:00","1969","10","02","18:00"," ","13,30","","4,40","","55,00","","36,00","","5,00","","32,20","","100,32","","","","","","Nuageux"
"1969-10-02 19:00","1969","10","02","19:00"," ","12,20","","4,40","","60,00","","0,00","","0,00","","32,20","","100,36","","","","","","Nuageux"
"1969-10-02 20:00","1969","10","02","20:00"," ","12,20","","6,70","","70,00","","0,00","","0,00","","32,20","","100,39","","","","","","Nuageux"
"1969-10-02 21:00","1969","10","02","21:00"," ","11,70","","6,10","","68,00","","9,00","","5,00","","32,20","","100,46","","","","","","Nuageux"
"1969-10-02 22:00","1969","10","02","22:00"," ","10,00","","5,60","","73,00","","14,00","","6,00","","32,20","","100,50","","","","","","Averses de pluie"
"1969-10-02 23:00","1969","10","02","23:00"," ","10,00","","6,10","","77,00","","16,00","","10,00","","32,20","","100,45","","","","","","Averses de pluie"
"1969-10-03 00:00","1969","10","03","00:00"," ","10,00","","6,10","","77,00","","14,00","","13,00","","24,10","","100,41","","","","","","Averses de pluie"
"1969-10-03 01:00","1969","10","03","01:00"," ","8,30","","7,20","","94,00","","14,00","","10,00","","24,10","","100,42","","","","","","Pluie"
"1969-10-03 02:00","1969","10","03","02:00"," ","8,30","","7,20","","94,00","","14,00","","11,00","","24,10","","100,27","","","","","","Pluie"
"1969-10-03 03:00","1969","10","03","03:00"," ","8,30","","7,20","","94,00","","14,00","","18,00","","19,30","","100,24","","","","","","Pluie"
"1969-10-03 04:00","1969","10","03","04:00"," ","8,90","","8,30","","98,00","","14,00","","8,00","","19,30","","100,22","","","","","","Pluie"
"1969-10-03 05:00","1969","10","03","05:00"," ","9,40","","8,90","","98,00","","11,00","","13,00","","19,30","","100,24","","","","","","Pluie"
"1969-10-03 06:00","1969","10","03","06:00"," ","9,40","","8,90","","98,00","","11,00","","6,00","","12,90","","100,23","","","","","","Pluie"
"1969-10-03 07:00","1969","10","03","07:00"," ","10,00","","9,40","","98,00","","9,00","","10,00","","16,10","","100,19","","","","","","Pluie"
"1969-10-03 08:00","1969","10","03","08:00"," ","10,00","","9,40","","96,00","","14,00","","10,00","","12,90","","100,14","","","","","","Pluie"
"1969-10-03 09:00","1969","10","03","09:00"," ","11,10","","10,00","","92,00","","16,00","","5,00","","16,10","","100,10","","","","","","Nuageux"
"1969-10-03 10:00","1969","10","03","10:00"," ","12,20","","11,10","","93,00","","16,00","","10,00","","24,10","","100,06","","","","","","Nuageux"
"1969-10-03 11:00","1969","10","03","11:00"," ","13,90","","12,20","","90,00","","16,00","","16,00","","24,10","","99,94","","","","","","Généralement nuageux"
"1969-10-03 12:00","1969","10","03","12:00"," ","14,40","","12,20","","86,00","","18,00","","26,00","","24,10","","99,86","","","","","","Nuageux"
"1969-10-03 13:00","1969","10","03","13:00"," ","16,10","","13,30","","83,00","","18,00","","24,00","","32,20","","99,73","","","","","","Nuageux"
"1969-10-03 14:00","1969","10","03","14:00"," ","17,20","","12,80","","75,00","","18,00","","24,00","","32,20","","99,62","","","","","","Généralement nuageux"
"1969-10-03 15:00","1969","10","03","15:00"," ","16,70","","12,20","","75,00","","20,00","","24,00","","32,20","","99,55","","","","","","Nuageux"
"1969-10-03 16:00","1969","10","03","16:00"," ","16,10","","12,80","","81,00","","20,00","","23,00","","32,20","","99,48","","","","","","Nuageux"
"1969-10-03 17:00","1969","10","03","17:00"," ","15,60","","11,10","","76,00","","20,00","","16,00","","32,20","","99,40","","","","","","Généralement nuageux"
"1969-10-03 18:00","1969","10","03","18:00"," ","15,00","","11,10","","77,00","","18,00","","13,00","","32,20","","99,32","","","","","","Généralement nuageux"
"1969-10-03 19:00","1969","10","03","19:00"," ","14,40","","11,10","","81,00","","18,00","","14,00","","32,20","","99,24","","","","","","Nuageux"
"1969-10-03 20:00","1969","10","03","20:00"," ","14,40","","11,70","","85,00","","16,00","","13,00","","24,10","","99,13","","","","","","Pluie"
"1969-10-03 21:00","1969","10","03","21:00"," ","13,30","","12,80","","96,00","","14,00","","13,00","","3,20","","98,98","","","","","","Pluie,Brouillard"
"1969-10-03 22:00","1969","10","03","22:00"," ","13,30","","13,30","","100,00","","16,00","","10,00","","1,60","","98,84","","","","","","Pluie modérée,Brouillard"
"1969-10-03 23:00","1969","10","03","23:00"," ","13,90","","13,90","","98,00","","16,00","","10,00","","1,60","","98,65","","","","","","Pluie modérée,Brouillard"
"1969-10-04 00:00","1969","10","04","00:00"," ","15,00","","15,00","","98,00","","34,00","","8,00","","0,40","","98,57","","","","","","Pluie,Brouillard"
"1969-10-04 01:00","1969","10","04","01:00"," ","13,30","","13,30","","98,00","","36,00","","19,00","","2,40","","98,54","","","","","","Pluie,Brouillard"
"1969-10-04 02:00","1969","10","04","02:00"," ","13,30","","13,30","","98,00","","36,00","","18,00","","0,40","","98,46","","","","","","Pluie,Brouillard"
"1969-10-04 03:00","1969","10","04","03:00"," ","12,80","","12,80","","100,00","","36,00","","24,00","","1,60","","98,45","","","","","","Pluie,Brouillard"
"1969-10-04 04:00","1969","10","04","04:00"," ","12,80","","12,20","","98,00","","36,00","","24,00","","1,60","","98,41","","","","","","Pluie"
"1969-10-04 05:00","1969","10","04","05:00"," ","11,70","","11,10","","96,00","","34,00","","24,00","","4,80","","98,43","","","","","","Pluie,Brouillard"
"1969-10-04 06:00","1969","10","04","06:00"," ","10,00","","9,40","","96,00","","34,00","","24,00","","12,90","","98,52","","","","","","Nuageux"
"1969-10-04 07:00","1969","10","04","07:00"," ","8,30","","7,20","","94,00","","34,00","","21,00","","12,90","","98,59","","","","","","Nuageux"
"1969-10-04 08:00","1969","10","04","08:00"," ","7,80","","6,70","","94,00","","32,00","","27,00","","12,90","","98,64","","","","","","Nuageux"
"1969-10-04 09:00","1969","10","04","09:00"," ","8,90","","7,80","","94,00","","32,00","","26,00","","12,90","","98,67","","","","","","Bruine"
"1969-10-04 10:00","1969","10","04","10:00"," ","9,40","","8,30","","92,00","","34,00","","19,00","","12,90","","98,75","","","","","","Bruine"
"1969-10-04 11:00","1969","10","04","11:00"," ","10,00","","8,30","","88,00","","34,00","","19,00","","16,10","","98,80","","","","","","Bruine"
"1969-10-04 12:00","1969","10","04","12:00"," ","11,10","","9,40","","90,00","","36,00","","23,00","","12,90","","98,89","","","","","","Pluie,Bruine"
"1969-10-04 13:00","1969","10","04","13:00"," ","10,00","","9,40","","96,00","","36,00","","32,00","","6,40","","99,02","","","","","","Bruine,Brouillard"
"1969-10-04 14:00","1969","10","04","14:00"," ","9,40","","8,30","","92,00","","36,00","","39,00","","24,10","","99,23","","","","","","Nuageux"
"1969-10-04 15:00","1969","10","04","15:00"," ","8,90","","7,20","","88,00","","36,00","","35,00","","16,10","","99,44","","","","","","Bruine"
"1969-10-04 16:00","1969","10","04","16:00"," ","7,80","","6,10","","89,00","","36,00","","32,00","","9,70","","99,60","","","","","","Averses de pluie,Bruine,Brouillard"
"1969-10-04 17:00","1969","10","04","17:00"," ","7,20","","5,00","","85,00","","36,00","","37,00","","12,90","","99,76","","","","","","Nuageux"
"1969-10-04 18:00","1969","10","04","18:00"," ","6,70","","5,00","","89,00","","36,00","","35,00","","12,90","","99,93","","","","","","Nuageux"
"1969-10-04 19:00","1969","10","04","19:00"," ","6,10","","3,90","","86,00","","36,00","","27,00","","16,10","","100,07","","","","","","Nuageux"
"1969-10-04 20:00","1969","10","04","20:00"," ","5,60","","3,90","","88,00","","36,00","","34,00","","16,10","","100,18","","","","","","Nuageux"
"1969-10-04 21:00","1969","10","04","21:00"," ","4,40","","2,80","","88,00","","36,00","","27,00","","32,20","","100,27","","","","","","Généralement nuageux"
"1969-10-04 22:00","1969","10","04","22:00"," ","4,40","","2,20","","85,00","","36,00","","32,00","","32,20","","100,33","","","","","","Généralement nuageux"
"1969-10-04 23:00","1969","10","04","23:00"," ","3,90","","2,20","","90,00","","36,00","","18,00","","32,20","","100,42","","","","","","Généralement nuageux"
"1969-10-05 00:00","1969","10","05","00:00"," ","3,90","","1,10","","83,00","","36,00","","23,00","","32,20","","100,45","","","","","","Généralement dégagé"
"1969-10-05 01:00","1969","10","05","01:00"," ","2,80","","1,70","","92,00","","34,00","","14,00","","32,20","","100,55","","","","","","Généralement dégagé"
"1969-10-05 02:00","1969","10","05","02:00"," ","2,20","","1,70","","95,00","","36,00","","10,00","","32,20","","100,58","","","","","","Généralement dégagé"
"1969-10-05 03:00","1969","10","05","03:00"," ","1,70","","1,10","","97,00","","32,00","","11,00","","32,20","","100,60","","","","","","Généralement dégagé"
"1969-10-05 04:00","1969","10","05","04:00"," ","1,70","","1,10","","97,00","","34,00","","11,00","","32,20","","100,61","","","","","","Dégagé"
"1969-10-05 05:00","1969","10","05","05:00"," ","2,80","","2,20","","95,00","","29,00","","11,00","","32,20","","100,65","","","","","","Généralement nuageux"
"1969-10-05 06:00","1969","10","05","06:00"," ","2,80","","2,20","","97,00","","34,00","","16,00","","32,20","","100,72","","","","","","Averses de pluie"
"1969-10-05 07:00","1969","10","05","07:00"," ","3,30","","2,20","","92,00","","34,00","","14,00","","32,20","","100,79","","","","","","Averses de pluie"
"1969-10-05 08:00","1969","10","05","08:00"," ","3,90","","2,20","","90,00","","34,00","","14,00","","32,20","","100,80","","","","","","Averses de pluie"
"1969-10-05 09:00","1969","10","05","09:00"," ","4,40","","2,20","","85,00","","36,00","","24,00","","32,20","","100,80","","","","","","Généralement nuageux"
"1969-10-05 10:00","1969","10","05","10:00"," ","6,10","","1,70","","73,00","","36,00","","26,00","","32,20","","100,82","","","","","","Généralement nuageux"
"1969-10-05 11:00","1969","10","05","11:00"," ","6,70","","0,60","","65,00","","2,00","","26,00","","32,20","","100,74","","","","","","Généralement nuageux"
"1969-10-05 12:00","1969","10","05","12:00"," ","7,80","","-0,60","","55,00","","36,00","","24,00","","32,20","","100,72","","","","","","Généralement nuageux"
"1969-10-05 13:00","1969","10","05","13:00"," ","8,90","","2,20","","62,00","","34,00","","19,00","","32,20","","100,67","","","","","","Généralement nuageux"
"1969-10-05 14:00","1969","10","05","14:00"," ","8,30","","0,60","","58,00","","34,00","","24,00","","32,20","","100,60","","","","","","Généralement nuageux"
"1969-10-05 15:00","1969","10","05","15:00"," ","9,40","","1,10","","56,00","","29,00","","5,00","","32,20","","100,48","","","","","","Généralement nuageux"
"1969-10-05 16:00","1969","10","05","16:00"," ","10,00","","1,70","","57,00","","32,00","","11,00","","32,20","","100,49","","","","","","Généralement nuageux"
"1969-10-05 17:00","1969","10","05","17:00"," ","8,90","","1,70","","61,00","","29,00","","13,00","","32,20","","100,42","","","","","","Généralement nuageux"
"1969-10-05 18:00","1969","10","05","18:00"," ","7,20","","2,20","","70,00","","29,00","","6,00","","32,20","","100,41","","","","","","Généralement nuageux"
"1969-10-05 19:00","1969","10","05","19:00"," ","6,10","","2,20","","75,00","","0,00","","0,00","","32,20","","100,41","","","","","","Généralement dégagé"
"1969-10-05 20:00","1969","10","05","20:00"," ","6,70","","2,20","","74,00","","25,00","","10,00","","32,20","","100,29","","","","","","Généralement dégagé"
"1969-10-05 21:00","1969","10","05","21:00"," ","5,60","","2,80","","84,00","","23,00","","11,00","","32,20","","100,26","","","","","","Généralement dégagé"
"1969-10-05 22:00","1969","10","05","22:00"," ","5,60","","-0,60","","66,00","","20,00","","13,00","","32,20","","100,16","","","","","","Généralement dégagé"
"1969-10-05 23:00","1969","10","05","23:00"," ","5,60","","-0,60","","64,00","","27,00","","11,00","","32,20","","100,15","","","","","","Généralement nuageux"
"1969-10-06 00:00","1969","10","06","00:00"," ","5,60","","-0,60","","66,00","","27,00","","14,00","","32,20","","100,06","","","","","","Généralement nuageux"
"1969-10-06 01:00","1969","10","06","01:00"," ","5,60","","0,60","","70,00","","25,00","","11,00","","32,20","","99,96","","","","","","Généralement nuageux"
"1969-10-06 02:00","1969","10","06","02:00"," ","6,10","","1,10","","71,00","","27,00","","10,00","","32,20","","99,91","","","","","","Généralement nuageux"
"1969-10-06 03:00","1969","10","06","03:00"," ","7,20","","2,80","","72,00","","29,00","","14,00","","32,20","","99,89","","","","","","Généralement nuageux"
"1969-10-06 04:00","1969","10","06","04:00"," ","7,80","","4,40","","79,00","","29,00","","10,00","","32,20","","99,91","","","","","","Généralement nuageux"
"1969-10-06 05:00","1969","10","06","05:00"," ","7,80","","5,60","","85,00","","32,00","","13,00","","32,20","","99,93","","","","","","Généralement dégagé"
"1969-10-06 06:00","1969","10","06","06:00"," ","7,80","","5,60","","87,00","","34,00","","18,00","","32,20","","99,99","","","","","","Généralement nuageux"
"1969-10-06 07:00","1969","10","06","07:00"," ","8,90","","7,80","","92,00","","34,00","","21,00","","32,20","","100,07","","","","","","Généralement nuageux"
"1969-10-06 08:00","1969","10","06","08:00"," ","9,40","","6,10","","80,00","","34,00","","16,00","","32,20","","100,19","","","","","","Nuageux"
"1969-10-06 09:00","1969","10","06","09:00"," ","9,40","","6,10","","78,00","","34,00","","16,00","","32,20","","100,25","","","","","","Généralement nuageux"
"1969-10-06 10:00","1969","10","06","10:00"," ","10,60","","5,00","","68,00","","36,00","","29,00","","32,20","","100,30","","","","","","Généralement nuageux"
"1969-10-06 11:00","1969","10","06","11:00"," ","10,60","","4,40","","66,00","","36,00","","32,00","","32,20","","100,32","","","","","","Généralement nuageux"
"1969-10-06 12:00","1969","10","06","12:00"," ","11,10","","4,40","","64,00","","36,00","","26,00","","32,20","","100,37","","","","","","Généralement nuageux"
"1969-10-06 13:00","1969","10","06","13:00"," ","12,20","","4,40","","60,00","","34,00","","24,00","","32,20","","100,38","","","","","","Généralement nuageux"
"1969-10-06 14:00","1969","10","06","14:00"," ","12,20","","2,80","","53,00","","34,00","","24,00","","32,20","","100,38","","","","","","Généralement nuageux"
"1969-10-06 15:00","1969","10","06","15:00"," ","12,20","","2,80","","52,00","","34,00","","23,00","","32,20","","100,40","","","","","","Généralement nuageux"
"1969-10-06 16:00","1969","10","06","16:00"," ","11,70","","2,20","","53,00","","36,00","","11,00","","32,20","","100,47","","","","","","Généralement dégagé"
"1969-10-06 17:00","1969","10","06","17:00"," ","10,60","","2,80","","58,00","","2,00","","16,00","","32,20","","100,55","","","","","","Généralement dégagé"
"1969-10-06 18:00","1969","10","06","18:00"," ","8,30","","2,20","","66,00","","2,00","","11,00","","32,20","","100,60","","","","","","Généralement dégagé"
"1969-10-06 19:00","1969","10","06","19:00"," ","7,20","","2,80","","72,00","","5,00","","14,00","","32,20","","100,69","","","","","","Généralement dégagé"
"1969-10-06 20:00","1969","10","06","20:00"," ","5,60","","2,20","","79,00","","5,00","","13,00","","32,20","","100,70","","","","","","Généralement dégagé"
"1969-10-06 21:00","1969","10","06","21:00"," ","5,00","","2,20","","83,00","","5,00","","10,00","","32,20","","100,76","","","","","","Généralement dégagé"
"1969-10-06 22:00","1969","10","06","22:00"," ","3,90","","2,20","","88,00","","5,00","","5,00","","32,20","","100,84","","","","","","Généralement dégagé"
"1969-10-06 23:00","1969","10","06","23:00"," ","3,30","","0,60","","82,00","","5,00","","5,00","","32,20","","100,88","","","","","","Généralement dégagé"
"1969-10-07 00:00","1969","10","07","00:00"," ","2,80","","1,70","","87,00","","5,00","","5,00","","32,20","","100,88","","","","","","Généralement dégagé"
"1969-10-07 01:00","1969","10","07","01:00"," ","2,20","","0,00","","87,00","","36,00","","5,00","","32,20","","100,89","","","","","","Généralement dégagé"
"1969-10-07 02:00","1969","10","07","02:00"," ","2,20","","1,10","","92,00","","0,00","","0,00","","32,20","","100,92","","","","","","Généralement dégagé"
"1969-10-07 03:00","1969","10","07","03:00"," ","2,80","","1,10","","90,00","","0,00","","0,00","","32,20","","100,89","","","","","","Dégagé"
"1969-10-07 04:00","1969","10","07","04:00"," ","1,70","","0,60","","92,00","","34,00","","5,00","","32,20","","100,92","","","","","","Dégagé"
"1969-10-07 05:00","1969","10","07","05:00"," ","2,20","","1,10","","92,00","","0,00","","0,00","","32,20","","100,93","","","","","","Dégagé"
"1969-10-07 06:00","1969","10","07","06:00"," ","2,20","","0,60","","89,00","","0,00","","0,00","","32,20","","100,98","","","","","","Généralement dégagé"
"1969-10-07 07:00","1969","10","07","07:00"," ","2,80","","0,60","","84,00","","11,00","","8,00","","32,20","","101,03","","","","","","Généralement nuageux"
"1969-10-07 08:00","1969","10","07","08:00"," ","5,00","","2,20","","83,00","","14,00","","6,00","","32,20","","101,06","","","","","","Généralement nuageux"
"1969-10-07 09:00","1969","10","07","09:00"," ","7,20","","4,40","","83,00","","20,00","","3,00","","32,20","","101,07","","","","","","Généralement nuageux"
"1969-10-07 10:00","1969","10","07","10:00"," ","9,40","","5,00","","74,00","","18,00","","8,00","","32,20","","101,06","","","","","","Généralement nuageux"
"1969-10-07 11:00","1969","10","07","11:00"," ","10,60","","3,30","","61,00","","20,00","","8,00","","32,20","","101,05","","","","","","Généralement nuageux"
"1969-10-07 12:00","1969","10","07","12:00"," ","13,30","","5,00","","57,00","","18,00","","3,00","","32,20","","101,02","","","","","","Généralement dégagé"
"1969-10-07 13:00","1969","10","07","13:00"," ","13,30","","5,60","","60,00","","18,00","","13,00","","32,20","","100,96","","","","","","Généralement nuageux"
"1969-10-07 14:00","1969","10","07","14:00"," ","12,80","","4,40","","57,00","","18,00","","14,00","","32,20","","100,95","","","","","","Généralement nuageux"
"1969-10-07 15:00","1969","10","07","15:00"," ","12,20","","6,70","","68,00","","18,00","","14,00","","32,20","","100,95","","","","","","Généralement nuageux"
"1969-10-07 16:00","1969","10","07","16:00"," ","12,20","","5,00","","62,00","","18,00","","14,00","","32,20","","100,92","","","","","","Généralement nuageux"
"1969-10-07 17:00","1969","10","07","17:00"," ","11,10","","6,10","","72,00","","18,00","","16,00","","32,20","","100,96","","","","","","Généralement nuageux"
"1969-10-07 18:00","1969","10","07","18:00"," ","10,60","","6,70","","75,00","","18,00","","16,00","","32,20","","100,94","","","","","","Généralement nuageux"
"1969-10-07 19:00","1969","10","07","19:00"," ","10,60","","6,70","","75,00","","18,00","","19,00","","32,20","","100,95","","","","","","Nuageux"
"1969-10-07 20:00","1969","10","07","20:00"," ","9,40","","6,70","","82,00","","18,00","","8,00","","32,20","","100,99","","","","","","Généralement dégagé"
"1969-10-07 21:00","1969","10","07","21:00"," ","7,80","","6,70","","94,00","","16,00","","13,00","","32,20","","100,87","","","","","","Généralement dégagé"
"1969-10-07 22:00","1969","10","07","22:00"," ","8,30","","7,20","","94,00","","18,00","","8,00","","32,20","","100,82","","","","","","Généralement nuageux"
"1969-10-07 23:00","1969","10","07","23:00"," ","7,80","","6,70","","91,00","","16,00","","11,00","","32,20","","100,82","","","","","","Généralement dégagé"
"1969-10-08 00:00","1969","10","08","00:00"," ","7,20","","6,10","","91,00","","18,00","","13,00","","32,20","","100,78","","","","","","Dégagé"
"1969-10-08 01:00","1969","10","08","01:00"," ","7,80","","6,70","","91,00","","18,00","","14,00","","32,20","","100,78","","","","","","Généralement dégagé"
"1969-10-08 02:00","1969","10","08","02:00"," ","8,90","","7,20","","90,00","","18,00","","23,00","","32,20","","100,71","","","","","","Généralement dégagé"
"1969-10-08 03:00","1969","10","08","03:00"," ","8,90","","7,80","","92,00","","16,00","","14,00","","32,20","","100,69","","","","","","Généralement dégagé"
"1969-10-08 04:00","1969","10","08","04:00"," ","8,90","","7,80","","92,00","","16,00","","14,00","","32,20","","100,64","","","","","","Généralement dégagé"
"1969-10-08 05:00","1969","10","08","05:00"," ","9,40","","8,30","","92,00","","16,00","","13,00","","32,20","","100,60","","","","","","Généralement dégagé"
"1969-10-08 06:00","1969","10","08","06:00"," ","10,00","","8,90","","94,00","","18,00","","13,00","","32,20","","100,60","","","","","","Généralement nuageux"
"1969-10-08 07:00","1969","10","08","07:00"," ","11,10","","9,40","","90,00","","18,00","","13,00","","32,20","","100,59","","","","","","Généralement nuageux"
"1969-10-08 08:00","1969","10","08","08:00"," ","12,80","","11,10","","91,00","","18,00","","23,00","","32,20","","100,62","","","","","","Généralement nuageux"
"1969-10-08 09:00","1969","10","08","09:00"," ","15,60","","11,10","","74,00","","20,00","","21,00","","32,20","","100,59","","","","","","Généralement nuageux"
"1969-10-08 10:00","1969","10","08","10:00"," ","16,10","","10,60","","69,00","","20,00","","26,00","","32,20","","100,59","","","","","","Généralement nuageux"
"1969-10-08 11:00","1969","10","08","11:00"," ","16,70","","10,00","","65,00","","18,00","","29,00","","32,20","","100,53","","","","","","Généralement nuageux"
"1969-10-08 12:00","1969","10","08","12:00"," ","17,20","","10,60","","64,00","","20,00","","27,00","","32,20","","100,47","","","","","","Généralement nuageux"
"1969-10-08 13:00","1969","10","08","13:00"," ","17,80","","10,60","","63,00","","18,00","","29,00","","32,20","","100,40","","","","","","Généralement nuageux"
"1969-10-08 14:00","1969","10","08","14:00"," ","17,80","","10,00","","61,00","","20,00","","27,00","","32,20","","100,36","","","","","","Nuageux"
"1969-10-08 15:00","1969","10","08","15:00"," ","17,20","","10,60","","64,00","","20,00","","27,00","","32,20","","100,36","","","","","","Nuageux"
"1969-10-08 16:00","1969","10","08","16:00"," ","17,20","","12,20","","72,00","","18,00","","24,00","","32,20","","100,29","","","","","","Généralement nuageux"
"1969-10-08 17:00","1969","10","08","17:00"," ","16,10","","10,60","","71,00","","18,00","","16,00","","32,20","","100,28","","","","","","Généralement nuageux"
"1969-10-08 18:00","1969","10","08","18:00"," ","14,40","","9,40","","72,00","","18,00","","21,00","","32,20","","100,26","","","","","","Généralement nuageux"
"1969-10-08 19:00","1969","10","08","19:00"," ","13,90","","11,70","","86,00","","16,00","","16,00","","32,20","","100,26","","","","","","Généralement nuageux"
"1969-10-08 20:00","1969","10","08","20:00"," ","12,80","","11,10","","91,00","","14,00","","14,00","","32,20","","100,30","","","","","","Généralement nuageux"
"1969-10-08 21:00","1969","10","08","21:00"," ","12,80","","11,70","","93,00","","16,00","","14,00","","32,20","","100,27","","","","","","Généralement dégagé"
"1969-10-08 22:00","1969","10","08","22:00"," ","13,30","","11,70","","91,00","","16,00","","14,00","","32,20","","100,21","","","","","","Généralement dégagé"
"1969-10-08 23:00","1969","10","08","23:00"," ","14,40","","11,70","","83,00","","18,00","","24,00","","24,10","","100,17","","","","","","Généralement nuageux"
"1969-10-09 00:00","1969","10","09","00:00"," ","14,40","","11,70","","83,00","","18,00","","23,00","","24,10","","100,13","","","","","","Généralement nuageux"
"1969-10-09 01:00","1969","10","09","01:00"," ","14,40","","11,10","","80,00","","18,00","","13,00","","24,10","","100,11","","","","","","Généralement nuageux"
"1969-10-09 02:00","1969","10","09","02:00"," ","15,00","","11,70","","80,00","","18,00","","16,00","","24,10","","100,07","","","","","","Nuageux"
"1969-10-09 03:00","1969","10","09","03:00"," ","15,00","","12,20","","83,00","","18,00","","24,00","","24,10","","100,00","","","","","","Nuageux"
"1969-10-09 04:00","1969","10","09","04:00"," ","15,00","","12,20","","83,00","","18,00","","23,00","","24,10","","99,98","","","","","","Nuageux"
"1969-10-09 05:00","1969","10","09","05:00"," ","15,60","","13,90","","88,00","","18,00","","26,00","","24,10","","99,97","","","","","","Nuageux"
"1969-10-09 06:00","1969","10","09","06:00"," ","15,00","","14,40","","97,00","","20,00","","26,00","","3,20","","100,01","","","","","","Pluie modérée,Brouillard"
"1969-10-09 07:00","1969","10","09","07:00"," ","15,00","","14,40","","97,00","","20,00","","23,00","","11,30","","100,03","","","","","","Pluie"
"1969-10-09 08:00","1969","10","09","08:00"," ","15,00","","14,40","","97,00","","20,00","","18,00","","16,10","","100,05","","","","","","Nuageux"
"1969-10-09 09:00","1969","10","09","09:00"," ","15,60","","14,40","","92,00","","25,00","","16,00","","16,10","","100,13","","","","","","Généralement nuageux"
"1969-10-09 10:00","1969","10","09","10:00"," ","16,10","","13,90","","87,00","","23,00","","13,00","","16,10","","100,17","","","","","","Généralement nuageux"
"1969-10-09 11:00","1969","10","09","11:00"," ","16,10","","13,30","","83,00","","25,00","","6,00","","16,10","","100,19","","","","","","Généralement nuageux"
"1969-10-09 12:00","1969","10","09","12:00"," ","17,80","","13,30","","74,00","","0,00","","0,00","","24,10","","100,19","","","","","","Généralement dégagé"
"1969-10-09 13:00","1969","10","09","13:00"," ","19,40","","13,90","","70,00","","16,00","","3,00","","24,10","","100,13","","","","","","Généralement dégagé"
"1969-10-09 14:00","1969","10","09","14:00"," ","19,40","","12,20","","63,00","","23,00","","10,00","","24,10","","100,11","","","","","","Généralement dégagé"
"1969-10-09 15:00","1969","10","09","15:00"," ","20,60","","11,10","","54,00","","27,00","","16,00","","24,10","","100,11","","","","","","Généralement dégagé"
"1969-10-09 16:00","1969","10","09","16:00"," ","20,00","","11,10","","57,00","","25,00","","11,00","","24,10","","100,15","","","","","","Généralement dégagé"
"1969-10-09 17:00","1969","10","09","17:00"," ","20,00","","12,20","","60,00","","16,00","","6,00","","24,10","","100,17","","","","","","Généralement dégagé"
"1969-10-09 18:00","1969","10","09","18:00"," ","16,10","","13,90","","87,00","","18,00","","3,00","","24,10","","100,26","","","","","","Généralement dégagé"
"1969-10-09 19:00","1969","10","09","19:00"," ","15,00","","13,90","","92,00","","23,00","","5,00","","24,10","","100,35","","","","","","Généralement dégagé"
"1969-10-09 20:00","1969","10","09","20:00"," ","14,40","","13,90","","95,00","","25,00","","3,00","","19,30","","100,39","","","","","","Généralement dégagé"
"1969-10-09 21:00","1969","10","09","21:00"," ","12,80","","12,20","","96,00","","23,00","","8,00","","12,90","","100,41","","","","","","Généralement dégagé"
"1969-10-09 22:00","1969","10","09","22:00"," ","11,10","","10,60","","98,00","","23,00","","5,00","","8,00","","100,49","","","","","","Brouillard"
"1969-10-09 23:00","1969","10","09","23:00"," ","11,10","","11,10","","100,00","","34,00","","5,00","","0,00","","100,52","","","","","","Brouillard"
"1969-10-10 00:00","1969","10","10","00:00"," ","10,00","","10,00","","100,00","","0,00","","0,00","","2,00","","100,52","","","","","","Brouillard"
"1969-10-10 01:00","1969","10","10","01:00"," ","7,20","","7,20","","100,00","","0,00","","0,00","","0,80","","100,52","","","","","","Brouillard"
"1969-10-10 02:00","1969","10","10","02:00"," ","8,30","","7,20","","94,00","","36,00","","8,00","","16,10","","100,57","","","","","","Dégagé"
"1969-10-10 03:00","1969","10","10","03:00"," ","8,30","","6,70","","90,00","","34,00","","10,00","","16,10","","100,60","","","","","","Dégagé"
"1969-10-10 04:00","1969","10","10","04:00"," ","7,80","","5,60","","87,00","","34,00","","8,00","","16,10","","100,60","","","","","","Dégagé"
"1969-10-10 05:00","1969","10","10","05:00"," ","7,80","","5,00","","83,00","","29,00","","5,00","","16,10","","100,66","","","","","","Dégagé"
"1969-10-10 06:00","1969","10","10","06:00"," ","7,20","","5,00","","87,00","","0,00","","0,00","","16,10","","100,69","","","","","","Généralement dégagé"
"1969-10-10 07:00","1969","10","10","07:00"," ","7,20","","5,00","","85,00","","0,00","","0,00","","16,10","","100,76","","","","","","Généralement dégagé"
"1969-10-10 08:00","1969","10","10","08:00"," ","9,40","","7,20","","86,00","","0,00","","0,00","","19,30","","100,77","","","","","","Généralement dégagé"
"1969-10-10 09:00","1969","10","10","09:00"," ","13,30","","8,90","","74,00","","0,00","","0,00","","24,10","","100,83","","","","","","Dégagé"
"1969-10-10 10:00","1969","10","10","10:00"," ","15,00","","7,80","","62,00","","18,00","","8,00","","24,10","","100,85","","","","","","Dégagé"
"1969-10-10 11:00","1969","10","10","11:00"," ","15,60","","9,40","","67,00","","29,00","","6,00","","24,10","","100,81","","","","","","Dégagé"
"1969-10-10 12:00","1969","10","10","12:00"," ","17,20","","5,60","","46,00","","23,00","","16,00","","24,10","","100,81","","","","","","Dégagé"
"1969-10-10 13:00","1969","10","10","13:00"," ","17,80","","5,00","","44,00","","25,00","","14,00","","32,20","","100,77","","","","","","Dégagé"
"1969-10-10 14:00","1969","10","10","14:00"," ","18,30","","5,60","","43,00","","23,00","","19,00","","32,20","","100,70","","","","","","Dégagé"
"1969-10-10 15:00","1969","10","10","15:00"," ","17,80","","6,10","","47,00","","23,00","","14,00","","32,20","","100,75","","","","","","Généralement dégagé"
"1969-10-10 16:00","1969","10","10","16:00"," ","17,80","","6,10","","47,00","","20,00","","13,00","","32,20","","100,72","","","","","","Généralement dégagé"
"1969-10-10 17:00","1969","10","10","17:00"," ","16,10","","8,90","","63,00","","18,00","","14,00","","32,20","","100,70","","","","","","Généralement dégagé"
"1969-10-10 18:00","1969","10","10","18:00"," ","12,80","","10,60","","87,00","","16,00","","13,00","","24,10","","100,75","","","","","","Généralement dégagé"
"1969-10-10 19:00","1969","10","10","19:00"," ","11,10","","10,00","","94,00","","18,00","","14,00","","3,20","","100,79","","","","","","Brouillard"
"1969-10-10 20:00","1969","10","10","20:00"," ","10,60","","10,00","","98,00","","18,00","","14,00","","2,40","","100,86","","","","","","Brouillard"
"1969-10-10 21:00","1969","10","10","21:00"," ","11,10","","10,60","","96,00","","18,00","","16,00","","1,60","","100,89","","","","","","Brouillard"
"1969-10-10 22:00","1969","10","10","22:00"," ","11,70","","10,60","","93,00","","18,00","","10,00","","3,20","","100,91","","","","","","Brouillard"
"1969-10-10 23:00","1969","10","10","23:00"," ","11,10","","10,00","","94,00","","18,00","","16,00","","3,20","","100,94","","","","","","Brouillard"
"1969-10-11 00:00","1969","10","11","00:00"," ","10,60","","10,00","","96,00","","18,00","","21,00","","3,20","","100,91","","","","","","Brouillard"
"1969-10-11 01:00","1969","10","11","01:00"," ","11,10","","10,60","","96,00","","18,00","","21,00","","3,20","","100,92","","","","","","Brouillard"
"1969-10-11 02:00","1969","10","11","02:00"," ","11,70","","10,60","","94,00","","18,00","","19,00","","3,20","","100,91","","","","","","Brouillard"
"1969-10-11 03:00","1969","10","11","03:00"," ","12,20","","11,10","","94,00","","18,00","","24,00","","3,20","","100,86","","","","","","Brouillard"
"1969-10-11 04:00","1969","10","11","04:00"," ","12,20","","11,10","","94,00","","18,00","","19,00","","3,20","","100,82","","","","","","Brouillard"
"1969-10-11 05:00","1969","10","11","05:00"," ","12,20","","11,70","","98,00","","18,00","","10,00","","0,80","","100,83","","","","","","Bruine,Brouillard"
"1969-10-11 06:00","1969","10","11","06:00"," ","12,80","","12,80","","100,00","","18,00","","8,00","","0,60","","100,86","","","","","","Bruine,Brouillard"
"1969-10-11 07:00","1969","10","11","07:00"," ","13,30","","13,30","","98,00","","20,00","","11,00","","0,80","","100,90","","","","","","Bruine,Brouillard"
"1969-10-11 08:00","1969","10","11","08:00"," ","13,90","","13,90","","98,00","","25,00","","6,00","","1,20","","100,95","","","","","","Bruine,Brouillard"
"1969-10-11 09:00","1969","10","11","09:00"," ","14,40","","14,40","","98,00","","23,00","","14,00","","2,40","","100,97","","","","","","Bruine,Brouillard"
"1969-10-11 10:00","1969","10","11","10:00"," ","15,60","","15,60","","98,00","","20,00","","13,00","","6,40","","100,92","","","","","","Brouillard"
"1969-10-11 11:00","1969","10","11","11:00"," ","15,60","","15,00","","97,00","","23,00","","14,00","","6,40","","100,96","","","","","","Brouillard"
"1969-10-11 12:00","1969","10","11","12:00"," ","16,70","","16,10","","96,00","","18,00","","13,00","","12,90","","100,89","","","","","","Généralement nuageux"
"1969-10-11 13:00","1969","10","11","13:00"," ","17,80","","15,60","","86,00","","18,00","","13,00","","24,10","","100,84","","","","","","Généralement nuageux"
"1969-10-11 14:00","1969","10","11","14:00"," ","17,20","","15,00","","87,00","","18,00","","11,00","","19,30","","100,79","","","","","","Généralement nuageux"
"1969-10-11 15:00","1969","10","11","15:00"," ","17,20","","15,60","","90,00","","18,00","","19,00","","19,30","","100,76","","","","","","Généralement nuageux"
"1969-10-11 16:00","1969","10","11","16:00"," ","16,70","","15,00","","89,00","","16,00","","13,00","","16,10","","100,70","","","","","","Généralement nuageux"
"1969-10-11 17:00","1969","10","11","17:00"," ","16,10","","14,40","","91,00","","18,00","","11,00","","16,10","","100,70","","","","","","Généralement nuageux"
"1969-10-11 18:00","1969","10","11","18:00"," ","14,40","","13,90","","95,00","","16,00","","11,00","","16,10","","100,70","","","","","","Généralement dégagé"
"1969-10-11 19:00","1969","10","11","19:00"," ","13,30","","13,30","","100,00","","16,00","","13,00","","0,00","","100,72","","","","","","Bruine,Brouillard"
"1969-10-11 20:00","1969","10","11","20:00"," ","12,80","","12,80","","100,00","","18,00","","14,00","","0,40","","100,72","","","","","","Brouillard"
"1969-10-11 21:00","1969","10","11","21:00"," ","12,80","","12,80","","100,00","","16,00","","11,00","","0,40","","100,66","","","","","","Brouillard"
"1969-10-11 22:00","1969","10","11","22:00"," ","13,30","","13,30","","98,00","","16,00","","6,00","","0,40","","100,62","","","","","","Brouillard"
"1969-10-11 23:00","1969","10","11","23:00"," ","14,40","","14,40","","100,00","","18,00","","16,00","","0,40","","100,56","","","","","","Bruine,Brouillard"
"1969-10-12 00:00","1969","10","12","00:00"," ","14,40","","14,40","","100,00","","18,00","","16,00","","0,40","","100,51","","","","","","Brouillard"
"1969-10-12 01:00","1969","10","12","01:00"," ","13,30","","13,30","","100,00","","18,00","","11,00","","0,00","","100,46","","","","","","Brouillard"
"1969-10-12 02:00","1969","10","12","02:00"," ","13,30","","13,30","","100,00","","16,00","","16,00","","0,00","","100,40","","","","","","Bruine,Brouillard"
"1969-10-12 03:00","1969","10","12","03:00"," ","13,30","","13,30","","100,00","","18,00","","8,00","","0,00","","100,36","","","","","","Bruine,Brouillard"
"1969-10-12 04:00","1969","10","12","04:00"," ","13,30","","13,30","","100,00","","16,00","","8,00","","0,20","","100,32","","","","","","Brouillard"
"1969-10-12 05:00","1969","10","12","05:00"," ","13,30","","13,30","","100,00","","16,00","","8,00","","0,40","","100,31","","","","","","Bruine,Brouillard"
"1969-10-12 06:00","1969","10","12","06:00"," ","13,90","","13,90","","100,00","","23,00","","3,00","","0,40","","100,33","","","","","","Bruine,Brouillard"
"1969-10-12 07:00","1969","10","12","07:00"," ","13,90","","13,90","","100,00","","25,00","","6,00","","0,40","","100,29","","","","","","Brouillard"
"1969-10-12 08:00","1969","10","12","08:00"," ","14,40","","14,40","","100,00","","18,00","","13,00","","0,20","","100,25","","","","","","Brouillard"
"1969-10-12 09:00","1969","10","12","09:00"," ","15,60","","15,60","","98,00","","20,00","","13,00","","6,40","","100,23","","","","","","Brouillard"
"1969-10-12 10:00","1969","10","12","10:00"," ","16,70","","16,10","","96,00","","25,00","","10,00","","12,90","","100,23","","","","","","Généralement nuageux"
"1969-10-12 11:00","1969","10","12","11:00"," ","18,90","","15,00","","78,00","","25,00","","16,00","","24,10","","100,15","","","","","","Généralement dégagé"
"1969-10-12 12:00","1969","10","12","12:00"," ","21,10","","14,40","","66,00","","20,00","","19,00","","32,20","","100,10","","25,00","","","","Généralement nuageux"
"1969-10-12 13:00","1969","10","12","13:00"," ","22,20","","14,40","","62,00","","25,00","","16,00","","32,20","","99,98","","26,00","","","","Généralement dégagé"
"1969-10-12 14:00","1969","10","12","14:00"," ","22,20","","15,00","","64,00","","23,00","","23,00","","32,20","","99,90","","26,00","","","","Généralement dégagé"
"1969-10-12 15:00","1969","10","12","15:00"," ","21,70","","15,00","","65,00","","23,00","","24,00","","32,20","","99,88","","26,00","","","","Généralement nuageux"
"1969-10-12 16:00","1969","10","12","16:00"," ","21,70","","16,10","","70,00","","27,00","","11,00","","32,20","","99,90","","26,00","","","","Généralement nuageux"
"1969-10-12 17:00","1969","10","12","17:00"," ","19,40","","15,60","","77,00","","23,00","","13,00","","32,20","","99,87","","","","","","Généralement nuageux"
"1969-10-12 18:00","1969","10","12","18:00"," ","18,90","","14,40","","77,00","","25,00","","13,00","","32,20","","99,85","","","","","","Généralement nuageux"
"1969-10-12 19:00","1969","10","12","19:00"," ","17,80","","14,40","","82,00","","25,00","","10,00","","32,20","","99,91","","","","","","Généralement nuageux"
"1969-10-12 20:00","1969","10","12","20:00"," ","17,80","","13,90","","78,00","","27,00","","13,00","","32,20","","99,91","","","","","","Généralement nuageux"
"1969-10-12 21:00","1969","10","12","21:00"," ","16,70","","13,90","","83,00","","27,00","","13,00","","32,20","","99,89","","","","","","Nuageux"
"1969-10-12 22:00","1969","10","12","22:00"," ","16,10","","13,90","","87,00","","32,00","","19,00","","32,20","","99,90","","","","","","Nuageux"
"1969-10-12 23:00","1969","10","12","23:00"," ","15,60","","14,40","","92,00","","32,00","","23,00","","24,10","","99,90","","","","","","Nuageux"
"1969-10-13 00:00","1969","10","13","00:00"," ","14,40","","11,70","","83,00","","32,00","","29,00","","24,10","","99,89","","","","","","Nuageux"
"1969-10-13 01:00","1969","10","13","01:00"," ","12,80","","8,90","","77,00","","32,00","","26,00","","24,10","","99,88","","","","","","Nuageux"
"1969-10-13 02:00","1969","10","13","02:00"," ","11,10","","7,80","","79,00","","36,00","","23,00","","24,10","","99,91","","","","","","Nuageux"
"1969-10-13 03:00","1969","10","13","03:00"," ","9,40","","5,00","","74,00","","36,00","","24,00","","24,10","","99,98","","","","","","Généralement nuageux"
"1969-10-13 04:00","1969","10","13","04:00"," ","8,30","","3,90","","73,00","","36,00","","29,00","","24,10","","99,97","","","","","","Généralement nuageux"
"1969-10-13 05:00","1969","10","13","05:00"," ","7,20","","2,80","","72,00","","34,00","","19,00","","24,10","","100,06","","","","","","Généralement nuageux"
"1969-10-13 06:00","1969","10","13","06:00"," ","6,70","","1,70","","72,00","","34,00","","23,00","","32,20","","100,07","","","","","","Généralement dégagé"
"1969-10-13 07:00","1969","10","13","07:00"," ","6,10","","1,10","","71,00","","32,00","","19,00","","32,20","","100,12","","","","","","Généralement nuageux"
"1969-10-13 08:00","1969","10","13","08:00"," ","6,10","","1,70","","73,00","","34,00","","23,00","","32,20","","100,15","","","","","","Généralement nuageux"
"1969-10-13 09:00","1969","10","13","09:00"," ","6,70","","1,70","","72,00","","34,00","","23,00","","32,20","","100,14","","","","","","Généralement nuageux"
"1969-10-13 10:00","1969","10","13","10:00"," ","8,30","","1,10","","60,00","","32,00","","21,00","","32,20","","100,15","","","","","","Généralement nuageux"
"1969-10-13 11:00","1969","10","13","11:00"," ","9,40","","3,30","","65,00","","36,00","","18,00","","32,20","","100,10","","","","","","Généralement nuageux"
"1969-10-13 12:00","1969","10","13","12:00"," ","10,60","","3,30","","61,00","","32,00","","19,00","","32,20","","100,06","","","","","","Généralement nuageux"
"1969-10-13 13:00","1969","10","13","13:00"," ","10,60","","2,80","","59,00","","36,00","","21,00","","32,20","","100,04","","","","","","Généralement nuageux"
"1969-10-13 14:00","1969","10","13","14:00"," ","10,00","","2,20","","59,00","","34,00","","19,00","","32,20","","100,05","","","","","","Généralement nuageux"
"1969-10-13 15:00","1969","10","13","15:00"," ","10,00","","3,30","","62,00","","36,00","","16,00","","32,20","","100,08","","","","","","Nuageux"
"1969-10-13 16:00","1969","10","13","16:00"," ","8,90","","2,80","","66,00","","36,00","","11,00","","32,20","","100,08","","","","","","Averses de pluie"
"1969-10-13 17:00","1969","10","13","17:00"," ","8,30","","3,30","","69,00","","2,00","","10,00","","32,20","","100,03","","","","","","Averses de pluie"
"1969-10-13 18:00","1969","10","13","18:00"," ","8,30","","3,30","","71,00","","5,00","","6,00","","32,20","","100,00","","","","","","Nuageux"
"1969-10-13 19:00","1969","10","13","19:00"," ","7,80","","3,30","","75,00","","5,00","","11,00","","32,20","","99,96","","","","","","Nuageux"
"1969-10-13 20:00","1969","10","13","20:00"," ","7,80","","3,30","","75,00","","5,00","","6,00","","32,20","","99,99","","","","","","Averses de pluie"
"1969-10-13 21:00","1969","10","13","21:00"," ","7,20","","3,90","","81,00","","9,00","","8,00","","32,20","","99,95","","","","","","Averses de pluie"
"1969-10-13 22:00","1969","10","13","22:00"," ","7,20","","3,90","","78,00","","9,00","","10,00","","32,20","","99,94","","","","","","Averses de pluie"
"1969-10-13 23:00","1969","10","13","23:00"," ","6,70","","4,40","","85,00","","9,00","","11,00","","32,20","","99,95","","","","","","Averses de pluie"
"1969-10-14 00:00","1969","10","14","00:00"," ","6,10","","5,00","","93,00","","14,00","","13,00","","24,10","","99,82","","","","","","Averses de pluie"
"1969-10-14 01:00","1969","10","14","01:00"," ","6,10","","5,00","","93,00","","11,00","","8,00","","24,10","","99,75","","","","","","Nuageux"
"1969-10-14 02:00","1969","10","14","02:00"," ","6,10","","5,00","","93,00","","11,00","","14,00","","24,10","","99,73","","","","","","Nuageux"
"1969-10-14 03:00","1969","10","14","03:00"," ","6,70","","5,00","","89,00","","14,00","","11,00","","24,10","","99,63","","","","","","Nuageux"
"1969-10-14 04:00","1969","10","14","04:00"," ","6,70","","5,00","","89,00","","14,00","","11,00","","24,10","","99,64","","","","","","Nuageux"
"1969-10-14 05:00","1969","10","14","05:00"," ","7,20","","6,10","","91,00","","14,00","","11,00","","19,30","","99,59","","","","","","Bruine"
"1969-10-14 06:00","1969","10","14","06:00"," ","7,20","","5,60","","89,00","","14,00","","6,00","","19,30","","99,55","","","","","","Bruine"
"1969-10-14 07:00","1969","10","14","07:00"," ","8,30","","6,70","","90,00","","16,00","","19,00","","24,10","","99,43","","","","","","Nuageux"
"1969-10-14 08:00","1969","10","14","08:00"," ","11,10","","7,80","","81,00","","18,00","","26,00","","24,10","","99,37","","","","","","Nuageux"
"1969-10-14 09:00","1969","10","14","09:00"," ","12,20","","9,40","","82,00","","18,00","","19,00","","24,10","","99,30","","","","","","Nuageux"
"1969-10-14 10:00","1969","10","14","10:00"," ","13,30","","10,60","","83,00","","18,00","","23,00","","19,30","","99,18","","","","","","Averses de pluie"
"1969-10-14 11:00","1969","10","14","11:00"," ","13,30","","11,70","","89,00","","18,00","","19,00","","6,40","","99,08","","","","","","Averses de pluie,Brouillard"
"1969-10-14 12:00","1969","10","14","12:00"," ","13,30","","11,70","","89,00","","18,00","","27,00","","4,80","","99,01","","","","","","Bruine,Brouillard"
"1969-10-14 13:00","1969","10","14","13:00"," ","13,30","","12,20","","93,00","","18,00","","26,00","","4,80","","98,88","","","","","","Averses de pluie,Brouillard"
"1969-10-14 14:00","1969","10","14","14:00"," ","14,40","","13,90","","97,00","","18,00","","26,00","","4,00","","98,75","","","","","","Bruine,Brouillard"
"1969-10-14 15:00","1969","10","14","15:00"," ","15,00","","15,00","","98,00","","18,00","","26,00","","1,20","","98,68","","","","","","Bruine,Brouillard"
"1969-10-14 16:00","1969","10","14","16:00"," ","15,60","","15,60","","100,00","","20,00","","29,00","","0,40","","98,59","","","","","","Bruine,Brouillard"
"1969-10-14 17:00","1969","10","14","17:00"," ","16,10","","16,10","","100,00","","20,00","","26,00","","0,40","","98,55","","","","","","Bruine,Brouillard"
"1969-10-14 18:00","1969","10","14","18:00"," ","17,20","","16,70","","98,00","","20,00","","23,00","","8,00","","98,51","","","","","","Brouillard"
"1969-10-14 19:00","1969","10","14","19:00"," ","17,20","","16,70","","96,00","","23,00","","21,00","","8,00","","98,55","","","","","","Averses de pluie,Brouillard"
"1969-10-14 20:00","1969","10","14","20:00"," ","17,20","","16,10","","94,00","","25,00","","21,00","","11,30","","98,59","","","","","","Averses de pluie"
"1969-10-14 21:00","1969","10","14","21:00"," ","16,70","","14,40","","85,00","","29,00","","21,00","","16,10","","98,63","","","","","","Nuageux"
"1969-10-14 22:00","1969","10","14","22:00"," ","15,00","","12,20","","83,00","","27,00","","19,00","","24,10","","98,70","","","","","","Nuageux"
"1969-10-14 23:00","1969","10","14","23:00"," ","13,90","","8,90","","71,00","","29,00","","24,00","","24,10","","98,73","","","","","","Généralement dégagé"
"1969-10-15 00:00","1969","10","15","00:00"," ","12,20","","5,00","","62,00","","32,00","","32,00","","24,10","","98,79","","","","","","Généralement dégagé"
"1969-10-15 01:00","1969","10","15","01:00"," ","10,00","","2,80","","60,00","","32,00","","23,00","","24,10","","98,83","","","","","","Généralement dégagé"
"1969-10-15 02:00","1969","10","15","02:00"," ","9,40","","3,30","","67,00","","29,00","","26,00","","24,10","","98,94","","","","","","Dégagé"
"1969-10-15 03:00","1969","10","15","03:00"," ","8,30","","2,20","","66,00","","29,00","","23,00","","24,10","","99,01","","","","","","Dégagé"
"1969-10-15 04:00","1969","10","15","04:00"," ","7,80","","1,70","","65,00","","32,00","","24,00","","24,10","","99,07","","","","","","Dégagé"
"1969-10-15 05:00","1969","10","15","05:00"," ","6,10","","-0,60","","62,00","","29,00","","24,00","","24,10","","99,16","","","","","","Dégagé"
"1969-10-15 06:00","1969","10","15","06:00"," ","5,00","","-1,10","","65,00","","29,00","","19,00","","32,20","","99,25","","","","","","Généralement dégagé"
"1969-10-15 07:00","1969","10","15","07:00"," ","5,00","","0,60","","72,00","","29,00","","19,00","","32,20","","99,33","","","","","","Généralement dégagé"
"1969-10-15 08:00","1969","10","15","08:00"," ","5,60","","-0,60","","64,00","","29,00","","24,00","","32,20","","99,41","","","","","","Généralement dégagé"
"1969-10-15 09:00","1969","10","15","09:00"," ","6,70","","1,70","","70,00","","32,00","","32,00","","32,20","","99,43","","","","","","Généralement dégagé"
"1969-10-15 10:00","1969","10","15","10:00"," ","7,20","","-1,70","","52,00","","34,00","","27,00","","32,20","","99,48","","","","","","Généralement dégagé"
"1969-10-15 11:00","1969","10","15","11:00"," ","7,20","","-3,30","","46,00","","29,00","","29,00","","32,20","","99,53","","","","","","Généralement dégagé"
"1969-10-15 12:00","1969","10","15","12:00"," ","8,90","","-8,30","","28,00","","29,00","","23,00","","32,20","","99,50","","","","","","Généralement dégagé"
"1969-10-15 13:00","1969","10","15","13:00"," ","8,90","","-2,20","","46,00","","32,00","","26,00","","32,20","","99,51","","","","","","Généralement dégagé"
"1969-10-15 14:00","1969","10","15","14:00"," ","8,30","","1,70","","62,00","","27,00","","27,00","","32,20","","99,53","","","","","","Généralement dégagé"
"1969-10-15 15:00","1969","10","15","15:00"," ","8,90","","-5,00","","37,00","","29,00","","24,00","","32,20","","99,63","","","","","","Généralement dégagé"
"1969-10-15 16:00","1969","10","15","16:00"," ","8,30","","-4,40","","39,00","","32,00","","26,00","","32,20","","99,69","","","","","","Généralement dégagé"
"1969-10-15 17:00","1969","10","15","17:00"," ","8,30","","-3,30","","43,00","","29,00","","13,00","","32,20","","99,72","","","","","","Généralement dégagé"
"1969-10-15 18:00","1969","10","15","18:00"," ","6,10","","-2,20","","54,00","","29,00","","13,00","","32,20","","99,81","","","","","","Généralement dégagé"
"1969-10-15 19:00","1969","10","15","19:00"," ","5,60","","-1,70","","59,00","","27,00","","10,00","","32,20","","99,89","","","","","","Dégagé"
"1969-10-15 20:00","1969","10","15","20:00"," ","5,00","","-1,70","","61,00","","27,00","","11,00","","32,20","","99,91","","","","","","Dégagé"
"1969-10-15 21:00","1969","10","15","21:00"," ","5,00","","-1,70","","63,00","","27,00","","5,00","","32,20","","100,00","","","","","","Dégagé"
"1969-10-15 22:00","1969","10","15","22:00"," ","3,90","","-1,70","","66,00","","23,00","","8,00","","32,20","","100,05","","","","","","Dégagé"
"1969-10-15 23:00","1969","10","15","23:00"," ","3,90","","-1,70","","66,00","","27,00","","10,00","","32,20","","100,05","","","","","","Dégagé"
"1969-10-16 00:00","1969","10","16","00:00"," ","3,30","","-2,20","","68,00","","27,00","","10,00","","32,20","","100,07","","","","","","Dégagé"
"1969-10-16 01:00","1969","10","16","01:00"," ","3,30","","-1,70","","70,00","","25,00","","8,00","","32,20","","100,09","","","","","","Dégagé"
"1969-10-16 02:00","1969","10","16","02:00"," ","2,80","","-1,10","","74,00","","25,00","","8,00","","32,20","","100,14","","","","","","Dégagé"
"1969-10-16 03:00","1969","10","16","03:00"," ","3,30","","-0,60","","75,00","","25,00","","8,00","","32,20","","100,16","","","","","","Dégagé"
"1969-10-16 04:00","1969","10","16","04:00"," ","3,30","","-0,60","","75,00","","25,00","","5,00","","32,20","","100,18","","","","","","Dégagé"
"1969-10-16 05:00","1969","10","16","05:00"," ","2,20","","-0,60","","81,00","","25,00","","5,00","","32,20","","100,21","","","","","","Dégagé"
"1969-10-16 06:00","1969","10","16","06:00"," ","2,80","","-1,10","","77,00","","25,00","","8,00","","24,10","","100,25","","","","","","Généralement dégagé"
"1969-10-16 07:00","1969","10","16","07:00"," ","2,80","","-0,60","","79,00","","25,00","","6,00","","24,10","","100,26","","","","","","Généralement dégagé"
"1969-10-16 08:00","1969","10","16","08:00"," ","4,40","","0,00","","74,00","","27,00","","5,00","","32,20","","100,28","","","","","","Dégagé"
"1969-10-16 09:00","1969","10","16","09:00"," ","7,20","","1,10","","64,00","","27,00","","13,00","","32,20","","100,32","","","","","","Dégagé"
"1969-10-16 10:00","1969","10","16","10:00"," ","8,90","","1,70","","61,00","","34,00","","8,00","","32,20","","100,23","","","","","","Généralement dégagé"
"1969-10-16 11:00","1969","10","16","11:00"," ","9,40","","-1,70","","45,00","","25,00","","11,00","","32,20","","100,22","","","","","","Généralement dégagé"
"1969-10-16 12:00","1969","10","16","12:00"," ","10,60","","-1,10","","44,00","","25,00","","13,00","","32,20","","100,14","","","","","","Généralement dégagé"
"1969-10-16 13:00","1969","10","16","13:00"," ","11,70","","-1,70","","40,00","","34,00","","13,00","","32,20","","100,07","","","","","","Généralement dégagé"
"1969-10-16 14:00","1969","10","16","14:00"," ","11,70","","-3,90","","34,00","","36,00","","16,00","","32,20","","99,97","","","","","","Généralement dégagé"
"1969-10-16 15:00","1969","10","16","15:00"," ","12,80","","-1,10","","39,00","","23,00","","10,00","","32,20","","99,92","","","","","","Généralement dégagé"
"1969-10-16 16:00","1969","10","16","16:00"," ","12,20","","-1,70","","38,00","","18,00","","10,00","","32,20","","99,87","","","","","","Généralement dégagé"
"1969-10-16 17:00","1969","10","16","17:00"," ","10,00","","-0,60","","48,00","","18,00","","11,00","","32,20","","99,82","","","","","","Généralement dégagé"
"1969-10-16 18:00","1969","10","16","18:00"," ","7,80","","0,00","","57,00","","18,00","","10,00","","32,20","","99,79","","","","","","Généralement dégagé"
"1969-10-16 19:00","1969","10","16","19:00"," ","6,10","","0,60","","67,00","","18,00","","6,00","","32,20","","99,75","","","","","","Généralement dégagé"
"1969-10-16 20:00","1969","10","16","20:00"," ","5,00","","-0,60","","67,00","","16,00","","13,00","","32,20","","99,71","","","","","","Dégagé"
"1969-10-16 21:00","1969","10","16","21:00"," ","5,00","","0,60","","72,00","","18,00","","11,00","","32,20","","99,68","","","","","","Dégagé"
"1969-10-16 22:00","1969","10","16","22:00"," ","4,40","","0,60","","76,00","","16,00","","10,00","","32,20","","99,61","","","","","","Dégagé"
"1969-10-16 23:00","1969","10","16","23:00"," ","4,40","","2,80","","88,00","","14,00","","8,00","","24,10","","99,49","","","","","","Dégagé"
"1969-10-17 00:00","1969","10","17","00:00"," ","4,40","","3,30","","93,00","","14,00","","11,00","","24,10","","99,40","","","","","","Généralement dégagé"
"1969-10-17 01:00","1969","10","17","01:00"," ","5,60","","4,40","","93,00","","16,00","","5,00","","24,10","","99,35","","","","","","Généralement nuageux"
"1969-10-17 02:00","1969","10","17","02:00"," ","6,10","","5,00","","93,00","","14,00","","10,00","","24,10","","99,28","","","","","","Généralement nuageux"
"1969-10-17 03:00","1969","10","17","03:00"," ","6,70","","6,10","","96,00","","11,00","","14,00","","24,10","","99,14","","","","","","Généralement dégagé"
"1969-10-17 04:00","1969","10","17","04:00"," ","7,80","","6,70","","94,00","","14,00","","16,00","","24,10","","99,05","","","","","","Généralement nuageux"
"1969-10-17 05:00","1969","10","17","05:00"," ","8,30","","7,80","","96,00","","14,00","","13,00","","19,30","","98,99","","","","","","Généralement dégagé"
"1969-10-17 06:00","1969","10","17","06:00"," ","8,90","","7,80","","94,00","","14,00","","6,00","","16,10","","98,96","","","","","","Généralement nuageux"
"1969-10-17 07:00","1969","10","17","07:00"," ","7,20","","6,70","","96,00","","14,00","","6,00","","16,10","","98,93","","","","","","Généralement nuageux"
"1969-10-17 08:00","1969","10","17","08:00"," ","9,40","","8,90","","96,00","","16,00","","10,00","","16,10","","98,92","","","","","","Généralement nuageux"
"1969-10-17 09:00","1969","10","17","09:00"," ","8,90","","8,30","","96,00","","0,00","","0,00","","16,10","","98,94","","","","","","Généralement nuageux"
"1969-10-17 10:00","1969","10","17","10:00"," ","12,80","","8,90","","77,00","","27,00","","5,00","","16,10","","98,84","","","","","","Généralement dégagé"
"1969-10-17 11:00","1969","10","17","11:00"," ","13,30","","8,30","","71,00","","27,00","","13,00","","19,30","","98,82","","","","","","Généralement nuageux"
"1969-10-17 12:00","1969","10","17","12:00"," ","14,40","","8,30","","67,00","","29,00","","6,00","","19,30","","98,73","","","","","","Généralement dégagé"
"1969-10-17 13:00","1969","10","17","13:00"," ","16,10","","6,70","","54,00","","23,00","","11,00","","32,20","","98,69","","","","","","Généralement dégagé"
"1969-10-17 14:00","1969","10","17","14:00"," ","16,10","","5,00","","48,00","","25,00","","18,00","","32,20","","98,67","","","","","","Généralement nuageux"
"1969-10-17 15:00","1969","10","17","15:00"," ","17,20","","5,60","","46,00","","20,00","","16,00","","32,20","","98,65","","","","","","Généralement dégagé"
"1969-10-17 16:00","1969","10","17","16:00"," ","15,60","","6,10","","54,00","","20,00","","24,00","","32,20","","98,64","","","","","","Généralement nuageux"
"1969-10-17 17:00","1969","10","17","17:00"," ","13,90","","7,80","","67,00","","18,00","","21,00","","32,20","","98,67","","","","","","Généralement nuageux"
"1969-10-17 18:00","1969","10","17","18:00"," ","12,20","","8,90","","80,00","","18,00","","23,00","","24,10","","98,70","","","","","","Généralement nuageux"
"1969-10-17 19:00","1969","10","17","19:00"," ","11,70","","10,60","","93,00","","18,00","","19,00","","16,10","","98,69","","","","","","Généralement nuageux"
"1969-10-17 20:00","1969","10","17","20:00"," ","11,70","","10,60","","93,00","","20,00","","19,00","","11,30","","98,65","","","","","","Nuageux"
"1969-10-17 21:00","1969","10","17","21:00"," ","11,70","","10,00","","89,00","","20,00","","21,00","","11,30","","98,64","","","","","","Nuageux"
"1969-10-17 22:00","1969","10","17","22:00"," ","11,70","","9,40","","87,00","","20,00","","24,00","","16,10","","98,66","","","","","","Nuageux"
"1969-10-17 23:00","1969","10","17","23:00"," ","11,10","","8,90","","87,00","","20,00","","19,00","","16,10","","98,68","","","","","","Averses de pluie"
"1969-10-18 00:00","1969","10","18","00:00"," ","10,60","","8,90","","88,00","","23,00","","23,00","","12,90","","98,69","","","","","","Averses de pluie"
"1969-10-18 01:00","1969","10","18","01:00"," ","10,00","","8,30","","88,00","","25,00","","13,00","","12,90","","98,66","","","","","","Nuageux"
"1969-10-18 02:00","1969","10","18","02:00"," ","10,00","","8,30","","90,00","","23,00","","16,00","","12,90","","98,66","","","","","","Nuageux"
"1969-10-18 03:00","1969","10","18","03:00"," ","8,90","","7,20","","90,00","","25,00","","10,00","","12,90","","98,69","","","","","","Généralement dégagé"
"1969-10-18 04:00","1969","10","18","04:00"," ","7,80","","6,70","","94,00","","27,00","","10,00","","9,70","","98,75","","","","","","Brouillard"
"1969-10-18 05:00","1969","10","18","05:00"," ","7,20","","3,90","","78,00","","29,00","","16,00","","12,90","","98,83","","","","","","Généralement dégagé"
"1969-10-18 06:00","1969","10","18","06:00"," ","6,10","","2,20","","78,00","","27,00","","24,00","","24,10","","98,90","","","","","","Dégagé"
"1969-10-18 07:00","1969","10","18","07:00"," ","5,60","","1,70","","77,00","","27,00","","16,00","","24,10","","99,02","","","","","","Généralement dégagé"
"1969-10-18 08:00","1969","10","18","08:00"," ","6,70","","1,70","","70,00","","27,00","","23,00","","24,10","","99,11","","","","","","Généralement dégagé"
"1969-10-18 09:00","1969","10","18","09:00"," ","7,80","","1,10","","63,00","","27,00","","23,00","","24,10","","99,15","","","","","","Généralement dégagé"
"1969-10-18 10:00","1969","10","18","10:00"," ","9,40","","-0,60","","49,00","","27,00","","26,00","","24,10","","99,19","","","","","","Généralement dégagé"
"1969-10-18 11:00","1969","10","18","11:00"," ","10,00","","-1,70","","45,00","","27,00","","27,00","","32,20","","99,28","","","","","","Généralement dégagé"
"1969-10-18 12:00","1969","10","18","12:00"," ","9,40","","-0,60","","49,00","","27,00","","29,00","","32,20","","99,29","","","","","","Généralement nuageux"
"1969-10-18 13:00","1969","10","18","13:00"," ","10,60","","-0,60","","46,00","","27,00","","23,00","","32,20","","99,27","","","","","","Généralement nuageux"
"1969-10-18 14:00","1969","10","18","14:00"," ","11,10","","-2,20","","39,00","","27,00","","29,00","","32,20","","99,30","","","","","","Généralement nuageux"
"1969-10-18 15:00","1969","10","18","15:00"," ","10,60","","-2,20","","41,00","","29,00","","32,00","","32,20","","99,38","","","","","","Généralement dégagé"
"1969-10-18 16:00","1969","10","18","16:00"," ","10,00","","-1,70","","45,00","","29,00","","24,00","","32,20","","99,44","","","","","","Généralement dégagé"
"1969-10-18 17:00","1969","10","18","17:00"," ","9,40","","-0,60","","49,00","","25,00","","24,00","","32,20","","99,49","","","","","","Généralement dégagé"
"1969-10-18 18:00","1969","10","18","18:00"," ","7,80","","-1,10","","53,00","","25,00","","16,00","","32,20","","99,58","","","","","","Généralement dégagé"
"1969-10-18 19:00","1969","10","18","19:00"," ","7,20","","-1,70","","52,00","","25,00","","21,00","","32,20","","99,65","","","","","","Généralement dégagé"
"1969-10-18 20:00","1969","10","18","20:00"," ","6,70","","0,00","","63,00","","32,00","","19,00","","32,20","","99,69","","","","","","Généralement dégagé"
"1969-10-18 21:00","1969","10","18","21:00"," ","6,70","","1,70","","70,00","","29,00","","23,00","","32,20","","99,72","","","","","","Généralement dégagé"
"1969-10-18 22:00","1969","10","18","22:00"," ","6,70","","1,70","","70,00","","23,00","","23,00","","32,20","","99,75","","","","","","Dégagé"
"1969-10-18 23:00","1969","10","18","23:00"," ","5,60","","2,20","","79,00","","23,00","","23,00","","32,20","","99,77","","","","","","Dégagé"
"1969-10-19 00:00","1969","10","19","00:00"," ","5,00","","2,20","","81,00","","23,00","","21,00","","32,20","","99,75","","","","","","Dégagé"
"1969-10-19 01:00","1969","10","19","01:00"," ","5,00","","2,20","","83,00","","23,00","","19,00","","32,20","","99,72","","","","","","Dégagé"
"1969-10-19 02:00","1969","10","19","02:00"," ","5,60","","2,80","","84,00","","20,00","","14,00","","32,20","","99,65","","","","","","Dégagé"
"1969-10-19 03:00","1969","10","19","03:00"," ","5,60","","2,80","","84,00","","23,00","","18,00","","32,20","","99,60","","","","","","Dégagé"
"1969-10-19 04:00","1969","10","19","04:00"," ","6,10","","3,90","","84,00","","20,00","","24,00","","32,20","","99,54","","","","","","Dégagé"
"1969-10-19 05:00","1969","10","19","05:00"," ","6,70","","2,80","","76,00","","23,00","","31,00","","32,20","","99,54","","","","","","Dégagé"
"1969-10-19 06:00","1969","10","19","06:00"," ","6,70","","2,80","","76,00","","23,00","","31,00","","32,20","","99,52","","","","","","Généralement dégagé"
"1969-10-19 07:00","1969","10","19","07:00"," ","7,20","","3,90","","78,00","","23,00","","29,00","","32,20","","99,55","","","","","","Généralement dégagé"
"1969-10-19 08:00","1969","10","19","08:00"," ","8,90","","2,80","","66,00","","25,00","","29,00","","32,20","","99,56","","","","","","Généralement dégagé"
"1969-10-19 09:00","1969","10","19","09:00"," ","9,40","","3,30","","67,00","","25,00","","24,00","","32,20","","99,59","","","","","","Généralement dégagé"
"1969-10-19 10:00","1969","10","19","10:00"," ","11,70","","5,00","","64,00","","25,00","","24,00","","32,20","","99,57","","","","","","Généralement dégagé"
"1969-10-19 11:00","1969","10","19","11:00"," ","13,30","","0,00","","40,00","","27,00","","32,00","","32,20","","99,56","","","","","","Généralement nuageux"
"1969-10-19 12:00","1969","10","19","12:00"," ","12,80","","-1,10","","39,00","","27,00","","29,00","","32,20","","99,51","","","","","","Généralement nuageux"
"1969-10-19 13:00","1969","10","19","13:00"," ","13,90","","0,00","","38,00","","27,00","","27,00","","32,20","","99,45","","","","","","Généralement nuageux"
"1969-10-19 14:00","1969","10","19","14:00"," ","13,30","","-1,70","","36,00","","27,00","","27,00","","32,20","","99,50","","","","","","Généralement nuageux"
"1969-10-19 15:00","1969","10","19","15:00"," ","12,20","","-1,70","","38,00","","27,00","","35,00","","32,20","","99,52","","","","","","Généralement nuageux"
"1969-10-19 16:00","1969","10","19","16:00"," ","11,70","","0,00","","44,00","","27,00","","24,00","","32,20","","99,59","","","","","","Généralement nuageux"
"1969-10-19 17:00","1969","10","19","17:00"," ","11,70","","1,10","","48,00","","27,00","","19,00","","32,20","","99,63","","","","","","Généralement nuageux"
"1969-10-19 18:00","1969","10","19","18:00"," ","10,60","","0,60","","49,00","","27,00","","16,00","","32,20","","99,70","","","","","","Généralement nuageux"
"1969-10-19 19:00","1969","10","19","19:00"," ","10,00","","1,10","","55,00","","25,00","","8,00","","32,20","","99,75","","","","","","Généralement dégagé"
"1969-10-19 20:00","1969","10","19","20:00"," ","8,90","","1,10","","59,00","","25,00","","11,00","","32,20","","99,80","","","","","","Généralement nuageux"
"1969-10-19 21:00","1969","10","19","21:00"," ","8,30","","1,70","","64,00","","23,00","","10,00","","32,20","","99,83","","","","","","Nuageux"
"1969-10-19 22:00","1969","10","19","22:00"," ","8,90","","2,20","","62,00","","25,00","","10,00","","32,20","","99,86","","","","","","Nuageux"
"1969-10-19 23:00","1969","10","19","23:00"," ","8,30","","3,30","","71,00","","29,00","","13,00","","32,20","","99,88","","","","","","Nuageux"
"1969-10-20 00:00","1969","10","20","00:00"," ","5,60","","-5,60","","45,00","","36,00","","24,00","","32,20","","99,89","","","","","","Nuageux"
"1969-10-20 01:00","1969","10","20","01:00"," ","5,00","","-6,70","","43,00","","36,00","","11,00","","32,20","","99,92","","","","","","Nuageux"
"1969-10-20 02:00","1969","10","20","02:00"," ","3,90","","-3,90","","57,00","","2,00","","10,00","","32,20","","99,93","","","","","","Averses de neige"
"1969-10-20 03:00","1969","10","20","03:00"," ","3,30","","-2,80","","65,00","","36,00","","8,00","","32,20","","99,88","","","","","","Nuageux"
"1969-10-20 04:00","1969","10","20","04:00"," ","3,30","","-0,60","","75,00","","0,00","","0,00","","32,20","","99,90","","","","","","Averses de neige"
"1969-10-20 05:00","1969","10","20","05:00"," ","3,30","","-1,10","","72,00","","0,00","","0,00","","32,20","","99,91","","","","","","Nuageux"
"1969-10-20 06:00","1969","10","20","06:00"," ","2,80","","-1,10","","74,00","","0,00","","0,00","","32,20","","99,94","","","","","","Nuageux"
"1969-10-20 07:00","1969","10","20","07:00"," ","2,80","","-1,10","","77,00","","36,00","","5,00","","32,20","","99,94","","","","","","Averses de pluie"
"1969-10-20 08:00","1969","10","20","08:00"," ","3,30","","0,00","","77,00","","9,00","","10,00","","32,20","","99,87","","","","","","Averses de pluie"
"1969-10-20 09:00","1969","10","20","09:00"," ","3,90","","0,00","","75,00","","9,00","","11,00","","32,20","","99,85","","","","","","Nuageux"
"1969-10-20 10:00","1969","10","20","10:00"," ","4,40","","0,00","","74,00","","11,00","","11,00","","32,20","","99,76","","","","","","Nuageux"
"1969-10-20 11:00","1969","10","20","11:00"," ","5,00","","0,60","","72,00","","14,00","","11,00","","32,20","","99,59","","","","","","Nuageux"
"1969-10-20 12:00","1969","10","20","12:00"," ","6,10","","1,10","","71,00","","9,00","","13,00","","32,20","","99,47","","","","","","Nuageux"
"1969-10-20 13:00","1969","10","20","13:00"," ","6,70","","3,30","","80,00","","14,00","","16,00","","32,20","","99,26","","","","","","Averses de pluie"
"1969-10-20 14:00","1969","10","20","14:00"," ","6,10","","5,60","","95,00","","11,00","","19,00","","9,70","","99,13","","","","","","Averses de pluie,Brouillard"
"1969-10-20 15:00","1969","10","20","15:00"," ","5,60","","5,00","","95,00","","11,00","","19,00","","6,40","","99,04","","","","","","Averses de pluie,Brouillard"
"1969-10-20 16:00","1969","10","20","16:00"," ","5,60","","4,40","","93,00","","11,00","","21,00","","6,40","","98,87","","","","","","Pluie,Brouillard"
"1969-10-20 17:00","1969","10","20","17:00"," ","5,60","","5,00","","95,00","","11,00","","19,00","","4,80","","98,73","","","","","","Pluie,Brouillard"
"1969-10-20 18:00","1969","10","20","18:00"," ","5,60","","5,60","","100,00","","11,00","","16,00","","2,40","","98,60","","","","","","Pluie,Brouillard"
"1969-10-20 19:00","1969","10","20","19:00"," ","6,10","","6,10","","100,00","","14,00","","16,00","","0,60","","98,43","","","","","","Pluie,Brouillard"
"1969-10-20 20:00","1969","10","20","20:00"," ","7,20","","7,20","","100,00","","14,00","","10,00","","0,40","","98,31","","","","","","Pluie,Bruine,Brouillard"
"1969-10-20 21:00","1969","10","20","21:00"," ","7,80","","7,80","","100,00","","14,00","","11,00","","1,20","","98,14","","","","","","Pluie,Brouillard"
"1969-10-20 22:00","1969","10","20","22:00"," ","8,30","","8,30","","100,00","","16,00","","10,00","","0,60","","98,03","","","","","","Pluie,Brouillard"
"1969-10-20 23:00","1969","10","20","23:00"," ","10,00","","10,00","","100,00","","18,00","","11,00","","0,80","","97,90","","","","","","Pluie,Brouillard"
"1969-10-21 00:00","1969","10","21","00:00"," ","11,10","","10,60","","98,00","","23,00","","21,00","","2,40","","97,82","","","","","","Brouillard"
"1969-10-21 01:00","1969","10","21","01:00"," ","11,70","","11,10","","98,00","","25,00","","19,00","","4,00","","97,76","","","","","","Brouillard"
"1969-10-21 02:00","1969","10","21","02:00"," ","11,70","","11,10","","98,00","","25,00","","16,00","","6,40","","97,72","","","","","","Brouillard"
"1969-10-21 03:00","1969","10","21","03:00"," ","11,10","","10,60","","98,00","","23,00","","11,00","","3,20","","97,63","","","","","","Averses de pluie,Brouillard"
"1969-10-21 04:00","1969","10","21","04:00"," ","11,70","","11,10","","98,00","","23,00","","14,00","","4,80","","97,62","","","","","","Averses de pluie,Brouillard"
"1969-10-21 05:00","1969","10","21","05:00"," ","11,70","","11,10","","98,00","","25,00","","10,00","","3,20","","97,53","","","","","","Pluie,Brouillard"
"1969-10-21 06:00","1969","10","21","06:00"," ","11,10","","10,60","","98,00","","32,00","","5,00","","2,80","","97,44","","","","","","Pluie,Brouillard"
"1969-10-21 07:00","1969","10","21","07:00"," ","10,60","","10,60","","100,00","","36,00","","8,00","","0,60","","97,35","","","","","","Pluie,Brouillard"
"1969-10-21 08:00","1969","10","21","08:00"," ","10,60","","10,60","","100,00","","18,00","","6,00","","1,60","","97,31","","","","","","Pluie,Brouillard"
"1969-10-21 09:00","1969","10","21","09:00"," ","10,60","","10,00","","96,00","","18,00","","11,00","","4,80","","97,22","","","","","","Pluie,Brouillard"
"1969-10-21 10:00","1969","10","21","10:00"," ","11,10","","10,00","","92,00","","23,00","","13,00","","4,00","","97,18","","","","","","Pluie,Brouillard"
"1969-10-21 11:00","1969","10","21","11:00"," ","8,90","","8,30","","96,00","","32,00","","26,00","","0,80","","97,12","","","","","","Pluie,Brouillard"
"1969-10-21 12:00","1969","10","21","12:00"," ","7,20","","6,70","","98,00","","32,00","","23,00","","6,40","","97,17","","","","","","Pluie,Brouillard"
"1969-10-21 13:00","1969","10","21","13:00"," ","6,70","","6,10","","96,00","","32,00","","24,00","","11,30","","97,27","","","","","","Pluie"
"1969-10-21 14:00","1969","10","21","14:00"," ","6,10","","5,00","","93,00","","34,00","","29,00","","11,30","","97,41","","","","","","Pluie"
"1969-10-21 15:00","1969","10","21","15:00"," ","5,00","","3,90","","93,00","","34,00","","29,00","","19,30","","97,60","","","","","","Pluie"
"1969-10-21 16:00","1969","10","21","16:00"," ","5,00","","3,30","","88,00","","32,00","","27,00","","24,10","","97,80","","","","","","Pluie"
"1969-10-21 17:00","1969","10","21","17:00"," ","4,40","","2,80","","90,00","","34,00","","32,00","","24,10","","98,04","","","","","","Pluie"
"1969-10-21 18:00","1969","10","21","18:00"," ","3,90","","1,70","","85,00","","32,00","","26,00","","32,20","","98,06","","","","","","Généralement nuageux"
"1969-10-21 19:00","1969","10","21","19:00"," ","2,80","","0,00","","82,00","","32,00","","24,00","","32,20","","98,28","","","","","","Nuageux"
"1969-10-21 20:00","1969","10","21","20:00"," ","2,20","","-1,10","","79,00","","29,00","","23,00","","32,20","","98,51","","","","","","Généralement dégagé"
"1969-10-21 21:00","1969","10","21","21:00"," ","1,70","","-0,60","","84,00","","32,00","","21,00","","32,20","","98,58","","","","","","Généralement dégagé"
"1969-10-21 22:00","1969","10","21","22:00"," ","1,70","","-0,60","","84,00","","29,00","","19,00","","32,20","","98,73","","","","","","Généralement dégagé"
"1969-10-21 23:00","1969","10","21","23:00"," ","1,10","","-1,10","","86,00","","29,00","","13,00","","32,20","","98,72","","","","","","Généralement dégagé"
"1969-10-22 00:00","1969","10","22","00:00"," ","1,10","","-0,60","","89,00","","29,00","","5,00","","32,20","","98,79","","","","","","Généralement nuageux"
"1969-10-22 01:00","1969","10","22","01:00"," ","1,10","","0,00","","92,00","","27,00","","8,00","","24,10","","98,84","","","","","","Averses de neige"
"1969-10-22 02:00","1969","10","22","02:00"," ","1,70","","1,10","","94,00","","29,00","","18,00","","24,10","","98,93","","","","","","Averses de neige"
"1969-10-22 03:00","1969","10","22","03:00"," ","0,60","","-0,60","","91,00","","0,00","","0,00","","24,10","","98,95","","","","","","Généralement dégagé"
"1969-10-22 04:00","1969","10","22","04:00"," ","0,60","","-1,10","","89,00","","27,00","","10,00","","24,10","","99,03","","","","","","Généralement nuageux"
"1969-10-22 05:00","1969","10","22","05:00"," ","0,60","","-1,10","","89,00","","29,00","","10,00","","24,10","","99,17","","","","","","Généralement nuageux"
"1969-10-22 06:00","1969","10","22","06:00"," ","0,00","","-1,10","","91,00","","34,00","","13,00","","24,10","","99,11","","","","-4,00","","Averses de neige"
"1969-10-22 07:00","1969","10","22","07:00"," ","0,00","","-0,60","","94,00","","36,00","","13,00","","24,10","","99,05","","","","-4,00","","Nuageux"
"1969-10-22 08:00","1969","10","22","08:00"," ","0,00","","-1,70","","88,00","","5,00","","10,00","","24,10","","99,06","","","","-3,00","","Nuageux"
"1969-10-22 09:00","1969","10","22","09:00"," ","-0,60","","-2,80","","85,00","","5,00","","10,00","","1,20","","99,16","","","","-4,00","","Averses de neige"
"1969-10-22 10:00","1969","10","22","10:00"," ","-1,70","","-2,20","","97,00","","2,00","","23,00","","0,80","","99,13","","","","-8,00","","Averses de neige,Brouillard"
"1969-10-22 11:00","1969","10","22","11:00"," ","-2,20","","-2,80","","98,00","","2,00","","23,00","","1,20","","99,05","","","","-8,00","","Neige,Brouillard"
"1969-10-22 12:00","1969","10","22","12:00"," ","-1,70","","-2,20","","96,00","","5,00","","23,00","","2,00","","98,91","","","","-8,00","","Neige,Brouillard"
"1969-10-22 13:00","1969","10","22","13:00"," ","-1,70","","-2,20","","97,00","","2,00","","23,00","","2,00","","98,82","","","","-8,00","","Neige,Brouillard"
"1969-10-22 14:00","1969","10","22","14:00"," ","-1,70","","-1,70","","98,00","","2,00","","23,00","","0,60","","98,69","","","","-8,00","","Neige,Brouillard"
"1969-10-22 15:00","1969","10","22","15:00"," ","-1,10","","-1,10","","99,00","","5,00","","19,00","","1,60","","98,58","","","","-6,00","","Neige,Brouillard"
"1969-10-22 16:00","1969","10","22","16:00"," ","-1,10","","-1,10","","99,00","","2,00","","26,00","","19,30","","98,48","","","","-7,00","","Neige"
"1969-10-22 17:00","1969","10","22","17:00"," ","-1,10","","-1,70","","98,00","","2,00","","23,00","","19,30","","98,35","","","","-7,00","","Neige"
"1969-10-22 18:00","1969","10","22","18:00"," ","-0,60","","-1,10","","97,00","","36,00","","19,00","","19,30","","98,38","","","","-6,00","","Nuageux"
"1969-10-22 19:00","1969","10","22","19:00"," ","-0,60","","-1,10","","97,00","","36,00","","23,00","","19,30","","98,24","","","","-6,00","","Nuageux"
"1969-10-22 20:00","1969","10","22","20:00"," ","0,00","","-0,60","","97,00","","36,00","","19,00","","19,30","","98,14","","","","-5,00","","Nuageux"
"1969-10-22 21:00","1969","10","22","21:00"," ","0,00","","-0,60","","97,00","","36,00","","18,00","","12,90","","98,02","","","","-5,00","","Nuageux"
"1969-10-22 22:00","1969","10","22","22:00"," ","0,00","","-0,60","","97,00","","36,00","","16,00","","6,40","","97,94","","","","-5,00","","Neige"
"1969-10-22 23:00","1969","10","22","23:00"," ","0,00","","0,00","","100,00","","34,00","","19,00","","4,80","","97,81","","","","-5,00","","Neige"
"1969-10-23 00:00","1969","10","23","00:00"," ","0,00","","0,00","","100,00","","34,00","","19,00","","2,40","","97,79","","","","-5,00","","Neige"
"1969-10-23 01:00","1969","10","23","01:00"," ","0,00","","-0,60","","97,00","","34,00","","18,00","","2,40","","97,78","","","","-5,00","","Neige,Brouillard"
"1969-10-23 02:00","1969","10","23","02:00"," ","0,00","","0,00","","100,00","","34,00","","19,00","","2,40","","97,73","","","","-5,00","","Neige,Brouillard"
"1969-10-23 03:00","1969","10","23","03:00"," ","0,00","","-0,60","","97,00","","34,00","","16,00","","12,90","","97,65","","","","-5,00","","Neige"
"1969-10-23 04:00","1969","10","23","04:00"," ","0,60","","0,00","","97,00","","34,00","","21,00","","4,00","","97,69","","","","","","Neige"
"1969-10-23 05:00","1969","10","23","05:00"," ","0,00","","0,00","","100,00","","36,00","","32,00","","1,60","","97,78","","","","-7,00","","Neige"
"1969-10-23 06:00","1969","10","23","06:00"," ","0,00","","0,00","","100,00","","34,00","","29,00","","3,20","","97,93","","","","-6,00","","Neige"
"1969-10-23 07:00","1969","10","23","07:00"," ","-0,60","","-1,10","","97,00","","34,00","","29,00","","1,60","","98,19","","","","-7,00","","Neige"
"1969-10-23 08:00","1969","10","23","08:00"," ","-1,10","","-1,10","","99,00","","34,00","","29,00","","1,60","","98,27","","","","-8,00","","Neige"
"1969-10-23 09:00","1969","10","23","09:00"," ","-1,70","","-1,70","","98,00","","34,00","","24,00","","24,10","","98,44","","","","-8,00","","Nuageux"
"1969-10-23 10:00","1969","10","23","10:00"," ","-1,10","","-1,70","","98,00","","34,00","","32,00","","24,10","","98,53","","","","-8,00","","Nuageux"
"1969-10-23 11:00","1969","10","23","11:00"," ","-0,60","","-1,70","","91,00","","34,00","","24,00","","24,10","","98,67","","","","-7,00","","Nuageux"
"1969-10-23 12:00","1969","10","23","12:00"," ","-0,60","","-2,20","","88,00","","32,00","","32,00","","24,10","","98,80","","","","-7,00","","Nuageux"
"1969-10-23 13:00","1969","10","23","13:00"," ","-0,60","","-2,20","","88,00","","32,00","","32,00","","16,10","","98,87","","","","-7,00","","Averses de neige"
"1969-10-23 14:00","1969","10","23","14:00"," ","-0,60","","-3,90","","79,00","","32,00","","29,00","","32,20","","98,95","","","","-7,00","","Averses de neige"
"1969-10-23 15:00","1969","10","23","15:00"," ","0,00","","-3,30","","77,00","","32,00","","26,00","","32,20","","99,05","","","","-6,00","","Généralement nuageux"
"1969-10-23 16:00","1969","10","23","16:00"," ","-0,60","","-3,90","","79,00","","32,00","","23,00","","32,20","","99,20","","","","-6,00","","Généralement dégagé"
"1969-10-23 17:00","1969","10","23","17:00"," ","-1,10","","-3,30","","86,00","","32,00","","16,00","","32,20","","99,28","","","","-6,00","","Généralement dégagé"
"1969-10-23 18:00","1969","10","23","18:00"," ","-1,70","","-3,90","","86,00","","34,00","","21,00","","32,20","","99,42","","","","-8,00","","Généralement dégagé"
"1969-10-23 19:00","1969","10","23","19:00"," ","-2,20","","-3,90","","88,00","","32,00","","16,00","","32,20","","99,57","","","","-7,00","","Généralement dégagé"
"1969-10-23 20:00","1969","10","23","20:00"," ","-2,20","","-3,90","","89,00","","27,00","","13,00","","32,20","","99,69","","","","-7,00","","Généralement dégagé"
"1969-10-23 21:00","1969","10","23","21:00"," ","-2,20","","-4,40","","86,00","","29,00","","21,00","","32,20","","99,82","","","","-8,00","","Averses de neige"
"1969-10-23 22:00","1969","10","23","22:00"," ","-2,20","","-4,40","","86,00","","32,00","","21,00","","32,20","","99,91","","","","-8,00","","Averses de neige"
"1969-10-23 23:00","1969","10","23","23:00"," ","-2,80","","-4,40","","86,00","","29,00","","26,00","","32,20","","99,94","","","","-10,00","","Généralement dégagé"
"1969-10-24 00:00","1969","10","24","00:00"," ","-3,30","","-6,10","","81,00","","32,00","","19,00","","32,20","","100,01","","","","-9,00","","Généralement dégagé"
"1969-10-24 01:00","1969","10","24","01:00"," ","-3,90","","-6,10","","86,00","","27,00","","16,00","","32,20","","100,04","","","","-9,00","","Généralement dégagé"
"1969-10-24 02:00","1969","10","24","02:00"," ","-3,90","","-5,60","","87,00","","27,00","","16,00","","32,20","","100,11","","","","-9,00","","Généralement dégagé"
"1969-10-24 03:00","1969","10","24","03:00"," ","-4,40","","-6,70","","83,00","","25,00","","16,00","","32,20","","100,12","","","","-10,00","","Généralement dégagé"
"1969-10-24 04:00","1969","10","24","04:00"," ","-4,40","","-7,20","","79,00","","25,00","","11,00","","32,20","","100,21","","","","-9,00","","Généralement dégagé"
"1969-10-24 05:00","1969","10","24","05:00"," ","-4,40","","-6,70","","85,00","","27,00","","8,00","","32,20","","100,27","","","","-8,00","","Généralement dégagé"
"1969-10-24 06:00","1969","10","24","06:00"," ","-3,90","","-6,10","","86,00","","25,00","","8,00","","32,20","","100,31","","","","-7,00","","Averses de neige"
"1969-10-24 07:00","1969","10","24","07:00"," ","-3,90","","-5,60","","87,00","","23,00","","13,00","","32,20","","100,40","","","","-9,00","","Généralement dégagé"
"1969-10-24 08:00","1969","10","24","08:00"," ","-2,20","","-4,40","","83,00","","27,00","","16,00","","32,20","","100,51","","","","-7,00","","Généralement dégagé"
"1969-10-24 09:00","1969","10","24","09:00"," ","-1,10","","-5,00","","74,00","","27,00","","16,00","","32,20","","100,57","","","","-6,00","","Généralement nuageux"
"1969-10-24 10:00","1969","10","24","10:00"," ","-0,60","","-5,00","","73,00","","27,00","","23,00","","32,20","","100,58","","","","-6,00","","Généralement nuageux"
"1969-10-24 11:00","1969","10","24","11:00"," ","-0,60","","-3,30","","82,00","","27,00","","19,00","","32,20","","100,58","","","","-6,00","","Averses de neige"
"1969-10-24 12:00","1969","10","24","12:00"," ","0,00","","-4,40","","71,00","","27,00","","19,00","","32,20","","100,55","","","","-5,00","","Généralement nuageux"
"1969-10-24 13:00","1969","10","24","13:00"," ","0,60","","-2,80","","78,00","","27,00","","24,00","","32,20","","100,53","","","","","","Généralement nuageux"
"1969-10-24 14:00","1969","10","24","14:00"," ","0,60","","-2,80","","78,00","","25,00","","26,00","","32,20","","100,53","","","","","","Généralement nuageux"
"1969-10-24 15:00","1969","10","24","15:00"," ","0,60","","-1,70","","84,00","","29,00","","10,00","","32,20","","100,59","","","","","","Généralement nuageux"
"1969-10-24 16:00","1969","10","24","16:00"," ","0,00","","-2,20","","86,00","","29,00","","21,00","","32,20","","100,60","","","","-5,00","","Généralement nuageux"
"1969-10-24 17:00","1969","10","24","17:00"," ","-0,60","","-1,70","","91,00","","27,00","","14,00","","32,20","","100,64","","","","-5,00","","Généralement nuageux"
"1969-10-24 18:00","1969","10","24","18:00"," ","-1,10","","-5,60","","72,00","","25,00","","13,00","","32,20","","100,67","","","","-5,00","","Généralement nuageux"
"1969-10-24 19:00","1969","10","24","19:00"," ","-1,70","","-5,60","","76,00","","23,00","","14,00","","32,20","","100,69","","","","-6,00","","Généralement nuageux"
"1969-10-24 20:00","1969","10","24","20:00"," ","-1,10","","-4,40","","79,00","","23,00","","21,00","","32,20","","100,71","","","","-7,00","","Généralement nuageux"
"1969-10-24 21:00","1969","10","24","21:00"," ","-1,10","","-4,40","","79,00","","23,00","","19,00","","32,20","","100,72","","","","-6,00","","Généralement nuageux"
"1969-10-24 22:00","1969","10","24","22:00"," ","-2,20","","-5,60","","77,00","","23,00","","14,00","","32,20","","100,74","","","","-7,00","","Généralement dégagé"
"1969-10-24 23:00","1969","10","24","23:00"," ","-2,80","","-5,00","","85,00","","23,00","","14,00","","24,10","","100,73","","","","-8,00","","Généralement dégagé"
"1969-10-25 00:00","1969","10","25","00:00"," ","-2,80","","-5,00","","85,00","","20,00","","16,00","","24,10","","100,70","","","","-8,00","","Généralement dégagé"
"1969-10-25 01:00","1969","10","25","01:00"," ","-3,30","","-4,40","","90,00","","20,00","","16,00","","24,10","","100,69","","","","-9,00","","Généralement dégagé"
"1969-10-25 02:00","1969","10","25","02:00"," ","-2,20","","-3,30","","91,00","","20,00","","16,00","","24,10","","100,63","","","","-7,00","","Généralement dégagé"
"1969-10-25 03:00","1969","10","25","03:00"," ","-2,20","","-3,90","","89,00","","18,00","","14,00","","24,10","","100,52","","","","-7,00","","Généralement dégagé"
"1969-10-25 04:00","1969","10","25","04:00"," ","-1,10","","-2,80","","87,00","","18,00","","13,00","","24,10","","100,52","","","","-5,00","","Généralement nuageux"
"1969-10-25 05:00","1969","10","25","05:00"," ","-1,10","","-2,80","","89,00","","18,00","","14,00","","24,10","","100,48","","","","-6,00","","Généralement nuageux"
"1969-10-25 06:00","1969","10","25","06:00"," ","-0,60","","-2,20","","88,00","","20,00","","14,00","","24,10","","100,48","","","","-5,00","","Généralement nuageux"
"1969-10-25 07:00","1969","10","25","07:00"," ","0,00","","-2,20","","86,00","","20,00","","18,00","","24,10","","100,47","","","","-5,00","","Généralement nuageux"
"1969-10-25 08:00","1969","10","25","08:00"," ","0,60","","-1,70","","84,00","","20,00","","13,00","","24,10","","100,49","","","","","","Averses de neige"
"1969-10-25 09:00","1969","10","25","09:00"," ","1,10","","-1,10","","86,00","","20,00","","16,00","","12,90","","100,42","","","","","","Bruine,Averses de neige"
"1969-10-25 10:00","1969","10","25","10:00"," ","2,20","","1,10","","92,00","","20,00","","23,00","","9,70","","100,42","","","","","","Bruine,Brouillard"
"1969-10-25 11:00","1969","10","25","11:00"," ","2,80","","0,60","","87,00","","23,00","","16,00","","16,10","","100,43","","","","","","Pluie,Bruine"
"1969-10-25 12:00","1969","10","25","12:00"," ","2,80","","0,60","","87,00","","23,00","","13,00","","24,10","","100,39","","","","","","Nuageux"
"1969-10-25 13:00","1969","10","25","13:00"," ","3,90","","1,70","","85,00","","27,00","","21,00","","32,20","","100,33","","","","","","Généralement nuageux"
"1969-10-25 14:00","1969","10","25","14:00"," ","5,60","","1,70","","75,00","","32,00","","23,00","","32,20","","100,33","","","","","","Généralement nuageux"
"1969-10-25 15:00","1969","10","25","15:00"," ","5,60","","0,00","","68,00","","29,00","","13,00","","32,20","","100,37","","","","","","Généralement nuageux"
"1969-10-25 16:00","1969","10","25","16:00"," ","5,00","","1,70","","79,00","","25,00","","8,00","","32,20","","100,39","","","","","","Nuageux"
"1969-10-25 17:00","1969","10","25","17:00"," ","3,90","","1,10","","83,00","","25,00","","8,00","","32,20","","100,41","","","","","","Généralement nuageux"
"1969-10-25 18:00","1969","10","25","18:00"," ","2,80","","1,10","","90,00","","23,00","","11,00","","32,20","","100,43","","","","","","Généralement dégagé"
"1969-10-25 19:00","1969","10","25","19:00"," ","3,30","","0,60","","82,00","","23,00","","11,00","","32,20","","100,47","","","","","","Généralement dégagé"
"1969-10-25 20:00","1969","10","25","20:00"," ","2,80","","0,60","","84,00","","23,00","","10,00","","32,20","","100,47","","","","","","Généralement nuageux"
"1969-10-25 21:00","1969","10","25","21:00"," ","2,20","","0,60","","89,00","","18,00","","10,00","","32,20","","100,46","","","","","","Généralement nuageux"
"1969-10-25 22:00","1969","10","25","22:00"," ","1,70","","0,60","","92,00","","20,00","","13,00","","32,20","","100,47","","","","","","Généralement dégagé"
"1969-10-25 23:00","1969","10","25","23:00"," ","1,70","","1,10","","94,00","","20,00","","13,00","","32,20","","100,44","","","","","","Généralement dégagé"
"1969-10-26 00:00","1969","10","26","00:00"," ","3,30","","0,00","","80,00","","23,00","","11,00","","24,10","","100,45","","","","","","Généralement nuageux"
"1969-10-26 01:00","1969","10","26","01:00"," ","2,80","","1,10","","90,00","","20,00","","13,00","","24,10","","100,41","","","","","","Généralement nuageux"
"1969-10-26 02:00","1969","10","26","02:00"," ","2,20","","1,70","","95,00","","20,00","","11,00","","24,10","","100,40","","","","","","Nuageux"
"1969-10-26 03:00","1969","10","26","03:00"," ","2,80","","1,70","","92,00","","20,00","","11,00","","24,10","","100,38","","","","","","Nuageux"
"1969-10-26 04:00","1969","10","26","04:00"," ","2,80","","1,70","","92,00","","20,00","","14,00","","24,10","","100,38","","","","","","Nuageux"
"1969-10-26 05:00","1969","10","26","05:00"," ","3,30","","2,80","","95,00","","20,00","","13,00","","24,10","","100,39","","","","","","Nuageux"
"1969-10-26 06:00","1969","10","26","06:00"," ","3,90","","3,30","","95,00","","18,00","","11,00","","24,10","","100,40","","","","","","Nuageux"
"1969-10-26 07:00","1969","10","26","07:00"," ","5,00","","3,30","","90,00","","23,00","","16,00","","19,30","","100,41","","","","","","Averses de pluie"
"1969-10-26 08:00","1969","10","26","08:00"," ","5,00","","3,90","","93,00","","20,00","","11,00","","24,10","","100,44","","","","","","Averses de pluie"
"1969-10-26 09:00","1969","10","26","09:00"," ","5,60","","3,90","","88,00","","23,00","","10,00","","32,20","","100,51","","","","","","Nuageux"
"1969-10-26 10:00","1969","10","26","10:00"," ","6,70","","4,40","","85,00","","23,00","","11,00","","32,20","","100,51","","","","","","Averses de pluie"
"1969-10-26 11:00","1969","10","26","11:00"," ","7,20","","3,30","","76,00","","32,00","","10,00","","32,20","","100,52","","","","","","Nuageux"
"1969-10-26 12:00","1969","10","26","12:00"," ","7,20","","3,30","","76,00","","29,00","","11,00","","32,20","","100,54","","","","","","Nuageux"
"1969-10-26 13:00","1969","10","26","13:00"," ","6,70","","5,60","","91,00","","36,00","","5,00","","24,10","","100,51","","","","","","Nuageux"
"1969-10-26 14:00","1969","10","26","14:00"," ","7,20","","5,00","","87,00","","7,00","","5,00","","24,10","","100,50","","","","","","Nuageux"
"1969-10-26 15:00","1969","10","26","15:00"," ","7,80","","5,00","","81,00","","36,00","","10,00","","24,10","","100,50","","","","","","Généralement nuageux"
"1969-10-26 16:00","1969","10","26","16:00"," ","7,20","","3,90","","81,00","","2,00","","8,00","","24,10","","100,53","","","","","","Généralement nuageux"
"1969-10-26 17:00","1969","10","26","17:00"," ","6,10","","5,00","","91,00","","5,00","","11,00","","16,10","","100,57","","","","","","Généralement nuageux"
"1969-10-26 18:00","1969","10","26","18:00"," ","5,00","","3,30","","90,00","","7,00","","8,00","","16,10","","100,57","","","","","","Généralement nuageux"
"1969-10-26 19:00","1969","10","26","19:00"," ","4,40","","3,30","","93,00","","11,00","","10,00","","16,10","","100,62","","","","","","Nuageux"
"1969-10-26 20:00","1969","10","26","20:00"," ","5,00","","3,30","","88,00","","11,00","","10,00","","16,10","","100,64","","","","","","Généralement nuageux"
"1969-10-26 21:00","1969","10","26","21:00"," ","4,40","","3,30","","93,00","","9,00","","11,00","","16,10","","100,62","","","","","","Généralement nuageux"
"1969-10-26 22:00","1969","10","26","22:00"," ","4,40","","3,30","","93,00","","11,00","","13,00","","16,10","","100,59","","","","","","Généralement nuageux"
"1969-10-26 23:00","1969","10","26","23:00"," ","3,90","","2,80","","93,00","","14,00","","14,00","","16,10","","100,55","","","","","","Nuageux"
"1969-10-27 00:00","1969","10","27","00:00"," ","3,90","","3,30","","95,00","","14,00","","10,00","","16,10","","100,54","","","","","","Nuageux"
"1969-10-27 01:00","1969","10","27","01:00"," ","3,30","","2,80","","95,00","","14,00","","10,00","","16,10","","100,53","","","","","","Nuageux"
"1969-10-27 02:00","1969","10","27","02:00"," ","4,40","","3,90","","95,00","","14,00","","14,00","","16,10","","100,50","","","","","","Nuageux"
"1969-10-27 03:00","1969","10","27","03:00"," ","4,40","","3,90","","98,00","","14,00","","11,00","","8,00","","100,44","","","","","","Brouillard"
"1969-10-27 04:00","1969","10","27","04:00"," ","5,00","","4,40","","98,00","","11,00","","14,00","","8,00","","100,39","","","","","","Brouillard"
"1969-10-27 05:00","1969","10","27","05:00"," ","5,60","","5,00","","98,00","","14,00","","11,00","","4,00","","100,36","","","","","","Brouillard"
"1969-10-27 06:00","1969","10","27","06:00"," ","6,10","","5,60","","98,00","","14,00","","13,00","","4,00","","100,32","","","","","","Averses de pluie,Brouillard"
"1969-10-27 07:00","1969","10","27","07:00"," ","7,20","","6,70","","98,00","","14,00","","18,00","","2,00","","100,27","","","","","","Brouillard"
"1969-10-27 08:00","1969","10","27","08:00"," ","7,80","","7,80","","100,00","","14,00","","14,00","","1,00","","100,27","","","","","","Brouillard"
"1969-10-27 09:00","1969","10","27","09:00"," ","10,00","","6,70","","81,00","","18,00","","24,00","","11,30","","100,23","","","","","","Généralement nuageux"
"1969-10-27 10:00","1969","10","27","10:00"," ","11,10","","6,10","","70,00","","18,00","","26,00","","24,10","","100,17","","","","","","Généralement dégagé"
"1969-10-27 11:00","1969","10","27","11:00"," ","12,20","","6,70","","68,00","","18,00","","26,00","","24,10","","100,10","","","","","","Généralement dégagé"
"1969-10-27 12:00","1969","10","27","12:00"," ","11,70","","5,60","","66,00","","18,00","","29,00","","32,20","","100,02","","","","","","Généralement nuageux"
"1969-10-27 13:00","1969","10","27","13:00"," ","12,80","","6,70","","65,00","","18,00","","27,00","","32,20","","99,88","","","","","","Généralement nuageux"
"1969-10-27 14:00","1969","10","27","14:00"," ","12,20","","6,70","","68,00","","18,00","","29,00","","32,20","","99,86","","","","","","Généralement nuageux"
"1969-10-27 15:00","1969","10","27","15:00"," ","11,70","","7,20","","75,00","","18,00","","29,00","","24,10","","99,75","","","","","","Généralement nuageux"
"1969-10-27 16:00","1969","10","27","16:00"," ","11,10","","7,20","","78,00","","18,00","","29,00","","24,10","","99,72","","","","","","Généralement nuageux"
"1969-10-27 17:00","1969","10","27","17:00"," ","10,60","","7,20","","81,00","","18,00","","19,00","","24,10","","99,67","","","","","","Généralement nuageux"
"1969-10-27 18:00","1969","10","27","18:00"," ","10,00","","8,30","","88,00","","18,00","","19,00","","24,10","","99,70","","","","","","Généralement nuageux"
"1969-10-27 19:00","1969","10","27","19:00"," ","10,00","","7,20","","84,00","","18,00","","31,00","","24,10","","99,69","","","","","","Nuageux"
"1969-10-27 20:00","1969","10","27","20:00"," ","10,00","","8,30","","88,00","","20,00","","24,00","","24,10","","99,66","","","","","","Généralement nuageux"
"1969-10-27 21:00","1969","10","27","21:00"," ","10,00","","8,90","","94,00","","18,00","","21,00","","16,10","","99,65","","","","","","Nuageux"
"1969-10-27 22:00","1969","10","27","22:00"," ","11,10","","10,00","","94,00","","20,00","","19,00","","11,30","","99,66","","","","","","Nuageux"
"1969-10-27 23:00","1969","10","27","23:00"," ","10,60","","9,40","","92,00","","23,00","","18,00","","16,10","","99,68","","","","","","Généralement nuageux"
"1969-10-28 00:00","1969","10","28","00:00"," ","10,60","","9,40","","94,00","","23,00","","16,00","","19,30","","99,70","","","","","","Généralement nuageux"
"1969-10-28 01:00","1969","10","28","01:00"," ","8,90","","6,10","","84,00","","29,00","","16,00","","24,10","","99,77","","","","","","Généralement nuageux"
"1969-10-28 02:00","1969","10","28","02:00"," ","7,80","","6,10","","89,00","","29,00","","8,00","","32,20","","99,83","","","","","","Généralement nuageux"
"1969-10-28 03:00","1969","10","28","03:00"," ","6,70","","6,10","","96,00","","34,00","","6,00","","32,20","","99,86","","","","","","Généralement nuageux"
"1969-10-28 04:00","1969","10","28","04:00"," ","6,70","","5,60","","93,00","","29,00","","11,00","","32,20","","100,01","","","","","","Nuageux"
"1969-10-28 05:00","1969","10","28","05:00"," ","6,70","","5,60","","93,00","","34,00","","8,00","","32,20","","99,99","","","","","","Nuageux"
"1969-10-28 06:00","1969","10","28","06:00"," ","5,60","","3,90","","88,00","","27,00","","8,00","","32,20","","100,05","","","","","","Généralement nuageux"
"1969-10-28 07:00","1969","10","28","07:00"," ","5,00","","2,80","","86,00","","32,00","","8,00","","32,20","","100,06","","","","","","Généralement nuageux"
"1969-10-28 08:00","1969","10","28","08:00"," ","4,40","","2,80","","88,00","","34,00","","13,00","","32,20","","100,18","","","","","","Nuageux"
"1969-10-28 09:00","1969","10","28","09:00"," ","3,90","","2,20","","88,00","","36,00","","13,00","","32,20","","100,30","","","","","","Généralement nuageux"
"1969-10-28 10:00","1969","10","28","10:00"," ","3,90","","1,70","","85,00","","34,00","","13,00","","32,20","","100,33","","","","","","Généralement nuageux"
"1969-10-28 11:00","1969","10","28","11:00"," ","3,90","","0,60","","78,00","","36,00","","14,00","","32,20","","100,34","","","","","","Nuageux"
"1969-10-28 12:00","1969","10","28","12:00"," ","3,90","","-1,10","","71,00","","34,00","","13,00","","32,20","","100,34","","","","","","Généralement nuageux"
"1969-10-28 13:00","1969","10","28","13:00"," ","3,90","","-1,70","","68,00","","34,00","","19,00","","32,20","","100,28","","","","","","Généralement nuageux"
"1969-10-28 14:00","1969","10","28","14:00"," ","3,90","","-1,70","","68,00","","34,00","","16,00","","32,20","","100,31","","","","","","Généralement nuageux"
"1969-10-28 15:00","1969","10","28","15:00"," ","3,90","","-1,70","","68,00","","36,00","","16,00","","32,20","","100,35","","","","","","Généralement nuageux"
"1969-10-28 16:00","1969","10","28","16:00"," ","3,30","","-0,60","","75,00","","36,00","","11,00","","32,20","","100,36","","","","","","Généralement nuageux"
"1969-10-28 17:00","1969","10","28","17:00"," ","3,30","","-0,60","","75,00","","36,00","","21,00","","32,20","","100,44","","","","","","Généralement nuageux"
"1969-10-28 18:00","1969","10","28","18:00"," ","2,80","","-0,60","","79,00","","2,00","","16,00","","32,20","","100,50","","","","","","Généralement nuageux"
"1969-10-28 19:00","1969","10","28","19:00"," ","2,20","","0,60","","89,00","","36,00","","11,00","","32,20","","100,57","","","","","","Généralement nuageux"
"1969-10-28 20:00","1969","10","28","20:00"," ","1,70","","-1,10","","81,00","","36,00","","16,00","","32,20","","100,63","","","","","","Nuageux"
"1969-10-28 21:00","1969","10","28","21:00"," ","1,10","","-1,10","","86,00","","36,00","","19,00","","32,20","","100,67","","","","","","Nuageux"
"1969-10-28 22:00","1969","10","28","22:00"," ","1,10","","-1,10","","86,00","","36,00","","13,00","","32,20","","100,70","","","","","","Nuageux"
"1969-10-28 23:00","1969","10","28","23:00"," ","0,60","","-1,10","","89,00","","36,00","","14,00","","32,20","","100,67","","","","","","Généralement nuageux"
"1969-10-29 00:00","1969","10","29","00:00"," ","0,60","","-1,70","","86,00","","36,00","","16,00","","32,20","","100,65","","","","","","Nuageux"
"1969-10-29 01:00","1969","10","29","01:00"," ","-0,60","","-1,70","","91,00","","36,00","","16,00","","32,20","","100,56","","","","-5,00","","Généralement nuageux"
"1969-10-29 02:00","1969","10","29","02:00"," ","-1,10","","-2,80","","89,00","","36,00","","13,00","","32,20","","100,62","","","","-5,00","","Généralement nuageux"
"1969-10-29 03:00","1969","10","29","03:00"," ","-0,60","","-1,70","","91,00","","36,00","","13,00","","32,20","","100,63","","","","-5,00","","Nuageux"
"1969-10-29 04:00","1969","10","29","04:00"," ","-0,60","","-1,70","","93,00","","34,00","","16,00","","32,20","","100,65","","","","-5,00","","Nuageux"
"1969-10-29 05:00","1969","10","29","05:00"," ","0,00","","-2,80","","83,00","","34,00","","19,00","","32,20","","100,59","","","","-5,00","","Généralement nuageux"
"1969-10-29 06:00","1969","10","29","06:00"," ","0,60","","-2,20","","81,00","","36,00","","16,00","","48,30","","100,68","","","","","","Généralement nuageux"
"1969-10-29 07:00","1969","10","29","07:00"," ","0,60","","-2,20","","81,00","","34,00","","26,00","","32,20","","100,67","","","","","","Généralement nuageux"
"1969-10-29 08:00","1969","10","29","08:00"," ","1,70","","-2,80","","73,00","","36,00","","23,00","","32,20","","100,75","","","","","","Nuageux"
"1969-10-29 09:00","1969","10","29","09:00"," ","1,70","","-2,20","","76,00","","34,00","","21,00","","32,20","","100,79","","","","","","Généralement nuageux"
"1969-10-29 10:00","1969","10","29","10:00"," ","2,20","","-1,70","","76,00","","34,00","","32,00","","32,20","","100,86","","","","","","Généralement nuageux"
"1969-10-29 11:00","1969","10","29","11:00"," ","3,30","","-3,30","","63,00","","36,00","","32,00","","32,20","","100,80","","","","","","Généralement nuageux"
"1969-10-29 12:00","1969","10","29","12:00"," ","4,40","","-2,20","","62,00","","36,00","","32,00","","32,20","","100,72","","","","","","Généralement dégagé"
"1969-10-29 13:00","1969","10","29","13:00"," ","5,00","","-2,80","","56,00","","34,00","","29,00","","32,20","","100,66","","","","","","Généralement dégagé"
"1969-10-29 14:00","1969","10","29","14:00"," ","5,00","","-2,20","","59,00","","36,00","","35,00","","32,20","","100,63","","","","","","Généralement nuageux"
"1969-10-29 15:00","1969","10","29","15:00"," ","4,40","","-2,80","","60,00","","36,00","","27,00","","32,20","","100,64","","","","","","Généralement dégagé"
"1969-10-29 16:00","1969","10","29","16:00"," ","3,90","","-1,70","","66,00","","34,00","","32,00","","32,20","","100,68","","","","","","Généralement dégagé"
"1969-10-29 17:00","1969","10","29","17:00"," ","2,80","","-2,80","","67,00","","34,00","","29,00","","32,20","","100,71","","","","","","Généralement dégagé"
"1969-10-29 18:00","1969","10","29","18:00"," ","2,20","","-2,80","","68,00","","34,00","","26,00","","32,20","","100,77","","","","","","Généralement dégagé"
"1969-10-29 19:00","1969","10","29","19:00"," ","1,10","","-1,70","","82,00","","34,00","","19,00","","32,20","","100,83","","","","","","Généralement dégagé"
"1969-10-29 20:00","1969","10","29","20:00"," ","0,60","","-1,70","","86,00","","34,00","","21,00","","32,20","","100,80","","","","","","Généralement dégagé"
"1969-10-29 21:00","1969","10","29","21:00"," ","0,00","","-1,10","","91,00","","36,00","","24,00","","32,20","","100,75","","","","-6,00","","Dégagé"
"1969-10-29 22:00","1969","10","29","22:00"," ","-0,60","","-1,70","","91,00","","34,00","","19,00","","32,20","","100,78","","","","-6,00","","Dégagé"
"1969-10-29 23:00","1969","10","29","23:00"," ","-0,60","","-1,70","","91,00","","34,00","","24,00","","32,20","","100,79","","","","-7,00","","Dégagé"
"1969-10-30 00:00","1969","10","30","00:00"," ","-0,60","","-1,70","","91,00","","36,00","","24,00","","32,20","","100,79","","","","-7,00","","Dégagé"
"1969-10-30 01:00","1969","10","30","01:00"," ","0,00","","-1,10","","91,00","","34,00","","19,00","","32,20","","100,75","","","","-5,00","","Dégagé"
"1969-10-30 02:00","1969","10","30","02:00"," ","0,60","","-0,60","","91,00","","34,00","","24,00","","32,20","","100,76","","","","","","Dégagé"
"1969-10-30 03:00","1969","10","30","03:00"," ","0,60","","-0,60","","91,00","","34,00","","23,00","","32,20","","100,74","","","","","","Dégagé"
"1969-10-30 04:00","1969","10","30","04:00"," ","1,10","","0,00","","92,00","","34,00","","23,00","","32,20","","100,74","","","","","","Généralement nuageux"
"1969-10-30 05:00","1969","10","30","05:00"," ","1,70","","-0,60","","86,00","","36,00","","23,00","","32,20","","100,76","","","","","","Généralement nuageux"
"1969-10-30 06:00","1969","10","30","06:00"," ","2,80","","0,00","","82,00","","34,00","","24,00","","32,20","","100,75","","","","","","Généralement nuageux"
"1969-10-30 07:00","1969","10","30","07:00"," ","2,20","","-1,10","","79,00","","36,00","","26,00","","32,20","","100,74","","","","","","Généralement nuageux"
"1969-10-30 08:00","1969","10","30","08:00"," ","3,30","","-0,60","","75,00","","36,00","","21,00","","32,20","","100,82","","","","","","Généralement nuageux"
"1969-10-30 09:00","1969","10","30","09:00"," ","3,90","","-0,60","","73,00","","36,00","","24,00","","32,20","","100,85","","","","","","Généralement nuageux"
"1969-10-30 10:00","1969","10","30","10:00"," ","4,40","","-1,70","","64,00","","36,00","","32,00","","32,20","","100,86","","","","","","Généralement nuageux"
"1969-10-30 11:00","1969","10","30","11:00"," ","5,60","","-1,10","","62,00","","36,00","","32,00","","32,20","","100,87","","","","","","Généralement nuageux"
"1969-10-30 12:00","1969","10","30","12:00"," ","6,70","","-1,10","","57,00","","36,00","","35,00","","32,20","","100,81","","","","","","Généralement dégagé"
"1969-10-30 13:00","1969","10","30","13:00"," ","6,70","","-2,20","","53,00","","36,00","","42,00","","32,20","","100,78","","","","","","Généralement dégagé"
"1969-10-30 14:00","1969","10","30","14:00"," ","6,10","","-2,20","","54,00","","36,00","","35,00","","32,20","","100,79","","","","","","Généralement dégagé"
"1969-10-30 15:00","1969","10","30","15:00"," ","6,10","","-2,80","","52,00","","36,00","","37,00","","32,20","","100,82","","","","","","Généralement dégagé"
"1969-10-30 16:00","1969","10","30","16:00"," ","5,60","","-1,70","","59,00","","36,00","","37,00","","32,20","","100,87","","","","","","Généralement dégagé"
"1969-10-30 17:00","1969","10","30","17:00"," ","4,40","","-2,80","","60,00","","2,00","","18,00","","32,20","","100,92","","","","","","Généralement dégagé"
"1969-10-30 18:00","1969","10","30","18:00"," ","3,90","","-2,80","","61,00","","36,00","","19,00","","32,20","","100,97","","","","","","Généralement nuageux"
"1969-10-30 19:00","1969","10","30","19:00"," ","3,30","","-2,80","","65,00","","2,00","","18,00","","32,20","","101,05","","","","","","Généralement nuageux"
"1969-10-30 20:00","1969","10","30","20:00"," ","2,80","","-3,30","","64,00","","36,00","","23,00","","32,20","","101,07","","","","","","Généralement nuageux"
"1969-10-30 21:00","1969","10","30","21:00"," ","2,20","","-2,20","","74,00","","36,00","","18,00","","32,20","","101,09","","","","","","Généralement dégagé"
"1969-10-30 22:00","1969","10","30","22:00"," ","1,10","","-1,70","","82,00","","36,00","","14,00","","32,20","","101,10","","","","","","Généralement dégagé"
"1969-10-30 23:00","1969","10","30","23:00"," ","0,60","","-1,70","","84,00","","2,00","","16,00","","32,20","","101,07","","","","","","Généralement dégagé"
"1969-10-31 00:00","1969","10","31","00:00"," ","0,60","","-2,80","","78,00","","36,00","","21,00","","32,20","","101,00","","","","","","Généralement dégagé"
"1969-10-31 01:00","1969","10","31","01:00"," ","0,60","","-2,80","","78,00","","36,00","","21,00","","32,20","","100,96","","","","","","Généralement nuageux"
"1969-10-31 02:00","1969","10","31","02:00"," ","1,70","","-2,80","","72,00","","36,00","","24,00","","32,20","","100,99","","","","","","Généralement nuageux"
"1969-10-31 03:00","1969","10","31","03:00"," ","1,70","","-3,90","","67,00","","36,00","","24,00","","32,20","","100,99","","","","","","Généralement nuageux"
"1969-10-31 04:00","1969","10","31","04:00"," ","1,70","","-3,30","","70,00","","2,00","","29,00","","32,20","","101,02","","","","","","Généralement nuageux"
"1969-10-31 05:00","1969","10","31","05:00"," ","1,70","","-3,30","","70,00","","2,00","","23,00","","32,20","","101,06","","","","","","Généralement nuageux"
"1969-10-31 06:00","1969","10","31","06:00"," ","1,10","","-4,40","","66,00","","36,00","","21,00","","32,20","","101,10","","","","","","Généralement nuageux"
"1969-10-31 07:00","1969","10","31","07:00"," ","1,70","","-3,90","","67,00","","36,00","","23,00","","32,20","","101,12","","","","","","Généralement nuageux"
"1969-10-31 08:00","1969","10","31","08:00"," ","2,20","","-5,00","","58,00","","36,00","","24,00","","32,20","","101,08","","","","","","Généralement nuageux"
"1969-10-31 09:00","1969","10","31","09:00"," ","1,70","","-3,90","","67,00","","2,00","","32,00","","32,20","","101,23","","","","","","Généralement nuageux"
"1969-10-31 10:00","1969","10","31","10:00"," ","2,80","","-4,40","","59,00","","36,00","","27,00","","32,20","","101,24","","","","","","Généralement nuageux"
"1969-10-31 11:00","1969","10","31","11:00"," ","3,30","","-4,40","","56,00","","34,00","","32,00","","32,20","","101,25","","","","","","Généralement nuageux"
"1969-10-31 12:00","1969","10","31","12:00"," ","3,90","","-3,30","","59,00","","34,00","","35,00","","32,20","","101,17","","","","","","Généralement dégagé"
"1969-10-31 13:00","1969","10","31","13:00"," ","4,40","","-5,00","","51,00","","2,00","","32,00","","32,20","","101,17","","","","","","Généralement dégagé"
"1969-10-31 14:00","1969","10","31","14:00"," ","5,00","","-3,90","","52,00","","36,00","","27,00","","32,20","","101,14","","","","","","Généralement dégagé"
"1969-10-31 15:00","1969","10","31","15:00"," ","4,40","","-3,30","","58,00","","36,00","","24,00","","32,20","","101,17","","","","","","Généralement dégagé"
"1969-10-31 16:00","1969","10","31","16:00"," ","3,90","","-3,30","","59,00","","36,00","","27,00","","32,20","","101,20","","","","","","Généralement dégagé"
"1969-10-31 17:00","1969","10","31","17:00"," ","2,80","","-3,90","","62,00","","36,00","","24,00","","32,20","","101,21","","","","","","Généralement dégagé"
"1969-10-31 18:00","1969","10","31","18:00"," ","1,10","","-3,30","","71,00","","36,00","","14,00","","32,20","","101,22","","","","","","Généralement dégagé"
"1969-10-31 19:00","1969","10","31","19:00"," ","0,00","","-3,90","","74,00","","36,00","","13,00","","32,20","","101,26","","","","-4,00","","Généralement dégagé"
"1969-10-31 20:00","1969","10","31","20:00"," ","-0,60","","-3,90","","79,00","","2,00","","10,00","","32,20","","101,28","","","","-4,00","","Généralement dégagé"
"1969-10-31 21:00","1969","10","31","21:00"," ","-1,70","","-3,90","","86,00","","2,00","","8,00","","32,20","","101,30","","","","-5,00","","Généralement dégagé"
"1969-10-31 22:00","1969","10","31","22:00"," ","-1,70","","-4,40","","82,00","","5,00","","5,00","","32,20","","101,31","","","","-4,00","","Généralement dégagé"
"1969-10-31 23:00","1969","10","31","23:00"," ","-2,20","","-4,40","","83,00","","2,00","","5,00","","32,20","","101,32","","","","-4,00","","Généralement dégagé"
