"Nom de la Station","MIRAMICHI RCS"
"Province","NEW BRUNSWICK"
"Latitude","47,01"
"Longitude","-65,47"
"Altitude","33,00"
"Identification Climat","8100989"
"Identification OMM","71744"
"Identification TC","ACQ"
"Toutes les heures sont exprimées en heure normale locale (HNL). Pour convertir l'heure locale en heure avancée de l'Est (HAE), ajoutez 1 heure s'il y a lieu."

"Légende"
"M","Données Manquantes"
"E","Valeur Estimée"
"ND","Non Disponible"
"**","Données fournies par un partenaire, non assujetties à un révision par les Archives climatiques nationales du Canada"

"Date/Heure","Année","Mois","Jour","Heure","Qualité des Données","Temp (°C)","Temp Indicateur","Point de rosée (°C)","Point de rosée Indicateur","Hum. rel (%)","Hum. rel. Indicateur","Dir. du vent (10s deg)","Dir. du vent Indicateur","Vit. du vent (km/h)","Vit. du vent Indicateur","Visibilité (km)","Visibilité Indicateur","Pression à la station (kPa)","Pression à la station Indicateur","Hmdx","Hmdx Indicateur","Refroid. éolien","Refroid. éolien Indicateur","Temps"
"2008-10-01 00:00","2008","10","01","00:00"," ","9,90","","8,40","","90,00","","0,00","","0,00","","","","100,74","","","","","","ND"
"2008-10-01 01:00","2008","10","01","01:00"," ","7,60","","6,20","","91,00","","21,00","","2,00","","","","100,71","","","","","","ND"
"2008-10-01 02:00","2008","10","01","02:00"," ","6,30","","5,40","","94,00","","23,00","","2,00","","","","100,67","","","","","","ND"
"2008-10-01 03:00","2008","10","01","03:00"," ","5,70","","4,80","","94,00","","23,00","","2,00","","","","100,63","","","","","","ND"
"2008-10-01 04:00","2008","10","01","04:00"," ","5,30","","4,30","","93,00","","24,00","","2,00","","","","100,60","","","","","","ND"
"2008-10-01 05:00","2008","10","01","05:00"," ","4,80","","4,00","","95,00","","23,00","","2,00","","","","100,62","","","","","","ND"
"2008-10-01 06:00","2008","10","01","06:00"," ","6,50","","6,00","","97,00","","26,00","","4,00","","","","100,60","","","","","","ND"
"2008-10-01 07:00","2008","10","01","07:00"," ","6,80","","6,20","","96,00","","26,00","","4,00","","","","100,62","","","","","","ND"
"2008-10-01 08:00","2008","10","01","08:00"," ","7,70","","7,00","","95,00","","24,00","","4,00","","","","100,64","","","","","","ND"
"2008-10-01 09:00","2008","10","01","09:00"," ","9,40","","7,80","","90,00","","9,00","","2,00","","","","100,60","","","","","","ND"
"2008-10-01 10:00","2008","10","01","10:00"," ","10,60","","8,30","","86,00","","18,00","","4,00","","","","100,59","","","","","","ND"
"2008-10-01 11:00","2008","10","01","11:00"," ","12,50","","8,80","","78,00","","31,00","","2,00","","","","100,48","","","","","","ND"
"2008-10-01 12:00","2008","10","01","12:00"," ","13,90","","9,40","","74,00","","21,00","","11,00","","","","100,43","","","","","","ND"
"2008-10-01 13:00","2008","10","01","13:00"," ","15,00","","10,00","","72,00","","22,00","","11,00","","","","100,35","","","","","","ND"
"2008-10-01 14:00","2008","10","01","14:00"," ","15,80","","10,20","","69,00","","23,00","","13,00","","","","100,32","","","","","","ND"
"2008-10-01 15:00","2008","10","01","15:00"," ","16,40","","10,40","","68,00","","22,00","","9,00","","","","100,28","","","","","","ND"
"2008-10-01 16:00","2008","10","01","16:00"," ","16,80","","10,40","","66,00","","21,00","","6,00","","","","100,25","","","","","","ND"
"2008-10-01 17:00","2008","10","01","17:00"," ","16,30","","11,00","","71,00","","15,00","","9,00","","","","100,22","","","","","","ND"
"2008-10-01 18:00","2008","10","01","18:00"," ","14,80","","11,10","","78,00","","19,00","","6,00","","","","100,25","","","","","","ND"
"2008-10-01 19:00","2008","10","01","19:00"," ","14,20","","11,30","","83,00","","18,00","","6,00","","","","100,23","","","","","","ND"
"2008-10-01 20:00","2008","10","01","20:00"," ","13,50","","10,70","","83,00","","20,00","","11,00","","","","100,24","","","","","","ND"
"2008-10-01 21:00","2008","10","01","21:00"," ","12,80","","9,90","","83,00","","21,00","","11,00","","","","100,22","","","","","","ND"
"2008-10-01 22:00","2008","10","01","22:00"," ","11,80","","9,60","","86,00","","21,00","","11,00","","","","100,20","","","","","","ND"
"2008-10-01 23:00","2008","10","01","23:00"," ","10,20","","8,80","","91,00","","19,00","","7,00","","","","100,17","","","","","","ND"
"2008-10-02 00:00","2008","10","02","00:00"," ","10,90","","9,60","","92,00","","20,00","","4,00","","","","100,09","","","","","","ND"
"2008-10-02 01:00","2008","10","02","01:00"," ","11,00","","9,70","","92,00","","17,00","","6,00","","","","100,13","","","","","","ND"
"2008-10-02 02:00","2008","10","02","02:00"," ","11,20","","10,10","","93,00","","18,00","","6,00","","","","100,04","","","","","","ND"
"2008-10-02 03:00","2008","10","02","03:00"," ","11,40","","10,30","","93,00","","12,00","","6,00","","","","99,98","","","","","","ND"
"2008-10-02 04:00","2008","10","02","04:00"," ","11,30","","10,30","","94,00","","13,00","","4,00","","","","99,95","","","","","","ND"
"2008-10-02 05:00","2008","10","02","05:00"," ","11,50","","10,40","","93,00","","9,00","","6,00","","","","99,88","","","","","","ND"
"2008-10-02 06:00","2008","10","02","06:00"," ","11,40","","10,60","","95,00","","12,00","","7,00","","","","99,83","","","","","","ND"
"2008-10-02 07:00","2008","10","02","07:00"," ","11,10","","10,50","","96,00","","11,00","","13,00","","","","99,77","","","","","","ND"
"2008-10-02 08:00","2008","10","02","08:00"," ","11,30","","10,80","","97,00","","11,00","","13,00","","","","99,66","","","","","","ND"
"2008-10-02 09:00","2008","10","02","09:00"," ","11,50","","10,90","","96,00","","12,00","","15,00","","","","99,58","","","","","","ND"
"2008-10-02 10:00","2008","10","02","10:00"," ","11,70","","10,90","","95,00","","12,00","","17,00","","","","99,44","","","","","","ND"
"2008-10-02 11:00","2008","10","02","11:00"," ","11,90","","11,20","","95,00","","11,00","","17,00","","","","99,27","","","","","","ND"
"2008-10-02 12:00","2008","10","02","12:00"," ","12,30","","11,50","","95,00","","12,00","","17,00","","","","99,11","","","","","","ND"
"2008-10-02 13:00","2008","10","02","13:00"," ","12,70","","11,60","","93,00","","12,00","","20,00","","","","98,87","","","","","","ND"
"2008-10-02 14:00","2008","10","02","14:00"," ","13,10","","12,00","","93,00","","12,00","","24,00","","","","98,63","","","","","","ND"
"2008-10-02 15:00","2008","10","02","15:00"," ","13,30","","12,50","","95,00","","15,00","","15,00","","","","98,54","","","","","","ND"
"2008-10-02 16:00","2008","10","02","16:00"," ","14,90","","13,60","","92,00","","15,00","","22,00","","","","98,38","","","","","","ND"
"2008-10-02 17:00","2008","10","02","17:00"," ","14,60","","13,10","","91,00","","20,00","","20,00","","","","98,36","","","","","","ND"
"2008-10-02 18:00","2008","10","02","18:00"," ","14,30","","12,60","","90,00","","21,00","","24,00","","","","98,45","","","","","","ND"
"2008-10-02 19:00","2008","10","02","19:00"," ","13,00","","11,40","","90,00","","22,00","","28,00","","","","98,58","","","","","","ND"
"2008-10-02 20:00","2008","10","02","20:00"," ","12,30","","10,10","","86,00","","24,00","","26,00","","","","98,73","","","","","","ND"
"2008-10-02 21:00","2008","10","02","21:00"," ","10,70","","8,70","","87,00","","23,00","","28,00","","","","98,93","","","","","","ND"
"2008-10-02 22:00","2008","10","02","22:00"," ","10,70","","8,20","","85,00","","24,00","","30,00","","","","99,08","","","","","","ND"
"2008-10-02 23:00","2008","10","02","23:00"," ","10,00","","6,90","","81,00","","24,00","","28,00","","","","99,19","","","","","","ND"
"2008-10-03 00:00","2008","10","03","00:00"," ","9,40","","5,70","","78,00","","24,00","","32,00","","","","99,29","","","","","","ND"
"2008-10-03 01:00","2008","10","03","01:00"," ","8,50","","4,70","","77,00","","24,00","","26,00","","","","99,44","","","","","","ND"
"2008-10-03 02:00","2008","10","03","02:00"," ","7,80","","3,60","","75,00","","24,00","","24,00","","","","99,56","","","","","","ND"
"2008-10-03 03:00","2008","10","03","03:00"," ","6,70","","4,10","","83,00","","23,00","","20,00","","","","99,65","","","","","","ND"
"2008-10-03 04:00","2008","10","03","04:00"," ","6,50","","3,40","","81,00","","24,00","","22,00","","","","99,73","","","","","","ND"
"2008-10-03 05:00","2008","10","03","05:00"," ","5,70","","3,10","","83,00","","24,00","","19,00","","","","99,84","","","","","","ND"
"2008-10-03 06:00","2008","10","03","06:00"," ","5,00","","2,70","","85,00","","24,00","","20,00","","","","99,95","","","","","","ND"
"2008-10-03 07:00","2008","10","03","07:00"," ","4,70","","2,70","","87,00","","23,00","","19,00","","","","100,04","","","","","","ND"
"2008-10-03 08:00","2008","10","03","08:00"," ","6,10","","2,80","","79,00","","23,00","","24,00","","","","100,14","","","","","","ND"
"2008-10-03 09:00","2008","10","03","09:00"," ","8,30","","3,20","","70,00","","24,00","","22,00","","","","100,22","","","","","","ND"
"2008-10-03 10:00","2008","10","03","10:00"," ","11,00","","3,50","","60,00","","22,00","","22,00","","","","100,19","","","","","","ND"
"2008-10-03 11:00","2008","10","03","11:00"," ","12,30","","2,70","","52,00","","24,00","","32,00","","","","100,16","","","","","","ND"
"2008-10-03 12:00","2008","10","03","12:00"," ","12,40","","3,40","","54,00","","22,00","","30,00","","","","100,12","","","","","","ND"
"2008-10-03 13:00","2008","10","03","13:00"," ","12,50","","5,10","","61,00","","21,00","","24,00","","","","100,12","","","","","","ND"
"2008-10-03 14:00","2008","10","03","14:00"," ","11,60","","5,60","","67,00","","23,00","","22,00","","","","100,05","","","","","","ND"
"2008-10-03 15:00","2008","10","03","15:00"," ","9,90","","7,40","","84,00","","26,00","","13,00","","","","99,98","","","","","","ND"
"2008-10-03 16:00","2008","10","03","16:00"," ","8,70","","7,50","","92,00","","26,00","","9,00","","","","99,89","","","","","","ND"
"2008-10-03 17:00","2008","10","03","17:00"," ","8,40","","7,10","","92,00","","24,00","","13,00","","","","99,87","","","","","","ND"
"2008-10-03 18:00","2008","10","03","18:00"," ","7,90","","6,90","","93,00","","22,00","","13,00","","","","99,86","","","","","","ND"
"2008-10-03 19:00","2008","10","03","19:00"," ","8,10","","6,40","","89,00","","23,00","","15,00","","","","99,83","","","","","","ND"
"2008-10-03 20:00","2008","10","03","20:00"," ","7,10","","5,40","","89,00","","21,00","","19,00","","","","99,91","","","","","","ND"
"2008-10-03 21:00","2008","10","03","21:00"," ","6,00","","4,50","","90,00","","23,00","","17,00","","","","99,96","","","","","","ND"
"2008-10-03 22:00","2008","10","03","22:00"," ","5,70","","4,40","","91,00","","23,00","","17,00","","","","100,00","","","","","","ND"
"2008-10-03 23:00","2008","10","03","23:00"," ","5,50","","4,00","","90,00","","23,00","","17,00","","","","100,01","","","","","","ND"
"2008-10-04 00:00","2008","10","04","00:00"," ","5,30","","3,60","","89,00","","23,00","","19,00","","","","100,02","","","","","","ND"
"2008-10-04 01:00","2008","10","04","01:00"," ","5,60","","3,50","","86,00","","23,00","","24,00","","","","100,04","","","","","","ND"
"2008-10-04 02:00","2008","10","04","02:00"," ","5,20","","3,00","","86,00","","23,00","","22,00","","","","100,07","","","","","","ND"
"2008-10-04 03:00","2008","10","04","03:00"," ","5,50","","3,10","","85,00","","23,00","","20,00","","","","100,11","","","","","","ND"
"2008-10-04 04:00","2008","10","04","04:00"," ","5,30","","3,00","","85,00","","23,00","","20,00","","","","100,14","","","","","","ND"
"2008-10-04 05:00","2008","10","04","05:00"," ","5,30","","3,20","","86,00","","24,00","","19,00","","","","100,19","","","","","","ND"
"2008-10-04 06:00","2008","10","04","06:00"," ","5,60","","3,20","","85,00","","25,00","","17,00","","","","100,27","","","","","","ND"
"2008-10-04 07:00","2008","10","04","07:00"," ","6,10","","3,30","","82,00","","24,00","","17,00","","","","100,36","","","","","","ND"
"2008-10-04 08:00","2008","10","04","08:00"," ","7,00","","3,90","","81,00","","24,00","","17,00","","","","100,46","","","","","","ND"
"2008-10-04 09:00","2008","10","04","09:00"," ","9,60","","3,00","","63,00","","26,00","","26,00","","","","100,52","","","","","","ND"
"2008-10-04 10:00","2008","10","04","10:00"," ","10,70","","3,30","","60,00","","27,00","","26,00","","","","100,58","","","","","","ND"
"2008-10-04 11:00","2008","10","04","11:00"," ","11,40","","2,90","","56,00","","27,00","","22,00","","","","100,61","","","","","","ND"
"2008-10-04 12:00","2008","10","04","12:00"," ","12,50","","3,50","","54,00","","27,00","","20,00","","","","100,64","","","","","","ND"
"2008-10-04 13:00","2008","10","04","13:00"," ","12,40","","3,60","","55,00","","27,00","","20,00","","","","100,66","","","","","","ND"
"2008-10-04 14:00","2008","10","04","14:00"," ","12,00","","3,50","","56,00","","26,00","","20,00","","","","100,70","","","","","","ND"
"2008-10-04 15:00","2008","10","04","15:00"," ","11,90","","3,80","","58,00","","27,00","","15,00","","","","100,75","","","","","","ND"
"2008-10-04 16:00","2008","10","04","16:00"," ","11,50","","4,00","","60,00","","26,00","","17,00","","","","100,80","","","","","","ND"
"2008-10-04 17:00","2008","10","04","17:00"," ","11,10","","4,60","","64,00","","26,00","","15,00","","","","100,83","","","","","","ND"
"2008-10-04 18:00","2008","10","04","18:00"," ","10,40","","4,50","","67,00","","25,00","","15,00","","","","100,89","","","","","","ND"
"2008-10-04 19:00","2008","10","04","19:00"," ","10,10","","4,80","","70,00","","25,00","","13,00","","","","100,97","","","","","","ND"
"2008-10-04 20:00","2008","10","04","20:00"," ","9,50","","5,10","","74,00","","26,00","","13,00","","","","101,05","","","","","","ND"
"2008-10-04 21:00","2008","10","04","21:00"," ","8,50","","5,80","","83,00","","26,00","","9,00","","","","101,12","","","","","","ND"
"2008-10-04 22:00","2008","10","04","22:00"," ","7,80","","6,10","","89,00","","25,00","","9,00","","","","101,20","","","","","","ND"
"2008-10-04 23:00","2008","10","04","23:00"," ","7,30","","6,10","","92,00","","24,00","","9,00","","","","101,22","","","","","","ND"
"2008-10-05 00:00","2008","10","05","00:00"," ","7,10","","5,70","","91,00","","24,00","","11,00","","","","101,25","","","","","","ND"
"2008-10-05 01:00","2008","10","05","01:00"," ","6,20","","4,90","","91,00","","24,00","","11,00","","","","101,29","","","","","","ND"
"2008-10-05 02:00","2008","10","05","02:00"," ","5,60","","4,40","","92,00","","25,00","","11,00","","","","101,35","","","","","","ND"
"2008-10-05 03:00","2008","10","05","03:00"," ","5,00","","4,00","","93,00","","25,00","","9,00","","","","101,41","","","","","","ND"
"2008-10-05 04:00","2008","10","05","04:00"," ","4,50","","3,50","","93,00","","26,00","","9,00","","","","101,46","","","","","","ND"
"2008-10-05 05:00","2008","10","05","05:00"," ","4,20","","3,20","","93,00","","26,00","","9,00","","","","101,54","","","","","","ND"
"2008-10-05 06:00","2008","10","05","06:00"," ","3,40","","2,60","","94,00","","26,00","","7,00","","","","101,62","","","","","","ND"
"2008-10-05 07:00","2008","10","05","07:00"," ","3,70","","2,80","","94,00","","25,00","","7,00","","","","101,67","","","","","","ND"
"2008-10-05 08:00","2008","10","05","08:00"," ","5,50","","3,50","","87,00","","23,00","","7,00","","","","101,72","","","","","","ND"
"2008-10-05 09:00","2008","10","05","09:00"," ","8,10","","4,30","","77,00","","27,00","","7,00","","","","101,75","","","","","","ND"
"2008-10-05 10:00","2008","10","05","10:00"," ","9,30","","3,40","","67,00","","30,00","","15,00","","","","101,75","","","","","","ND"
"2008-10-05 11:00","2008","10","05","11:00"," ","10,50","","3,70","","63,00","","27,00","","11,00","","","","101,75","","","","","","ND"
"2008-10-05 12:00","2008","10","05","12:00"," ","10,50","","2,90","","59,00","","29,00","","11,00","","","","101,76","","","","","","ND"
"2008-10-05 13:00","2008","10","05","13:00"," ","12,20","","2,90","","53,00","","27,00","","17,00","","","","101,72","","","","","","ND"
"2008-10-05 14:00","2008","10","05","14:00"," ","12,10","","2,90","","53,00","","28,00","","13,00","","","","101,69","","","","","","ND"
"2008-10-05 15:00","2008","10","05","15:00"," ","11,60","","2,60","","54,00","","30,00","","13,00","","","","101,70","","","","","","ND"
"2008-10-05 16:00","2008","10","05","16:00"," ","10,70","","1,70","","54,00","","31,00","","15,00","","","","101,74","","","","","","ND"
"2008-10-05 17:00","2008","10","05","17:00"," ","10,50","","1,70","","54,00","","29,00","","9,00","","","","101,75","","","","","","ND"
"2008-10-05 18:00","2008","10","05","18:00"," ","7,90","","3,20","","72,00","","27,00","","4,00","","","","101,77","","","","","","ND"
"2008-10-05 19:00","2008","10","05","19:00"," ","6,70","","2,90","","77,00","","27,00","","6,00","","","","101,81","","","","","","ND"
"2008-10-05 20:00","2008","10","05","20:00"," ","6,70","","3,20","","78,00","","25,00","","6,00","","","","101,83","","","","","","ND"
"2008-10-05 21:00","2008","10","05","21:00"," ","6,70","","3,70","","81,00","","27,00","","4,00","","","","101,83","","","","","","ND"
"2008-10-05 22:00","2008","10","05","22:00"," ","6,90","","3,30","","78,00","","25,00","","7,00","","","","101,82","","","","","","ND"
"2008-10-05 23:00","2008","10","05","23:00"," ","6,60","","3,50","","81,00","","27,00","","6,00","","","","101,80","","","","","","ND"
"2008-10-06 00:00","2008","10","06","00:00"," ","6,20","","3,40","","82,00","","27,00","","6,00","","","","101,78","","","","","","ND"
"2008-10-06 01:00","2008","10","06","01:00"," ","6,20","","3,10","","81,00","","26,00","","7,00","","","","101,80","","","","","","ND"
"2008-10-06 02:00","2008","10","06","02:00"," ","4,50","","2,70","","88,00","","25,00","","6,00","","","","101,79","","","","","","ND"
"2008-10-06 03:00","2008","10","06","03:00"," ","3,50","","2,00","","90,00","","24,00","","7,00","","","","101,73","","","","","","ND"
"2008-10-06 04:00","2008","10","06","04:00"," ","3,10","","1,80","","91,00","","25,00","","9,00","","","","101,75","","","","","","ND"
"2008-10-06 05:00","2008","10","06","05:00"," ","2,90","","1,60","","91,00","","26,00","","7,00","","","","101,73","","","","","","ND"
"2008-10-06 06:00","2008","10","06","06:00"," ","2,30","","1,30","","93,00","","24,00","","9,00","","","","101,74","","","","","","ND"
"2008-10-06 07:00","2008","10","06","07:00"," ","2,70","","1,60","","92,00","","24,00","","9,00","","","","101,76","","","","","","ND"
"2008-10-06 08:00","2008","10","06","08:00"," ","3,60","","2,20","","91,00","","27,00","","6,00","","","","101,77","","","","","","ND"
"2008-10-06 09:00","2008","10","06","09:00"," ","6,10","","2,90","","80,00","","27,00","","9,00","","","","101,75","","","","","","ND"
"2008-10-06 10:00","2008","10","06","10:00"," ","8,80","","2,40","","64,00","","28,00","","11,00","","","","101,70","","","","","","ND"
"2008-10-06 11:00","2008","10","06","11:00"," ","10,20","","1,60","","55,00","","28,00","","13,00","","","","101,64","","","","","","ND"
"2008-10-06 12:00","2008","10","06","12:00"," ","11,00","","0,30","","48,00","","31,00","","9,00","","","","101,60","","","","","","ND"
"2008-10-06 13:00","2008","10","06","13:00"," ","10,60","","0,00","","48,00","","32,00","","11,00","","","","101,54","","","","","","ND"
"2008-10-06 14:00","2008","10","06","14:00"," ","10,60","","0,40","","49,00","","29,00","","11,00","","","","101,50","","","","","","ND"
"2008-10-06 15:00","2008","10","06","15:00"," ","10,40","","0,60","","51,00","","29,00","","13,00","","","","101,50","","","","","","ND"
"2008-10-06 16:00","2008","10","06","16:00"," ","9,70","","2,10","","59,00","","30,00","","9,00","","","","101,52","","","","","","ND"
"2008-10-06 17:00","2008","10","06","17:00"," ","9,40","","2,00","","60,00","","29,00","","9,00","","","","101,53","","","","","","ND"
"2008-10-06 18:00","2008","10","06","18:00"," ","8,40","","1,50","","62,00","","30,00","","7,00","","","","101,56","","","","","","ND"
"2008-10-06 19:00","2008","10","06","19:00"," ","6,60","","1,60","","70,00","","26,00","","7,00","","","","101,54","","","","","","ND"
"2008-10-06 20:00","2008","10","06","20:00"," ","5,70","","1,70","","75,00","","27,00","","9,00","","","","101,55","","","","","","ND"
"2008-10-06 21:00","2008","10","06","21:00"," ","5,20","","1,80","","79,00","","25,00","","9,00","","","","101,53","","","","","","ND"
"2008-10-06 22:00","2008","10","06","22:00"," ","5,30","","2,10","","80,00","","24,00","","9,00","","","","101,47","","","","","","ND"
"2008-10-06 23:00","2008","10","06","23:00"," ","5,20","","2,10","","80,00","","24,00","","7,00","","","","101,43","","","","","","ND"
"2008-10-07 00:00","2008","10","07","00:00"," ","6,10","","2,30","","77,00","","28,00","","4,00","","","","101,40","","","","","","ND"
"2008-10-07 01:00","2008","10","07","01:00"," ","7,40","","0,90","","63,00","","30,00","","9,00","","","","101,38","","","","","","ND"
"2008-10-07 02:00","2008","10","07","02:00"," ","7,00","","1,20","","67,00","","29,00","","6,00","","","","101,35","","","","","","ND"
"2008-10-07 03:00","2008","10","07","03:00"," ","6,60","","0,20","","64,00","","30,00","","7,00","","","","101,30","","","","","","ND"
"2008-10-07 04:00","2008","10","07","04:00"," ","6,70","","-0,20","","61,00","","31,00","","6,00","","","","101,31","","","","","","ND"
"2008-10-07 05:00","2008","10","07","05:00"," ","7,00","","-0,50","","59,00","","31,00","","11,00","","","","101,32","","","","","","ND"
"2008-10-07 06:00","2008","10","07","06:00"," ","6,60","","-0,50","","60,00","","31,00","","11,00","","","","101,33","","","","","","ND"
"2008-10-07 07:00","2008","10","07","07:00"," ","5,80","","-0,30","","65,00","","32,00","","13,00","","","","101,35","","","","","","ND"
"2008-10-07 08:00","2008","10","07","08:00"," ","6,40","","0,00","","64,00","","31,00","","11,00","","","","101,39","","","","","","ND"
"2008-10-07 09:00","2008","10","07","09:00"," ","8,10","","0,60","","59,00","","32,00","","15,00","","","","101,41","","","","","","ND"
"2008-10-07 10:00","2008","10","07","10:00"," ","8,60","","0,50","","57,00","","33,00","","15,00","","","","101,43","","","","","","ND"
"2008-10-07 11:00","2008","10","07","11:00"," ","9,70","","1,10","","55,00","","34,00","","11,00","","","","101,35","","","","","","ND"
"2008-10-07 12:00","2008","10","07","12:00"," ","10,30","","1,10","","53,00","","33,00","","13,00","","","","101,26","","","","","","ND"
"2008-10-07 13:00","2008","10","07","13:00"," ","10,80","","0,30","","48,00","","33,00","","15,00","","","","101,20","","","","","","ND"
"2008-10-07 14:00","2008","10","07","14:00"," ","10,50","","0,30","","49,00","","32,00","","15,00","","","","101,15","","","","","","ND"
"2008-10-07 15:00","2008","10","07","15:00"," ","10,70","","-0,10","","47,00","","32,00","","17,00","","","","101,10","","","","","","ND"
"2008-10-07 16:00","2008","10","07","16:00"," ","10,60","","-0,10","","47,00","","30,00","","19,00","","","","101,06","","","","","","ND"
"2008-10-07 17:00","2008","10","07","17:00"," ","10,20","","0,50","","51,00","","30,00","","15,00","","","","101,04","","","","","","ND"
"2008-10-07 18:00","2008","10","07","18:00"," ","8,30","","0,90","","60,00","","30,00","","9,00","","","","101,07","","","","","","ND"
"2008-10-07 19:00","2008","10","07","19:00"," ","7,70","","0,70","","61,00","","29,00","","13,00","","","","101,11","","","","","","ND"
"2008-10-07 20:00","2008","10","07","20:00"," ","6,40","","0,80","","67,00","","26,00","","9,00","","","","101,06","","","","","","ND"
"2008-10-07 21:00","2008","10","07","21:00"," ","5,90","","1,10","","71,00","","26,00","","11,00","","","","101,00","","","","","","ND"
"2008-10-07 22:00","2008","10","07","22:00"," ","4,30","","1,50","","82,00","","25,00","","9,00","","","","100,93","","","","","","ND"
"2008-10-07 23:00","2008","10","07","23:00"," ","3,90","","0,90","","81,00","","24,00","","9,00","","","","100,82","","","","","","ND"
"2008-10-08 00:00","2008","10","08","00:00"," ","4,50","","1,20","","79,00","","24,00","","9,00","","","","100,78","","","","","","ND"
"2008-10-08 01:00","2008","10","08","01:00"," ","2,50","","0,70","","88,00","","19,00","","11,00","","","","100,78","","","","","","ND"
"2008-10-08 02:00","2008","10","08","02:00"," ","3,80","","1,30","","84,00","","25,00","","7,00","","","","100,75","","","","","","ND"
"2008-10-08 03:00","2008","10","08","03:00"," ","4,30","","1,10","","80,00","","28,00","","7,00","","","","100,71","","","","","","ND"
"2008-10-08 04:00","2008","10","08","04:00"," ","6,90","","0,60","","64,00","","29,00","","11,00","","","","100,74","","","","","","ND"
"2008-10-08 05:00","2008","10","08","05:00"," ","7,50","","0,50","","61,00","","31,00","","9,00","","","","100,82","","","","","","ND"
"2008-10-08 06:00","2008","10","08","06:00"," ","7,20","","0,60","","63,00","","30,00","","4,00","","","","100,94","","","","","","ND"
"2008-10-08 07:00","2008","10","08","07:00"," ","7,50","","1,00","","63,00","","33,00","","9,00","","","","100,99","","","","","","ND"
"2008-10-08 08:00","2008","10","08","08:00"," ","8,80","","1,50","","60,00","","33,00","","7,00","","","","101,08","","","","","","ND"
"2008-10-08 09:00","2008","10","08","09:00"," ","10,80","","1,60","","53,00","","33,00","","13,00","","","","101,12","","","","","","ND"
"2008-10-08 10:00","2008","10","08","10:00"," ","12,00","","1,30","","48,00","","33,00","","13,00","","","","101,14","","","","","","ND"
"2008-10-08 11:00","2008","10","08","11:00"," ","12,90","","0,50","","43,00","","35,00","","11,00","","","","101,12","","","","","","ND"
"2008-10-08 12:00","2008","10","08","12:00"," ","14,10","","1,20","","41,00","","30,00","","9,00","","","","101,09","","","","","","ND"
"2008-10-08 13:00","2008","10","08","13:00"," ","14,70","","0,00","","37,00","","27,00","","9,00","","","","101,01","","","","","","ND"
"2008-10-08 14:00","2008","10","08","14:00"," ","15,80","","-0,10","","34,00","","27,00","","13,00","","","","100,96","","","","","","ND"
"2008-10-08 15:00","2008","10","08","15:00"," ","16,70","","1,00","","35,00","","27,00","","6,00","","","","100,92","","","","","","ND"
"2008-10-08 16:00","2008","10","08","16:00"," ","16,10","","0,40","","34,00","","23,00","","7,00","","","","100,86","","","","","","ND"
"2008-10-08 17:00","2008","10","08","17:00"," ","16,00","","3,40","","43,00","","21,00","","6,00","","","","100,86","","","","","","ND"
"2008-10-08 18:00","2008","10","08","18:00"," ","11,40","","5,60","","67,00","","4,00","","2,00","","","","100,88","","","","","","ND"
"2008-10-08 19:00","2008","10","08","19:00"," ","9,10","","5,40","","78,00","","26,00","","4,00","","","","100,92","","","","","","ND"
"2008-10-08 20:00","2008","10","08","20:00"," ","9,70","","5,00","","72,00","","25,00","","9,00","","","","100,92","","","","","","ND"
"2008-10-08 21:00","2008","10","08","21:00"," ","6,70","","4,70","","87,00","","21,00","","4,00","","","","100,88","","","","","","ND"
"2008-10-08 22:00","2008","10","08","22:00"," ","9,20","","4,90","","74,00","","25,00","","11,00","","","","100,88","","","","","","ND"
"2008-10-08 23:00","2008","10","08","23:00"," ","7,80","","4,80","","81,00","","27,00","","9,00","","","","100,83","","","","","","ND"
"2008-10-09 00:00","2008","10","09","00:00"," ","5,20","","4,00","","92,00","","26,00","","4,00","","","","100,79","","","","","","ND"
"2008-10-09 01:00","2008","10","09","01:00"," ","3,20","","2,00","","92,00","","18,00","","4,00","","","","100,75","","","","","","ND"
"2008-10-09 02:00","2008","10","09","02:00"," ","4,20","","3,30","","94,00","","23,00","","4,00","","","","100,72","","","","","","ND"
"2008-10-09 03:00","2008","10","09","03:00"," ","3,20","","2,60","","96,00","","24,00","","4,00","","","","100,65","","","","","","ND"
"2008-10-09 04:00","2008","10","09","04:00"," ","2,40","","1,80","","96,00","","0,00","","0,00","","","","100,62","","","","","","ND"
"2008-10-09 05:00","2008","10","09","05:00"," ","1,60","","1,00","","96,00","","28,00","","4,00","","","","100,58","","","","","","ND"
"2008-10-09 06:00","2008","10","09","06:00"," ","2,70","","2,20","","97,00","","29,00","","2,00","","","","100,54","","","","","","ND"
"2008-10-09 07:00","2008","10","09","07:00"," ","3,30","","2,80","","97,00","","27,00","","4,00","","","","100,51","","","","","","ND"
"2008-10-09 08:00","2008","10","09","08:00"," ","4,60","","3,80","","95,00","","26,00","","4,00","","","","100,50","","","","","","ND"
"2008-10-09 09:00","2008","10","09","09:00"," ","8,00","","4,80","","80,00","","22,00","","13,00","","","","100,46","","","","","","ND"
"2008-10-09 10:00","2008","10","09","10:00"," ","9,00","","5,70","","80,00","","23,00","","9,00","","","","100,42","","","","","","ND"
"2008-10-09 11:00","2008","10","09","11:00"," ","10,50","","7,20","","80,00","","23,00","","19,00","","","","100,34","","","","","","ND"
"2008-10-09 12:00","2008","10","09","12:00"," ","12,00","","8,20","","78,00","","22,00","","17,00","","","","100,24","","","","","","ND"
"2008-10-09 13:00","2008","10","09","13:00"," ","12,90","","9,30","","79,00","","23,00","","11,00","","","","100,11","","","","","","ND"
"2008-10-09 14:00","2008","10","09","14:00"," ","13,00","","9,80","","81,00","","24,00","","11,00","","","","100,04","","","","","","ND"
"2008-10-09 15:00","2008","10","09","15:00"," ","12,70","","10,40","","86,00","","24,00","","11,00","","","","99,99","","","","","","ND"
"2008-10-09 16:00","2008","10","09","16:00"," ","12,60","","10,10","","85,00","","23,00","","15,00","","","","99,96","","","","","","ND"
"2008-10-09 17:00","2008","10","09","17:00"," ","12,10","","10,20","","88,00","","23,00","","11,00","","","","99,96","","","","","","ND"
"2008-10-09 18:00","2008","10","09","18:00"," ","11,90","","10,10","","89,00","","23,00","","13,00","","","","99,98","","","","","","ND"
"2008-10-09 19:00","2008","10","09","19:00"," ","12,00","","10,30","","89,00","","23,00","","13,00","","","","100,02","","","","","","ND"
"2008-10-09 20:00","2008","10","09","20:00"," ","11,90","","10,10","","89,00","","24,00","","11,00","","","","100,06","","","","","","ND"
"2008-10-09 21:00","2008","10","09","21:00"," ","11,40","","9,80","","90,00","","24,00","","19,00","","","","100,12","","","","","","ND"
"2008-10-09 22:00","2008","10","09","22:00"," ","11,40","","9,80","","90,00","","24,00","","13,00","","","","100,14","","","","","","ND"
"2008-10-09 23:00","2008","10","09","23:00"," ","10,70","","9,60","","93,00","","24,00","","17,00","","","","100,16","","","","","","ND"
"2008-10-10 00:00","2008","10","10","00:00"," ","10,10","","9,30","","95,00","","24,00","","15,00","","","","100,19","","","","","","ND"
"2008-10-10 01:00","2008","10","10","01:00"," ","9,40","","8,60","","95,00","","24,00","","11,00","","","","100,21","","","","","","ND"
"2008-10-10 02:00","2008","10","10","02:00"," ","8,60","","7,80","","95,00","","27,00","","6,00","","","","100,22","","","","","","ND"
"2008-10-10 03:00","2008","10","10","03:00"," ","8,80","","7,90","","94,00","","25,00","","11,00","","","","100,23","","","","","","ND"
"2008-10-10 04:00","2008","10","10","04:00"," ","8,60","","7,60","","93,00","","25,00","","6,00","","","","100,26","","","","","","ND"
"2008-10-10 05:00","2008","10","10","05:00"," ","9,10","","8,00","","93,00","","25,00","","11,00","","","","100,29","","","","","","ND"
"2008-10-10 06:00","2008","10","10","06:00"," ","9,20","","7,90","","92,00","","24,00","","9,00","","","","100,32","","","","","","ND"
"2008-10-10 07:00","2008","10","10","07:00"," ","9,40","","7,70","","89,00","","24,00","","13,00","","","","100,39","","","","","","ND"
"2008-10-10 08:00","2008","10","10","08:00"," ","10,50","","7,90","","84,00","","25,00","","13,00","","","","100,47","","","","","","ND"
"2008-10-10 09:00","2008","10","10","09:00"," ","12,40","","7,80","","73,00","","25,00","","15,00","","","","100,51","","","","","","ND"
"2008-10-10 10:00","2008","10","10","10:00"," ","14,40","","6,90","","61,00","","28,00","","17,00","","","","100,52","","","","","","ND"
"2008-10-10 11:00","2008","10","10","11:00"," ","15,30","","6,20","","55,00","","28,00","","19,00","","","","100,57","","","","","","ND"
"2008-10-10 12:00","2008","10","10","12:00"," ","15,20","","6,10","","55,00","","27,00","","22,00","","","","100,61","","","","","","ND"
"2008-10-10 13:00","2008","10","10","13:00"," ","15,40","","5,50","","52,00","","27,00","","22,00","","","","100,62","","","","","","ND"
"2008-10-10 14:00","2008","10","10","14:00"," ","15,00","","5,70","","54,00","","27,00","","19,00","","","","100,62","","","","","","ND"
"2008-10-10 15:00","2008","10","10","15:00"," ","15,40","","5,90","","53,00","","28,00","","13,00","","","","100,69","","","","","","ND"
"2008-10-10 16:00","2008","10","10","16:00"," ","15,30","","5,00","","50,00","","28,00","","19,00","","","","100,75","","","","","","ND"
"2008-10-10 17:00","2008","10","10","17:00"," ","14,80","","4,50","","50,00","","29,00","","17,00","","","","100,85","","","","","","ND"
"2008-10-10 18:00","2008","10","10","18:00"," ","13,80","","5,00","","55,00","","29,00","","19,00","","","","100,98","","","","","","ND"
"2008-10-10 19:00","2008","10","10","19:00"," ","12,30","","5,30","","62,00","","27,00","","11,00","","","","101,07","","","","","","ND"
"2008-10-10 20:00","2008","10","10","20:00"," ","10,30","","5,00","","70,00","","25,00","","7,00","","","","101,13","","","","","","ND"
"2008-10-10 21:00","2008","10","10","21:00"," ","9,20","","5,40","","77,00","","24,00","","11,00","","","","101,19","","","","","","ND"
"2008-10-10 22:00","2008","10","10","22:00"," ","8,20","","5,30","","82,00","","24,00","","9,00","","","","101,26","","","","","","ND"
"2008-10-10 23:00","2008","10","10","23:00"," ","8,40","","5,50","","82,00","","24,00","","9,00","","","","101,30","","","","","","ND"
"2008-10-11 00:00","2008","10","11","00:00"," ","8,10","","5,40","","83,00","","24,00","","7,00","","","","101,29","","","","","","ND"
"2008-10-11 01:00","2008","10","11","01:00"," ","8,30","","5,40","","82,00","","24,00","","9,00","","","","101,37","","","","","","ND"
"2008-10-11 02:00","2008","10","11","02:00"," ","8,00","","5,40","","84,00","","24,00","","13,00","","","","101,44","","","","","","ND"
"2008-10-11 03:00","2008","10","11","03:00"," ","7,80","","5,30","","84,00","","24,00","","9,00","","","","101,50","","","","","","ND"
"2008-10-11 04:00","2008","10","11","04:00"," ","8,80","","5,40","","79,00","","27,00","","7,00","","","","101,54","","","","","","ND"
"2008-10-11 05:00","2008","10","11","05:00"," ","8,80","","5,10","","78,00","","27,00","","13,00","","","","101,59","","","","","","ND"
"2008-10-11 06:00","2008","10","11","06:00"," ","8,40","","4,70","","78,00","","28,00","","9,00","","","","101,64","","","","","","ND"
"2008-10-11 07:00","2008","10","11","07:00"," ","8,60","","4,50","","75,00","","29,00","","11,00","","","","101,74","","","","","","ND"
"2008-10-11 08:00","2008","10","11","08:00"," ","9,60","","4,40","","70,00","","29,00","","11,00","","","","101,81","","","","","","ND"
"2008-10-11 09:00","2008","10","11","09:00"," ","11,30","","4,70","","64,00","","31,00","","17,00","","","","101,85","","","","","","ND"
"2008-10-11 10:00","2008","10","11","10:00"," ","13,30","","5,10","","58,00","","32,00","","13,00","","","","101,87","","","","","","ND"
"2008-10-11 11:00","2008","10","11","11:00"," ","14,50","","4,60","","51,00","","33,00","","13,00","","","","101,90","","","","","","ND"
"2008-10-11 12:00","2008","10","11","12:00"," ","15,60","","4,70","","48,00","","33,00","","9,00","","","","101,90","","","","","","ND"
"2008-10-11 13:00","2008","10","11","13:00"," ","16,30","","3,60","","43,00","","33,00","","9,00","","","","101,86","","","","","","ND"
"2008-10-11 14:00","2008","10","11","14:00"," ","16,40","","2,50","","39,00","","33,00","","11,00","","","","101,86","","","","","","ND"
"2008-10-11 15:00","2008","10","11","15:00"," ","15,20","","3,30","","45,00","","35,00","","9,00","","","","101,92","","","","","","ND"
"2008-10-11 16:00","2008","10","11","16:00"," ","14,30","","4,50","","52,00","","34,00","","9,00","","","","101,99","","","","","","ND"
"2008-10-11 17:00","2008","10","11","17:00"," ","13,50","","4,90","","56,00","","32,00","","7,00","","","","102,06","","","","","","ND"
"2008-10-11 18:00","2008","10","11","18:00"," ","12,90","","4,60","","57,00","","32,00","","6,00","","","","102,13","","","","","","ND"
"2008-10-11 19:00","2008","10","11","19:00"," ","11,90","","5,00","","63,00","","27,00","","2,00","","","","102,19","","","","","","ND"
"2008-10-11 20:00","2008","10","11","20:00"," ","11,50","","5,40","","66,00","","29,00","","6,00","","","","102,24","","","","","","ND"
"2008-10-11 21:00","2008","10","11","21:00"," ","9,90","","5,20","","73,00","","26,00","","6,00","","","","102,29","","","","","","ND"
"2008-10-11 22:00","2008","10","11","22:00"," ","9,20","","5,20","","76,00","","29,00","","9,00","","","","102,29","","","","","","ND"
"2008-10-11 23:00","2008","10","11","23:00"," ","7,10","","4,70","","85,00","","28,00","","6,00","","","","102,32","","","","","","ND"
"2008-10-12 00:00","2008","10","12","00:00"," ","8,70","","5,30","","79,00","","26,00","","4,00","","","","102,35","","","","","","ND"
"2008-10-12 01:00","2008","10","12","01:00"," ","8,50","","4,90","","78,00","","28,00","","4,00","","","","102,36","","","","","","ND"
"2008-10-12 02:00","2008","10","12","02:00"," ","7,90","","4,60","","80,00","","30,00","","7,00","","","","102,36","","","","","","ND"
"2008-10-12 03:00","2008","10","12","03:00"," ","6,50","","4,00","","84,00","","30,00","","7,00","","","","102,35","","","","","","ND"
"2008-10-12 04:00","2008","10","12","04:00"," ","5,30","","3,70","","89,00","","25,00","","6,00","","","","102,39","","","","","","ND"
"2008-10-12 05:00","2008","10","12","05:00"," ","4,80","","3,40","","91,00","","27,00","","6,00","","","","102,44","","","","","","ND"
"2008-10-12 06:00","2008","10","12","06:00"," ","4,10","","3,00","","93,00","","26,00","","4,00","","","","102,46","","","","","","ND"
"2008-10-12 07:00","2008","10","12","07:00"," ","2,90","","1,80","","92,00","","26,00","","2,00","","","","102,52","","","","","","ND"
"2008-10-12 08:00","2008","10","12","08:00"," ","5,90","","3,40","","84,00","","28,00","","4,00","","","","102,56","","","","","","ND"
"2008-10-12 09:00","2008","10","12","09:00"," ","8,60","","4,20","","74,00","","24,00","","6,00","","","","102,55","","","","","","ND"
"2008-10-12 10:00","2008","10","12","10:00"," ","10,90","","4,90","","66,00","","23,00","","7,00","","","","102,50","","","","","","ND"
"2008-10-12 11:00","2008","10","12","11:00"," ","12,20","","4,80","","61,00","","25,00","","11,00","","","","102,46","","","","","","ND"
"2008-10-12 12:00","2008","10","12","12:00"," ","14,00","","4,00","","51,00","","31,00","","7,00","","","","102,38","","","","","","ND"
"2008-10-12 13:00","2008","10","12","13:00"," ","15,00","","3,40","","46,00","","31,00","","9,00","","","","102,30","","","","","","ND"
"2008-10-12 14:00","2008","10","12","14:00"," ","15,80","","2,20","","40,00","","30,00","","9,00","","","","102,21","","","","","","ND"
"2008-10-12 15:00","2008","10","12","15:00"," ","15,70","","1,30","","38,00","","31,00","","7,00","","","","102,19","","","","","","ND"
"2008-10-12 16:00","2008","10","12","16:00"," ","15,00","","1,30","","39,00","","31,00","","7,00","","","","102,19","","","","","","ND"
"2008-10-12 17:00","2008","10","12","17:00"," ","13,30","","3,50","","51,00","","32,00","","6,00","","","","102,24","","","","","","ND"
"2008-10-12 18:00","2008","10","12","18:00"," ","12,10","","4,30","","59,00","","31,00","","9,00","","","","102,29","","","","","","ND"
"2008-10-12 19:00","2008","10","12","19:00"," ","11,30","","4,10","","61,00","","31,00","","9,00","","","","102,28","","","","","","ND"
"2008-10-12 20:00","2008","10","12","20:00"," ","10,50","","4,10","","65,00","","30,00","","7,00","","","","102,28","","","","","","ND"
"2008-10-12 21:00","2008","10","12","21:00"," ","9,50","","4,10","","69,00","","26,00","","4,00","","","","102,25","","","","","","ND"
"2008-10-12 22:00","2008","10","12","22:00"," ","9,30","","3,70","","68,00","","30,00","","7,00","","","","102,25","","","","","","ND"
"2008-10-12 23:00","2008","10","12","23:00"," ","8,70","","3,60","","70,00","","28,00","","9,00","","","","102,22","","","","","","ND"
"2008-10-13 00:00","2008","10","13","00:00"," ","8,70","","3,60","","70,00","","32,00","","6,00","","","","102,20","","","","","","ND"
"2008-10-13 01:00","2008","10","13","01:00"," ","7,80","","4,70","","81,00","","29,00","","4,00","","","","102,17","","","","","","ND"
"2008-10-13 02:00","2008","10","13","02:00"," ","7,70","","5,00","","83,00","","30,00","","6,00","","","","102,12","","","","","","ND"
"2008-10-13 03:00","2008","10","13","03:00"," ","7,90","","4,90","","81,00","","31,00","","6,00","","","","102,07","","","","","","ND"
"2008-10-13 04:00","2008","10","13","04:00"," ","7,80","","5,10","","83,00","","34,00","","9,00","","","","102,09","","","","","","ND"
"2008-10-13 05:00","2008","10","13","05:00"," ","7,40","","5,40","","87,00","","36,00","","6,00","","","","102,13","","","","","","ND"
"2008-10-13 06:00","2008","10","13","06:00"," ","7,20","","5,00","","86,00","","33,00","","6,00","","","","102,16","","","","","","ND"
"2008-10-13 07:00","2008","10","13","07:00"," ","6,80","","4,70","","86,00","","32,00","","7,00","","","","102,19","","","","","","ND"
"2008-10-13 08:00","2008","10","13","08:00"," ","8,00","","4,80","","80,00","","35,00","","7,00","","","","102,24","","","","","","ND"
"2008-10-13 09:00","2008","10","13","09:00"," ","9,60","","4,90","","72,00","","35,00","","11,00","","","","102,24","","","","","","ND"
"2008-10-13 10:00","2008","10","13","10:00"," ","11,00","","4,20","","63,00","","2,00","","13,00","","","","102,23","","","","","","ND"
"2008-10-13 11:00","2008","10","13","11:00"," ","12,00","","3,50","","56,00","","36,00","","13,00","","","","102,23","","","","","","ND"
"2008-10-13 12:00","2008","10","13","12:00"," ","12,70","","3,00","","52,00","","2,00","","15,00","","","","102,21","","","","","","ND"
"2008-10-13 13:00","2008","10","13","13:00"," ","13,40","","3,40","","51,00","","2,00","","11,00","","","","102,16","","","","","","ND"
"2008-10-13 14:00","2008","10","13","14:00"," ","12,90","","3,00","","51,00","","5,00","","11,00","","","","102,15","","","","","","ND"
"2008-10-13 15:00","2008","10","13","15:00"," ","12,50","","4,30","","57,00","","6,00","","7,00","","","","102,16","","","","","","ND"
"2008-10-13 16:00","2008","10","13","16:00"," ","11,30","","5,00","","65,00","","9,00","","11,00","","","","102,16","","","","","","ND"
"2008-10-13 17:00","2008","10","13","17:00"," ","11,10","","5,60","","69,00","","8,00","","11,00","","","","102,20","","","","","","ND"
"2008-10-13 18:00","2008","10","13","18:00"," ","10,00","","5,30","","73,00","","7,00","","6,00","","","","102,27","","","","","","ND"
"2008-10-13 19:00","2008","10","13","19:00"," ","8,50","","5,10","","79,00","","9,00","","6,00","","","","102,32","","","","","","ND"
"2008-10-13 20:00","2008","10","13","20:00"," ","6,90","","4,90","","87,00","","6,00","","2,00","","","","102,32","","","","","","ND"
"2008-10-13 21:00","2008","10","13","21:00"," ","6,30","","4,80","","90,00","","9,00","","2,00","","","","102,35","","","","","","ND"
"2008-10-13 22:00","2008","10","13","22:00"," ","5,20","","4,10","","93,00","","11,00","","2,00","","","","102,33","","","","","","ND"
"2008-10-13 23:00","2008","10","13","23:00"," ","4,00","","3,00","","93,00","","0,00","","0,00","","","","102,29","","","","","","ND"
"2008-10-14 00:00","2008","10","14","00:00"," ","3,80","","3,30","","97,00","","28,00","","4,00","","","","102,31","","","","","","ND"
"2008-10-14 01:00","2008","10","14","01:00"," ","3,00","","2,40","","96,00","","0,00","","0,00","","","","102,28","","","","","","ND"
"2008-10-14 02:00","2008","10","14","02:00"," ","1,60","","1,10","","96,00","","0,00","","0,00","","","","102,26","","","","","","ND"
"2008-10-14 03:00","2008","10","14","03:00"," ","1,20","","0,80","","97,00","","25,00","","4,00","","","","102,21","","","","","","ND"
"2008-10-14 04:00","2008","10","14","04:00"," ","-0,10","","-0,40","","98,00","","27,00","","2,00","","","","102,18","","","","-1,00","","ND"
"2008-10-14 05:00","2008","10","14","05:00"," ","0,10","","-0,10","","99,00","","24,00","","6,00","","","","102,15","","","","","","ND"
"2008-10-14 06:00","2008","10","14","06:00"," ","-0,30","","-0,50","","99,00","","26,00","","2,00","","","","102,14","","","","-1,00","","ND"
"2008-10-14 07:00","2008","10","14","07:00"," ","-0,80","","-0,90","","99,00","","23,00","","2,00","","","","102,10","","","","-1,00","","ND"
"2008-10-14 08:00","2008","10","14","08:00"," ","1,30","","0,50","","94,00","","29,00","","4,00","","","","102,08","","","","","","ND"
"2008-10-14 09:00","2008","10","14","09:00"," ","4,20","","3,80","","97,00","","22,00","","9,00","","","","102,01","","","","","","ND"
"2008-10-14 10:00","2008","10","14","10:00"," ","8,00","","4,90","","81,00","","24,00","","15,00","","","","101,93","","","","","","ND"
"2008-10-14 11:00","2008","10","14","11:00"," ","11,50","","5,90","","68,00","","22,00","","22,00","","","","101,74","","","","","","ND"
"2008-10-14 12:00","2008","10","14","12:00"," ","13,90","","6,20","","60,00","","22,00","","22,00","","","","101,55","","","","","","ND"
"2008-10-14 13:00","2008","10","14","13:00"," ","13,80","","6,30","","61,00","","23,00","","22,00","","","","101,38","","","","","","ND"
"2008-10-14 14:00","2008","10","14","14:00"," ","13,90","","6,40","","61,00","","22,00","","28,00","","","","101,28","","","","","","ND"
"2008-10-14 15:00","2008","10","14","15:00"," ","14,10","","6,50","","60,00","","23,00","","22,00","","","","101,17","","","","","","ND"
"2008-10-14 16:00","2008","10","14","16:00"," ","13,80","","7,00","","63,00","","21,00","","15,00","","","","101,04","","","","","","ND"
"2008-10-14 17:00","2008","10","14","17:00"," ","13,30","","6,60","","64,00","","20,00","","22,00","","","","100,89","","","","","","ND"
"2008-10-14 18:00","2008","10","14","18:00"," ","12,70","","6,30","","65,00","","20,00","","32,00","","","","100,75","","","","","","ND"
"2008-10-14 19:00","2008","10","14","19:00"," ","11,80","","5,60","","66,00","","21,00","","32,00","","","","100,71","","","","","","ND"
"2008-10-14 20:00","2008","10","14","20:00"," ","11,30","","5,60","","68,00","","22,00","","32,00","","","","100,67","","","","","","ND"
"2008-10-14 21:00","2008","10","14","21:00"," ","9,80","","7,80","","87,00","","22,00","","30,00","","","","100,66","","","","","","ND"
"2008-10-14 22:00","2008","10","14","22:00"," ","9,70","","8,20","","90,00","","22,00","","28,00","","","","100,72","","","","","","ND"
"2008-10-14 23:00","2008","10","14","23:00"," ","9,70","","8,30","","91,00","","23,00","","26,00","","","","100,70","","","","","","ND"
"2008-10-15 00:00","2008","10","15","00:00"," ","9,90","","8,60","","92,00","","23,00","","22,00","","","","100,71","","","","","","ND"
"2008-10-15 01:00","2008","10","15","01:00"," ","10,00","","8,40","","90,00","","24,00","","17,00","","","","100,82","","","","","","ND"
"2008-10-15 02:00","2008","10","15","02:00"," ","9,00","","7,90","","93,00","","24,00","","11,00","","","","100,89","","","","","","ND"
"2008-10-15 03:00","2008","10","15","03:00"," ","8,70","","7,30","","91,00","","26,00","","13,00","","","","100,90","","","","","","ND"
"2008-10-15 04:00","2008","10","15","04:00"," ","7,40","","5,70","","89,00","","24,00","","7,00","","","","100,98","","","","","","ND"
"2008-10-15 05:00","2008","10","15","05:00"," ","6,70","","5,00","","89,00","","24,00","","7,00","","","","101,10","","","","","","ND"
"2008-10-15 06:00","2008","10","15","06:00"," ","6,00","","4,10","","88,00","","24,00","","11,00","","","","101,15","","","","","","ND"
"2008-10-15 07:00","2008","10","15","07:00"," ","6,00","","3,90","","86,00","","24,00","","11,00","","","","101,26","","","","","","ND"
"2008-10-15 08:00","2008","10","15","08:00"," ","7,30","","4,30","","81,00","","25,00","","11,00","","","","101,34","","","","","","ND"
"2008-10-15 09:00","2008","10","15","09:00"," ","9,50","","4,50","","71,00","","28,00","","13,00","","","","101,36","","","","","","ND"
"2008-10-15 10:00","2008","10","15","10:00"," ","11,00","","4,00","","62,00","","32,00","","13,00","","","","101,37","","","","","","ND"
"2008-10-15 11:00","2008","10","15","11:00"," ","12,40","","3,00","","53,00","","30,00","","11,00","","","","101,36","","","","","","ND"
"2008-10-15 12:00","2008","10","15","12:00"," ","13,50","","2,70","","48,00","","34,00","","7,00","","","","101,35","","","","","","ND"
"2008-10-15 13:00","2008","10","15","13:00"," ","14,30","","3,30","","48,00","","31,00","","6,00","","","","101,30","","","","","","ND"
"2008-10-15 14:00","2008","10","15","14:00"," ","15,40","","2,90","","43,00","","19,00","","4,00","","","","101,27","","","","","","ND"
"2008-10-15 15:00","2008","10","15","15:00"," ","15,50","","2,10","","40,00","","23,00","","7,00","","","","101,27","","","","","","ND"
"2008-10-15 16:00","2008","10","15","16:00"," ","15,30","","3,20","","44,00","","21,00","","7,00","","","","101,23","","","","","","ND"
"2008-10-15 17:00","2008","10","15","17:00"," ","13,90","","3,90","","51,00","","16,00","","4,00","","","","101,22","","","","","","ND"
"2008-10-15 18:00","2008","10","15","18:00"," ","11,70","","5,20","","64,00","","0,00","","0,00","","","","101,24","","","","","","ND"
"2008-10-15 19:00","2008","10","15","19:00"," ","9,90","","6,50","","79,00","","10,00","","7,00","","","","101,27","","","","","","ND"
"2008-10-15 20:00","2008","10","15","20:00"," ","9,30","","6,40","","82,00","","8,00","","4,00","","","","101,32","","","","","","ND"
"2008-10-15 21:00","2008","10","15","21:00"," ","8,80","","6,40","","85,00","","6,00","","6,00","","","","101,31","","","","","","ND"
"2008-10-15 22:00","2008","10","15","22:00"," ","8,30","","6,30","","87,00","","0,00","","0,00","","","","101,30","","","","","","ND"
"2008-10-15 23:00","2008","10","15","23:00"," ","8,10","","6,30","","88,00","","8,00","","2,00","","","","101,27","","","","","","ND"
"2008-10-16 00:00","2008","10","16","00:00"," ","7,90","","6,30","","90,00","","15,00","","4,00","","","","101,26","","","","","","ND"
"2008-10-16 01:00","2008","10","16","01:00"," ","7,90","","6,00","","88,00","","21,00","","4,00","","","","101,21","","","","","","ND"
"2008-10-16 02:00","2008","10","16","02:00"," ","7,90","","6,00","","88,00","","24,00","","4,00","","","","101,18","","","","","","ND"
"2008-10-16 03:00","2008","10","16","03:00"," ","7,70","","5,80","","88,00","","24,00","","6,00","","","","101,12","","","","","","ND"
"2008-10-16 04:00","2008","10","16","04:00"," ","7,30","","5,60","","89,00","","22,00","","4,00","","","","101,14","","","","","","ND"
"2008-10-16 05:00","2008","10","16","05:00"," ","7,40","","5,70","","89,00","","21,00","","4,00","","","","101,10","","","","","","ND"
"2008-10-16 06:00","2008","10","16","06:00"," ","7,20","","5,50","","89,00","","21,00","","4,00","","","","101,08","","","","","","ND"
"2008-10-16 07:00","2008","10","16","07:00"," ","7,30","","5,80","","90,00","","22,00","","4,00","","","","101,03","","","","","","ND"
"2008-10-16 08:00","2008","10","16","08:00"," ","7,70","","6,30","","91,00","","23,00","","7,00","","","","101,03","","","","","","ND"
"2008-10-16 09:00","2008","10","16","09:00"," ","8,40","","6,30","","87,00","","22,00","","9,00","","","","101,00","","","","","","ND"
"2008-10-16 10:00","2008","10","16","10:00"," ","9,00","","6,60","","85,00","","21,00","","9,00","","","","100,99","","","","","","ND"
"2008-10-16 11:00","2008","10","16","11:00"," ","10,40","","6,70","","78,00","","21,00","","11,00","","","","100,92","","","","","","ND"
"2008-10-16 12:00","2008","10","16","12:00"," ","11,20","","6,60","","73,00","","20,00","","11,00","","","","100,82","","","","","","ND"
"2008-10-16 13:00","2008","10","16","13:00"," ","11,50","","6,90","","73,00","","21,00","","11,00","","","","100,73","","","","","","ND"
"2008-10-16 14:00","2008","10","16","14:00"," ","11,40","","6,30","","71,00","","21,00","","19,00","","","","100,68","","","","","","ND"
"2008-10-16 15:00","2008","10","16","15:00"," ","11,50","","7,10","","74,00","","23,00","","13,00","","","","100,66","","","","","","ND"
"2008-10-16 16:00","2008","10","16","16:00"," ","11,50","","7,90","","79,00","","22,00","","11,00","","","","100,61","","","","","","ND"
"2008-10-16 17:00","2008","10","16","17:00"," ","10,90","","8,50","","85,00","","0,00","","0,00","","","","100,57","","","","","","ND"
"2008-10-16 18:00","2008","10","16","18:00"," ","10,40","","9,10","","92,00","","0,00","","0,00","","","","100,56","","","","","","ND"
"2008-10-16 19:00","2008","10","16","19:00"," ","10,00","","9,20","","95,00","","30,00","","4,00","","","","100,61","","","","","","ND"
"2008-10-16 20:00","2008","10","16","20:00"," ","9,90","","9,00","","94,00","","26,00","","6,00","","","","100,60","","","","","","ND"
"2008-10-16 21:00","2008","10","16","21:00"," ","9,70","","9,00","","95,00","","24,00","","6,00","","","","100,59","","","","","","ND"
"2008-10-16 22:00","2008","10","16","22:00"," ","9,70","","9,10","","96,00","","25,00","","6,00","","","","100,57","","","","","","ND"
"2008-10-16 23:00","2008","10","16","23:00"," ","9,60","","9,00","","96,00","","28,00","","6,00","","","","100,52","","","","","","ND"
"2008-10-17 00:00","2008","10","17","00:00"," ","9,60","","9,00","","96,00","","29,00","","6,00","","","","100,52","","","","","","ND"
"2008-10-17 01:00","2008","10","17","01:00"," ","9,20","","8,40","","95,00","","30,00","","6,00","","","","100,50","","","","","","ND"
"2008-10-17 02:00","2008","10","17","02:00"," ","7,60","","6,80","","95,00","","26,00","","2,00","","","","100,51","","","","","","ND"
"2008-10-17 03:00","2008","10","17","03:00"," ","7,10","","5,90","","92,00","","28,00","","6,00","","","","100,50","","","","","","ND"
"2008-10-17 04:00","2008","10","17","04:00"," ","6,60","","5,30","","91,00","","29,00","","6,00","","","","100,53","","","","","","ND"
"2008-10-17 05:00","2008","10","17","05:00"," ","6,30","","4,70","","89,00","","28,00","","7,00","","","","100,55","","","","","","ND"
"2008-10-17 06:00","2008","10","17","06:00"," ","5,50","","4,00","","90,00","","29,00","","6,00","","","","100,57","","","","","","ND"
"2008-10-17 07:00","2008","10","17","07:00"," ","4,90","","3,40","","90,00","","27,00","","4,00","","","","100,64","","","","","","ND"
"2008-10-17 08:00","2008","10","17","08:00"," ","6,80","","3,80","","81,00","","32,00","","11,00","","","","100,71","","","","","","ND"
"2008-10-17 09:00","2008","10","17","09:00"," ","7,50","","3,90","","78,00","","30,00","","11,00","","","","100,76","","","","","","ND"
"2008-10-17 10:00","2008","10","17","10:00"," ","8,30","","3,50","","72,00","","30,00","","13,00","","","","100,77","","","","","","ND"
"2008-10-17 11:00","2008","10","17","11:00"," ","9,50","","2,80","","63,00","","30,00","","13,00","","","","100,76","","","","","","ND"
"2008-10-17 12:00","2008","10","17","12:00"," ","10,50","","2,40","","57,00","","30,00","","17,00","","","","100,72","","","","","","ND"
"2008-10-17 13:00","2008","10","17","13:00"," ","11,00","","1,50","","52,00","","30,00","","19,00","","","","100,69","","","","","","ND"
"2008-10-17 14:00","2008","10","17","14:00"," ","11,10","","0,80","","49,00","","30,00","","17,00","","","","100,72","","","","","","ND"
"2008-10-17 15:00","2008","10","17","15:00"," ","10,90","","-0,10","","47,00","","31,00","","15,00","","","","100,80","","","","","","ND"
"2008-10-17 16:00","2008","10","17","16:00"," ","10,70","","-1,50","","43,00","","31,00","","13,00","","","","100,81","","","","","","ND"
"2008-10-17 17:00","2008","10","17","17:00"," ","9,60","","-1,60","","45,00","","30,00","","9,00","","","","100,87","","","","","","ND"
"2008-10-17 18:00","2008","10","17","18:00"," ","8,00","","-2,10","","49,00","","30,00","","15,00","","","","100,98","","","","","","ND"
"2008-10-17 19:00","2008","10","17","19:00"," ","6,80","","-2,40","","52,00","","30,00","","11,00","","","","101,06","","","","","","ND"
"2008-10-17 20:00","2008","10","17","20:00"," ","5,30","","-2,40","","58,00","","27,00","","6,00","","","","101,14","","","","","","ND"
"2008-10-17 21:00","2008","10","17","21:00"," ","3,90","","-2,30","","64,00","","26,00","","9,00","","","","101,19","","","","","","ND"
"2008-10-17 22:00","2008","10","17","22:00"," ","3,30","","-2,40","","66,00","","24,00","","11,00","","","","101,26","","","","","","ND"
"2008-10-17 23:00","2008","10","17","23:00"," ","3,20","","-3,00","","64,00","","26,00","","7,00","","","","101,27","","","","","","ND"
"2008-10-18 00:00","2008","10","18","00:00"," ","2,70","","-2,90","","67,00","","26,00","","9,00","","","","101,28","","","","","","ND"
"2008-10-18 01:00","2008","10","18","01:00"," ","2,60","","-2,60","","69,00","","27,00","","13,00","","","","101,31","","","","","","ND"
"2008-10-18 02:00","2008","10","18","02:00"," ","0,80","","-2,40","","79,00","","25,00","","6,00","","","","101,35","","","","","","ND"
"2008-10-18 03:00","2008","10","18","03:00"," ","-0,30","","-2,70","","84,00","","21,00","","7,00","","","","101,37","","","","-3,00","","ND"
"2008-10-18 04:00","2008","10","18","04:00"," ","0,20","","-2,50","","82,00","","27,00","","7,00","","","","101,41","","","","","","ND"
"2008-10-18 05:00","2008","10","18","05:00"," ","0,10","","-2,60","","82,00","","24,00","","6,00","","","","101,46","","","","","","ND"
"2008-10-18 06:00","2008","10","18","06:00"," ","-0,10","","-2,50","","84,00","","27,00","","7,00","","","","101,52","","","","-3,00","","ND"
"2008-10-18 07:00","2008","10","18","07:00"," ","0,10","","-2,80","","81,00","","25,00","","6,00","","","","101,57","","","","","","ND"
"2008-10-18 08:00","2008","10","18","08:00"," ","1,70","","-2,80","","72,00","","27,00","","6,00","","","","101,66","","","","","","ND"
"2008-10-18 09:00","2008","10","18","09:00"," ","3,90","","-3,10","","60,00","","31,00","","11,00","","","","101,70","","","","","","ND"
"2008-10-18 10:00","2008","10","18","10:00"," ","5,00","","-3,90","","53,00","","33,00","","15,00","","","","101,69","","","","","","ND"
"2008-10-18 11:00","2008","10","18","11:00"," ","6,30","","-4,00","","48,00","","32,00","","13,00","","","","101,68","","","","","","ND"
"2008-10-18 12:00","2008","10","18","12:00"," ","7,10","","-5,20","","41,00","","32,00","","11,00","","","","101,70","","","","","","ND"
"2008-10-18 13:00","2008","10","18","13:00"," ","7,80","","-5,20","","39,00","","35,00","","11,00","","","","101,70","","","","","","ND"
"2008-10-18 14:00","2008","10","18","14:00"," ","8,60","","-4,90","","38,00","","31,00","","9,00","","","","101,72","","","","","","ND"
"2008-10-18 15:00","2008","10","18","15:00"," ","8,40","","-4,20","","41,00","","34,00","","9,00","","","","101,76","","","","","","ND"
"2008-10-18 16:00","2008","10","18","16:00"," ","8,10","","-4,80","","40,00","","34,00","","9,00","","","","101,81","","","","","","ND"
"2008-10-18 17:00","2008","10","18","17:00"," ","7,40","","-4,40","","43,00","","34,00","","6,00","","","","101,88","","","","","","ND"
"2008-10-18 18:00","2008","10","18","18:00"," ","4,90","","-3,10","","56,00","","34,00","","6,00","","","","101,99","","","","","","ND"
"2008-10-18 19:00","2008","10","18","19:00"," ","3,90","","-2,20","","64,00","","2,00","","4,00","","","","102,07","","","","","","ND"
"2008-10-18 20:00","2008","10","18","20:00"," ","3,20","","-3,60","","61,00","","36,00","","2,00","","","","102,19","","","","","","ND"
"2008-10-18 21:00","2008","10","18","21:00"," ","0,70","","-3,50","","73,00","","25,00","","4,00","","","","102,24","","","","","","ND"
"2008-10-18 22:00","2008","10","18","22:00"," ","-0,80","","-3,10","","84,00","","30,00","","6,00","","","","102,27","","","","-3,00","","ND"
"2008-10-18 23:00","2008","10","18","23:00"," ","0,70","","-4,30","","69,00","","30,00","","6,00","","","","102,30","","","","","","ND"
"2008-10-19 00:00","2008","10","19","00:00"," ","0,80","","-4,80","","66,00","","30,00","","9,00","","","","102,31","","","","","","ND"
"2008-10-19 01:00","2008","10","19","01:00"," ","0,90","","-5,00","","65,00","","30,00","","9,00","","","","102,34","","","","","","ND"
"2008-10-19 02:00","2008","10","19","02:00"," ","-1,30","","-4,70","","78,00","","27,00","","6,00","","","","102,39","","","","-4,00","","ND"
"2008-10-19 03:00","2008","10","19","03:00"," ","-1,60","","-4,80","","79,00","","26,00","","6,00","","","","102,41","","","","-4,00","","ND"
"2008-10-19 04:00","2008","10","19","04:00"," ","-1,00","","-4,80","","75,00","","28,00","","4,00","","","","102,42","","","","-2,00","","ND"
"2008-10-19 05:00","2008","10","19","05:00"," ","-0,50","","-4,40","","75,00","","32,00","","4,00","","","","102,48","","","","-2,00","","ND"
"2008-10-19 06:00","2008","10","19","06:00"," ","-4,20","","-6,30","","85,00","","4,00","","2,00","","","","102,54","","","","-5,00","","ND"
"2008-10-19 07:00","2008","10","19","07:00"," ","-4,00","","-5,40","","90,00","","23,00","","6,00","","","","102,68","","","","-7,00","","ND"
"2008-10-19 08:00","2008","10","19","08:00"," ","-0,80","","-4,00","","79,00","","28,00","","6,00","","","","102,73","","","","-3,00","","ND"
"2008-10-19 09:00","2008","10","19","09:00"," ","2,40","","-3,20","","66,00","","30,00","","4,00","","","","102,73","","","","","","ND"
"2008-10-19 10:00","2008","10","19","10:00"," ","5,00","","-3,20","","55,00","","35,00","","7,00","","","","102,69","","","","","","ND"
"2008-10-19 11:00","2008","10","19","11:00"," ","7,80","","-5,30","","39,00","","2,00","","4,00","","","","102,68","","","","","","ND"
"2008-10-19 12:00","2008","10","19","12:00"," ","7,90","","-6,10","","36,00","","32,00","","4,00","","","","102,67","","","","","","ND"
"2008-10-19 13:00","2008","10","19","13:00"," ","9,30","","-5,60","","34,00","","26,00","","7,00","","","","102,57","","","","","","ND"
"2008-10-19 14:00","2008","10","19","14:00"," ","9,50","","-6,70","","31,00","","28,00","","6,00","","","","102,49","","","","","","ND"
"2008-10-19 15:00","2008","10","19","15:00"," ","9,60","","-6,50","","31,00","","11,00","","6,00","","","","102,48","","","","","","ND"
"2008-10-19 16:00","2008","10","19","16:00"," ","9,60","","-6,60","","31,00","","14,00","","6,00","","","","102,46","","","","","","ND"
"2008-10-19 17:00","2008","10","19","17:00"," ","8,20","","-5,50","","37,00","","16,00","","6,00","","","","102,46","","","","","","ND"
"2008-10-19 18:00","2008","10","19","18:00"," ","4,40","","-2,40","","61,00","","13,00","","9,00","","","","102,47","","","","","","ND"
"2008-10-19 19:00","2008","10","19","19:00"," ","2,60","","-2,50","","69,00","","15,00","","7,00","","","","102,51","","","","","","ND"
"2008-10-19 20:00","2008","10","19","20:00"," ","1,80","","-2,70","","72,00","","16,00","","6,00","","","","102,52","","","","","","ND"
"2008-10-19 21:00","2008","10","19","21:00"," ","0,00","","-3,00","","80,00","","30,00","","2,00","","","","102,53","","","","-1,00","","ND"
"2008-10-19 22:00","2008","10","19","22:00"," ","-1,20","","-3,20","","86,00","","0,00","","0,00","","","","102,48","","","","","","ND"
"2008-10-19 23:00","2008","10","19","23:00"," ","-2,00","","-3,30","","91,00","","27,00","","4,00","","","","102,40","","","","-3,00","","ND"
"2008-10-20 00:00","2008","10","20","00:00"," ","-2,10","","-4,20","","86,00","","25,00","","4,00","","","","102,40","","","","-4,00","","ND"
"2008-10-20 01:00","2008","10","20","01:00"," ","-2,70","","-4,40","","88,00","","0,00","","0,00","","","","102,41","","","","","","ND"
"2008-10-20 02:00","2008","10","20","02:00"," ","-3,50","","-4,90","","90,00","","0,00","","0,00","","","","102,42","","","","","","ND"
"2008-10-20 03:00","2008","10","20","03:00"," ","-3,80","","-4,90","","92,00","","26,00","","4,00","","","","102,39","","","","-5,00","","ND"
"2008-10-20 04:00","2008","10","20","04:00"," ","-4,00","","-5,90","","87,00","","28,00","","2,00","","","","102,29","","","","-5,00","","ND"
"2008-10-20 05:00","2008","10","20","05:00"," ","-4,60","","-5,50","","93,00","","20,00","","2,00","","","","102,30","","","","-5,00","","ND"
"2008-10-20 06:00","2008","10","20","06:00"," ","-4,90","","-6,10","","91,00","","20,00","","2,00","","","","102,26","","","","-6,00","","ND"
"2008-10-20 07:00","2008","10","20","07:00"," ","-4,20","","-4,70","","96,00","","28,00","","6,00","","","","102,21","","","","-7,00","","ND"
"2008-10-20 08:00","2008","10","20","08:00"," ","-3,20","","-4,20","","93,00","","27,00","","4,00","","","","102,21","","","","-5,00","","ND"
"2008-10-20 09:00","2008","10","20","09:00"," ","-0,20","","-3,20","","80,00","","26,00","","6,00","","","","102,18","","","","-2,00","","ND"
"2008-10-20 10:00","2008","10","20","10:00"," ","3,40","","-1,00","","73,00","","24,00","","7,00","","","","102,08","","","","","","ND"
"2008-10-20 11:00","2008","10","20","11:00"," ","6,40","","-0,50","","61,00","","29,00","","6,00","","","","101,97","","","","","","ND"
"2008-10-20 12:00","2008","10","20","12:00"," ","8,40","","-0,80","","52,00","","20,00","","2,00","","","","101,84","","","","","","ND"
"2008-10-20 13:00","2008","10","20","13:00"," ","9,00","","-2,20","","45,00","","4,00","","4,00","","","","101,69","","","","","","ND"
"2008-10-20 14:00","2008","10","20","14:00"," ","9,60","","-2,00","","44,00","","10,00","","4,00","","","","101,59","","","","","","ND"
"2008-10-20 15:00","2008","10","20","15:00"," ","10,30","","-2,00","","42,00","","23,00","","2,00","","","","101,57","","","","","","ND"
"2008-10-20 16:00","2008","10","20","16:00"," ","8,50","","1,00","","59,00","","3,00","","7,00","","","","101,48","","","","","","ND"
"2008-10-20 17:00","2008","10","20","17:00"," ","7,20","","2,50","","72,00","","8,00","","13,00","","","","101,44","","","","","","ND"
"2008-10-20 18:00","2008","10","20","18:00"," ","5,00","","2,00","","81,00","","5,00","","4,00","","","","101,41","","","","","","ND"
"2008-10-20 19:00","2008","10","20","19:00"," ","2,80","","0,60","","85,00","","9,00","","7,00","","","","101,39","","","","","","ND"
"2008-10-20 20:00","2008","10","20","20:00"," ","1,70","","0,00","","88,00","","34,00","","2,00","","","","101,33","","","","","","ND"
"2008-10-20 21:00","2008","10","20","21:00"," ","0,10","","-0,80","","94,00","","32,00","","2,00","","","","101,27","","","","","","ND"
"2008-10-20 22:00","2008","10","20","22:00"," ","-0,70","","-1,60","","94,00","","0,00","","0,00","","","","101,23","","","","","","ND"
"2008-10-20 23:00","2008","10","20","23:00"," ","-1,00","","-1,60","","96,00","","32,00","","2,00","","","","101,19","","","","-2,00","","ND"
"2008-10-21 00:00","2008","10","21","00:00"," ","-1,50","","-2,20","","95,00","","23,00","","2,00","","","","101,06","","","","-2,00","","ND"
"2008-10-21 01:00","2008","10","21","01:00"," ","-1,90","","-2,40","","96,00","","29,00","","4,00","","","","100,98","","","","-3,00","","ND"
"2008-10-21 02:00","2008","10","21","02:00"," ","-2,20","","-2,70","","96,00","","31,00","","6,00","","","","100,94","","","","-5,00","","ND"
"2008-10-21 03:00","2008","10","21","03:00"," ","-2,40","","-2,90","","96,00","","35,00","","2,00","","","","100,89","","","","-3,00","","ND"
"2008-10-21 04:00","2008","10","21","04:00"," ","-2,40","","-2,90","","96,00","","20,00","","2,00","","","","100,87","","","","-3,00","","ND"
"2008-10-21 05:00","2008","10","21","05:00"," ","-1,60","","-1,90","","98,00","","31,00","","7,00","","","","100,90","","","","-4,00","","ND"
"2008-10-21 06:00","2008","10","21","06:00"," ","-2,20","","-2,70","","96,00","","33,00","","2,00","","","","100,90","","","","-3,00","","ND"
"2008-10-21 07:00","2008","10","21","07:00"," ","-1,50","","-1,80","","98,00","","32,00","","2,00","","","","100,86","","","","-2,00","","ND"
"2008-10-21 08:00","2008","10","21","08:00"," ","2,80","","0,50","","85,00","","4,00","","4,00","","","","100,90","","","","","","ND"
"2008-10-21 09:00","2008","10","21","09:00"," ","5,50","","1,30","","74,00","","1,00","","6,00","","","","100,91","","","","","","ND"
"2008-10-21 10:00","2008","10","21","10:00"," ","7,10","","2,20","","71,00","","4,00","","17,00","","","","100,90","","","","","","ND"
"2008-10-21 11:00","2008","10","21","11:00"," ","8,20","","1,60","","63,00","","4,00","","17,00","","","","100,92","","","","","","ND"
"2008-10-21 12:00","2008","10","21","12:00"," ","9,50","","-0,40","","50,00","","5,00","","19,00","","","","100,91","","","","","","ND"
"2008-10-21 13:00","2008","10","21","13:00"," ","9,60","","1,30","","56,00","","8,00","","17,00","","","","100,91","","","","","","ND"
"2008-10-21 14:00","2008","10","21","14:00"," ","8,90","","2,30","","63,00","","7,00","","19,00","","","","100,93","","","","","","ND"
"2008-10-21 15:00","2008","10","21","15:00"," ","8,60","","1,50","","61,00","","8,00","","19,00","","","","100,99","","","","","","ND"
"2008-10-21 16:00","2008","10","21","16:00"," ","7,90","","2,60","","69,00","","7,00","","20,00","","","","101,03","","","","","","ND"
"2008-10-21 17:00","2008","10","21","17:00"," ","6,10","","2,70","","79,00","","6,00","","22,00","","","","101,14","","","","","","ND"
"2008-10-21 18:00","2008","10","21","18:00"," ","4,40","","2,50","","87,00","","5,00","","17,00","","","","101,24","","","","","","ND"
"2008-10-21 19:00","2008","10","21","19:00"," ","3,30","","2,10","","92,00","","3,00","","15,00","","","","101,31","","","","","","ND"
"2008-10-21 20:00","2008","10","21","20:00"," ","2,60","","1,50","","92,00","","3,00","","17,00","","","","101,36","","","","","","ND"
"2008-10-21 21:00","2008","10","21","21:00"," ","1,30","","0,60","","95,00","","1,00","","9,00","","","","101,42","","","","","","ND"
"2008-10-21 22:00","2008","10","21","22:00"," ","1,40","","0,90","","96,00","","1,00","","11,00","","","","101,42","","","","","","ND"
"2008-10-21 23:00","2008","10","21","23:00"," ","2,60","","2,10","","96,00","","2,00","","13,00","","","","101,46","","","","","","ND"
"2008-10-22 00:00","2008","10","22","00:00"," ","3,70","","2,70","","93,00","","5,00","","24,00","","","","101,50","","","","","","ND"
"2008-10-22 01:00","2008","10","22","01:00"," ","3,40","","2,50","","94,00","","5,00","","24,00","","","","101,56","","","","","","ND"
"2008-10-22 02:00","2008","10","22","02:00"," ","2,90","","2,00","","94,00","","4,00","","20,00","","","","101,63","","","","","","ND"
"2008-10-22 03:00","2008","10","22","03:00"," ","1,90","","1,30","","96,00","","3,00","","19,00","","","","101,68","","","","","","ND"
"2008-10-22 04:00","2008","10","22","04:00"," ","1,40","","0,80","","96,00","","3,00","","19,00","","","","101,76","","","","","","ND"
"2008-10-22 05:00","2008","10","22","05:00"," ","1,40","","0,80","","96,00","","3,00","","20,00","","","","101,86","","","","","","ND"
"2008-10-22 06:00","2008","10","22","06:00"," ","1,10","","0,30","","94,00","","3,00","","22,00","","","","101,93","","","","","","ND"
"2008-10-22 07:00","2008","10","22","07:00"," ","1,00","","0,30","","95,00","","4,00","","22,00","","","","102,04","","","","","","ND"
"2008-10-22 08:00","2008","10","22","08:00"," ","0,80","","0,10","","95,00","","3,00","","20,00","","","","102,12","","","","","","ND"
"2008-10-22 09:00","2008","10","22","09:00"," ","1,10","","0,20","","94,00","","3,00","","22,00","","","","102,23","","","","","","ND"
"2008-10-22 10:00","2008","10","22","10:00"," ","1,70","","0,40","","91,00","","3,00","","22,00","","","","102,34","","","","","","ND"
"2008-10-22 11:00","2008","10","22","11:00"," ","2,10","","0,10","","87,00","","3,00","","26,00","","","","102,40","","","","","","ND"
"2008-10-22 12:00","2008","10","22","12:00"," ","2,40","","0,60","","88,00","","3,00","","20,00","","","","102,40","","","","","","ND"
"2008-10-22 13:00","2008","10","22","13:00"," ","1,90","","-0,20","","86,00","","2,00","","19,00","","","","102,43","","","","","","ND"
"2008-10-22 14:00","2008","10","22","14:00"," ","1,80","","-0,80","","83,00","","2,00","","22,00","","","","102,47","","","","","","ND"
"2008-10-22 15:00","2008","10","22","15:00"," ","1,60","","-1,10","","82,00","","2,00","","20,00","","","","102,54","","","","","","ND"
"2008-10-22 16:00","2008","10","22","16:00"," ","1,30","","-1,70","","80,00","","2,00","","17,00","","","","102,59","","","","","","ND"
"2008-10-22 17:00","2008","10","22","17:00"," ","0,90","","-2,60","","77,00","","2,00","","17,00","","","","102,63","","","","","","ND"
"2008-10-22 18:00","2008","10","22","18:00"," ","0,70","","-3,20","","75,00","","1,00","","17,00","","","","102,71","","","","","","ND"
"2008-10-22 19:00","2008","10","22","19:00"," ","0,40","","-3,80","","73,00","","36,00","","15,00","","","","102,75","","","","","","ND"
"2008-10-22 20:00","2008","10","22","20:00"," ","0,30","","-4,10","","72,00","","36,00","","15,00","","","","102,84","","","","","","ND"
"2008-10-22 21:00","2008","10","22","21:00"," ","0,20","","-4,40","","71,00","","36,00","","11,00","","","","102,89","","","","","","ND"
"2008-10-22 22:00","2008","10","22","22:00"," ","0,00","","-5,00","","69,00","","35,00","","13,00","","","","102,91","","","","-4,00","","ND"
"2008-10-22 23:00","2008","10","22","23:00"," ","-0,20","","-5,10","","69,00","","35,00","","13,00","","","","102,93","","","","-4,00","","ND"
"2008-10-23 00:00","2008","10","23","00:00"," ","-0,40","","-5,20","","70,00","","35,00","","13,00","","","","102,92","","","","-5,00","","ND"
"2008-10-23 01:00","2008","10","23","01:00"," ","-0,80","","-5,50","","70,00","","35,00","","13,00","","","","102,94","","","","-5,00","","ND"
"2008-10-23 02:00","2008","10","23","02:00"," ","-1,80","","-5,30","","77,00","","34,00","","9,00","","","","102,97","","","","-5,00","","ND"
"2008-10-23 03:00","2008","10","23","03:00"," ","-2,70","","-5,60","","80,00","","34,00","","13,00","","","","102,94","","","","-7,00","","ND"
"2008-10-23 04:00","2008","10","23","04:00"," ","-3,00","","-6,00","","80,00","","34,00","","9,00","","","","102,97","","","","-7,00","","ND"
"2008-10-23 05:00","2008","10","23","05:00"," ","-3,20","","-6,50","","78,00","","34,00","","11,00","","","","102,95","","","","-7,00","","ND"
"2008-10-23 06:00","2008","10","23","06:00"," ","-3,60","","-7,30","","75,00","","32,00","","9,00","","","","102,93","","","","-7,00","","ND"
"2008-10-23 07:00","2008","10","23","07:00"," ","-3,70","","-7,70","","74,00","","31,00","","11,00","","","","102,97","","","","-8,00","","ND"
"2008-10-23 08:00","2008","10","23","08:00"," ","-2,60","","-7,50","","69,00","","32,00","","11,00","","","","103,02","","","","-7,00","","ND"
"2008-10-23 09:00","2008","10","23","09:00"," ","-0,50","","-6,90","","62,00","","33,00","","9,00","","","","103,04","","","","-4,00","","ND"
"2008-10-23 10:00","2008","10","23","10:00"," ","1,40","","-6,50","","56,00","","34,00","","9,00","","","","103,00","","","","","","ND"
"2008-10-23 11:00","2008","10","23","11:00"," ","3,60","","-6,30","","48,00","","31,00","","7,00","","","","102,96","","","","","","ND"
"2008-10-23 12:00","2008","10","23","12:00"," ","5,10","","-7,00","","41,00","","32,00","","9,00","","","","102,87","","","","","","ND"
"2008-10-23 13:00","2008","10","23","13:00"," ","6,30","","-6,80","","39,00","","30,00","","13,00","","","","102,77","","","","","","ND"
"2008-10-23 14:00","2008","10","23","14:00"," ","7,00","","-5,80","","40,00","","31,00","","13,00","","","","102,71","","","","","","ND"
"2008-10-23 15:00","2008","10","23","15:00"," ","7,40","","-5,30","","40,00","","31,00","","13,00","","","","102,66","","","","","","ND"
"2008-10-23 16:00","2008","10","23","16:00"," ","7,20","","-4,90","","42,00","","30,00","","11,00","","","","102,61","","","","","","ND"
"2008-10-23 17:00","2008","10","23","17:00"," ","6,10","","-4,10","","48,00","","31,00","","6,00","","","","102,58","","","","","","ND"
"2008-10-23 18:00","2008","10","23","18:00"," ","3,80","","-4,10","","56,00","","28,00","","7,00","","","","102,55","","","","","","ND"
"2008-10-23 19:00","2008","10","23","19:00"," ","2,80","","-4,40","","59,00","","27,00","","11,00","","","","102,57","","","","","","ND"
"2008-10-23 20:00","2008","10","23","20:00"," ","1,40","","-4,70","","64,00","","27,00","","9,00","","","","102,52","","","","","","ND"
"2008-10-23 21:00","2008","10","23","21:00"," ","0,60","","-4,50","","69,00","","26,00","","9,00","","","","102,49","","","","","","ND"
"2008-10-23 22:00","2008","10","23","22:00"," ","-0,10","","-4,60","","72,00","","26,00","","7,00","","","","102,45","","","","-3,00","","ND"
"2008-10-23 23:00","2008","10","23","23:00"," ","-1,60","","-4,80","","79,00","","21,00","","2,00","","","","102,38","","","","-2,00","","ND"
"2008-10-24 00:00","2008","10","24","00:00"," ","-0,20","","-4,60","","72,00","","26,00","","6,00","","","","102,32","","","","-2,00","","ND"
"2008-10-24 01:00","2008","10","24","01:00"," ","-0,40","","-4,70","","73,00","","27,00","","6,00","","","","102,34","","","","-2,00","","ND"
"2008-10-24 02:00","2008","10","24","02:00"," ","0,60","","-4,60","","68,00","","25,00","","7,00","","","","102,28","","","","","","ND"
"2008-10-24 03:00","2008","10","24","03:00"," ","1,30","","-4,50","","65,00","","25,00","","9,00","","","","102,24","","","","","","ND"
"2008-10-24 04:00","2008","10","24","04:00"," ","0,70","","-4,30","","69,00","","23,00","","7,00","","","","102,27","","","","","","ND"
"2008-10-24 05:00","2008","10","24","05:00"," ","0,60","","-4,40","","69,00","","25,00","","13,00","","","","102,24","","","","","","ND"
"2008-10-24 06:00","2008","10","24","06:00"," ","1,50","","-5,00","","62,00","","26,00","","11,00","","","","102,22","","","","","","ND"
"2008-10-24 07:00","2008","10","24","07:00"," ","1,30","","-4,70","","64,00","","27,00","","9,00","","","","102,26","","","","","","ND"
"2008-10-24 08:00","2008","10","24","08:00"," ","2,70","","-5,10","","56,00","","27,00","","6,00","","","","102,28","","","","","","ND"
"2008-10-24 09:00","2008","10","24","09:00"," ","5,70","","-4,00","","50,00","","28,00","","9,00","","","","102,28","","","","","","ND"
"2008-10-24 10:00","2008","10","24","10:00"," ","8,00","","-5,80","","37,00","","28,00","","13,00","","","","102,27","","","","","","ND"
"2008-10-24 11:00","2008","10","24","11:00"," ","9,90","","-4,80","","35,00","","30,00","","13,00","","","","102,21","","","","","","ND"
"2008-10-24 12:00","2008","10","24","12:00"," ","10,90","","-5,90","","30,00","","29,00","","13,00","","","","102,14","","","","","","ND"
"2008-10-24 13:00","2008","10","24","13:00"," ","12,10","","-9,60","","21,00","","29,00","","15,00","","","","102,08","","","","","","ND"
"2008-10-24 14:00","2008","10","24","14:00"," ","12,40","","-10,10","","20,00","","31,00","","13,00","","","","102,02","","","","","","ND"
"2008-10-24 15:00","2008","10","24","15:00"," ","12,60","","-8,70","","22,00","","29,00","","11,00","","","","102,01","","","","","","ND"
"2008-10-24 16:00","2008","10","24","16:00"," ","12,50","","-7,40","","24,00","","28,00","","11,00","","","","101,99","","","","","","ND"
"2008-10-24 17:00","2008","10","24","17:00"," ","10,90","","-5,70","","31,00","","29,00","","6,00","","","","102,03","","","","","","ND"
"2008-10-24 18:00","2008","10","24","18:00"," ","5,60","","-1,60","","60,00","","27,00","","6,00","","","","102,07","","","","","","ND"
"2008-10-24 19:00","2008","10","24","19:00"," ","5,20","","-1,70","","61,00","","27,00","","4,00","","","","102,10","","","","","","ND"
"2008-10-24 20:00","2008","10","24","20:00"," ","2,70","","-2,80","","67,00","","26,00","","4,00","","","","102,11","","","","","","ND"
"2008-10-24 21:00","2008","10","24","21:00"," ","4,10","","-2,70","","61,00","","27,00","","11,00","","","","102,15","","","","","","ND"
"2008-10-24 22:00","2008","10","24","22:00"," ","3,40","","-3,10","","62,00","","27,00","","9,00","","","","102,19","","","","","","ND"
"2008-10-24 23:00","2008","10","24","23:00"," ","1,30","","-3,50","","70,00","","21,00","","2,00","","","","102,20","","","","","","ND"
"2008-10-25 00:00","2008","10","25","00:00"," ","-1,30","","-4,20","","81,00","","0,00","","0,00","","","","102,21","","","","","","ND"
"2008-10-25 01:00","2008","10","25","01:00"," ","-1,00","","-4,00","","80,00","","27,00","","4,00","","","","102,19","","","","-2,00","","ND"
"2008-10-25 02:00","2008","10","25","02:00"," ","-2,00","","-3,80","","87,00","","30,00","","2,00","","","","102,17","","","","-3,00","","ND"
"2008-10-25 03:00","2008","10","25","03:00"," ","-2,70","","-4,50","","87,00","","0,00","","0,00","","","","102,13","","","","","","ND"
"2008-10-25 04:00","2008","10","25","04:00"," ","-2,80","","-4,20","","90,00","","30,00","","4,00","","","","102,11","","","","-4,00","","ND"
"2008-10-25 05:00","2008","10","25","05:00"," ","-1,60","","-4,20","","82,00","","26,00","","9,00","","","","102,14","","","","-5,00","","ND"
"2008-10-25 06:00","2008","10","25","06:00"," ","-1,60","","-4,60","","80,00","","25,00","","6,00","","","","102,13","","","","-4,00","","ND"
"2008-10-25 07:00","2008","10","25","07:00"," ","-1,30","","-4,60","","78,00","","26,00","","6,00","","","","102,17","","","","-4,00","","ND"
"2008-10-25 08:00","2008","10","25","08:00"," ","-1,10","","-4,10","","80,00","","28,00","","4,00","","","","102,20","","","","-2,00","","ND"
"2008-10-25 09:00","2008","10","25","09:00"," ","1,80","","-3,30","","69,00","","27,00","","6,00","","","","102,18","","","","","","ND"
"2008-10-25 10:00","2008","10","25","10:00"," ","7,30","","-2,50","","50,00","","24,00","","11,00","","","","102,17","","","","","","ND"
"2008-10-25 11:00","2008","10","25","11:00"," ","8,70","","-1,90","","47,00","","25,00","","9,00","","","","102,14","","","","","","ND"
"2008-10-25 12:00","2008","10","25","12:00"," ","10,40","","-1,50","","43,00","","22,00","","13,00","","","","102,09","","","","","","ND"
"2008-10-25 13:00","2008","10","25","13:00"," ","13,20","","-1,90","","35,00","","23,00","","17,00","","","","102,03","","","","","","ND"
"2008-10-25 14:00","2008","10","25","14:00"," ","14,00","","-2,40","","32,00","","22,00","","19,00","","","","101,98","","","","","","ND"
"2008-10-25 15:00","2008","10","25","15:00"," ","13,80","","-0,60","","37,00","","21,00","","15,00","","","","101,94","","","","","","ND"
"2008-10-25 16:00","2008","10","25","16:00"," ","13,20","","-0,20","","40,00","","20,00","","13,00","","","","101,92","","","","","","ND"
"2008-10-25 17:00","2008","10","25","17:00"," ","11,40","","0,80","","48,00","","20,00","","11,00","","","","101,88","","","","","","ND"
"2008-10-25 18:00","2008","10","25","18:00"," ","8,80","","1,20","","59,00","","18,00","","7,00","","","","101,93","","","","","","ND"
"2008-10-25 19:00","2008","10","25","19:00"," ","6,60","","0,80","","66,00","","11,00","","6,00","","","","101,90","","","","","","ND"
"2008-10-25 20:00","2008","10","25","20:00"," ","7,60","","2,30","","69,00","","18,00","","11,00","","","","101,92","","","","","","ND"
"2008-10-25 21:00","2008","10","25","21:00"," ","8,00","","2,80","","70,00","","19,00","","13,00","","","","101,89","","","","","","ND"
"2008-10-25 22:00","2008","10","25","22:00"," ","6,80","","1,30","","68,00","","16,00","","9,00","","","","101,87","","","","","","ND"
"2008-10-25 23:00","2008","10","25","23:00"," ","5,00","","0,90","","75,00","","16,00","","4,00","","","","101,84","","","","","","ND"
"2008-10-26 00:00","2008","10","26","00:00"," ","4,30","","1,40","","81,00","","17,00","","6,00","","","","101,76","","","","","","ND"
"2008-10-26 01:00","2008","10","26","01:00"," ","2,50","","0,60","","87,00","","13,00","","4,00","","","","101,71","","","","","","ND"
"2008-10-26 02:00","2008","10","26","02:00"," ","3,30","","1,60","","89,00","","11,00","","6,00","","","","101,65","","","","","","ND"
"2008-10-26 03:00","2008","10","26","03:00"," ","4,10","","2,30","","88,00","","8,00","","7,00","","","","101,62","","","","","","ND"
"2008-10-26 04:00","2008","10","26","04:00"," ","5,10","","1,70","","79,00","","9,00","","7,00","","","","101,61","","","","","","ND"
"2008-10-26 05:00","2008","10","26","05:00"," ","6,90","","2,10","","71,00","","14,00","","6,00","","","","101,60","","","","","","ND"
"2008-10-26 06:00","2008","10","26","06:00"," ","6,80","","2,50","","74,00","","13,00","","9,00","","","","101,51","","","","","","ND"
"2008-10-26 07:00","2008","10","26","07:00"," ","8,00","","3,60","","74,00","","15,00","","15,00","","","","101,49","","","","","","ND"
"2008-10-26 08:00","2008","10","26","08:00"," ","9,50","","3,20","","65,00","","15,00","","22,00","","","","101,44","","","","","","ND"
"2008-10-26 09:00","2008","10","26","09:00"," ","10,80","","4,30","","64,00","","16,00","","22,00","","","","101,39","","","","","","ND"
"2008-10-26 10:00","2008","10","26","10:00"," ","11,50","","5,10","","65,00","","15,00","","19,00","","","","101,33","","","","","","ND"
"2008-10-26 11:00","2008","10","26","11:00"," ","13,30","","6,60","","64,00","","15,00","","24,00","","","","101,18","","","","","","ND"
"2008-10-26 12:00","2008","10","26","12:00"," ","15,20","","8,40","","64,00","","16,00","","24,00","","","","101,07","","","","","","ND"
"2008-10-26 13:00","2008","10","26","13:00"," ","15,60","","8,90","","64,00","","15,00","","26,00","","","","100,87","","","","","","ND"
"2008-10-26 14:00","2008","10","26","14:00"," ","15,60","","9,50","","67,00","","16,00","","15,00","","","","100,91","","","","","","ND"
"2008-10-26 15:00","2008","10","26","15:00"," ","15,60","","9,60","","67,00","","15,00","","22,00","","","","100,84","","","","","","ND"
"2008-10-26 16:00","2008","10","26","16:00"," ","15,60","","9,90","","69,00","","16,00","","17,00","","","","100,84","","","","","","ND"
"2008-10-26 17:00","2008","10","26","17:00"," ","15,50","","9,30","","67,00","","17,00","","22,00","","","","100,83","","","","","","ND"
"2008-10-26 18:00","2008","10","26","18:00"," ","14,80","","8,80","","67,00","","16,00","","24,00","","","","100,83","","","","","","ND"
"2008-10-26 19:00","2008","10","26","19:00"," ","14,50","","8,50","","67,00","","16,00","","20,00","","","","100,79","","","","","","ND"
"2008-10-26 20:00","2008","10","26","20:00"," ","13,00","","9,90","","81,00","","14,00","","24,00","","","","100,74","","","","","","ND"
"2008-10-26 21:00","2008","10","26","21:00"," ","12,30","","10,90","","91,00","","15,00","","22,00","","","","100,73","","","","","","ND"
"2008-10-26 22:00","2008","10","26","22:00"," ","12,70","","11,30","","91,00","","15,00","","19,00","","","","100,66","","","","","","ND"
"2008-10-26 23:00","2008","10","26","23:00"," ","12,90","","11,50","","91,00","","15,00","","20,00","","","","100,64","","","","","","ND"
"2008-10-27 00:00","2008","10","27","00:00"," ","12,90","","11,80","","93,00","","15,00","","19,00","","","","100,64","","","","","","ND"
"2008-10-27 01:00","2008","10","27","01:00"," ","13,10","","12,10","","94,00","","16,00","","17,00","","","","100,64","","","","","","ND"
"2008-10-27 02:00","2008","10","27","02:00"," ","13,40","","12,50","","94,00","","16,00","","17,00","","","","100,63","","","","","","ND"
"2008-10-27 03:00","2008","10","27","03:00"," ","13,50","","12,70","","95,00","","17,00","","15,00","","","","100,66","","","","","","ND"
"2008-10-27 04:00","2008","10","27","04:00"," ","13,60","","13,00","","96,00","","18,00","","13,00","","","","100,71","","","","","","ND"
"2008-10-27 05:00","2008","10","27","05:00"," ","13,80","","13,10","","96,00","","21,00","","13,00","","","","100,78","","","","","","ND"
"2008-10-27 06:00","2008","10","27","06:00"," ","13,00","","12,00","","94,00","","21,00","","9,00","","","","100,86","","","","","","ND"
"2008-10-27 07:00","2008","10","27","07:00"," ","11,80","","11,00","","95,00","","21,00","","9,00","","","","100,96","","","","","","ND"
"2008-10-27 08:00","2008","10","27","08:00"," ","12,80","","11,50","","92,00","","24,00","","7,00","","","","101,08","","","","","","ND"
"2008-10-27 09:00","2008","10","27","09:00"," ","12,90","","11,00","","88,00","","21,00","","11,00","","","","101,16","","","","","","ND"
"2008-10-27 10:00","2008","10","27","10:00"," ","13,10","","10,60","","85,00","","23,00","","11,00","","","","101,21","","","","","","ND"
"2008-10-27 11:00","2008","10","27","11:00"," ","13,90","","11,10","","83,00","","26,00","","11,00","","","","101,26","","","","","","ND"
"2008-10-27 12:00","2008","10","27","12:00"," ","13,00","","10,10","","83,00","","27,00","","7,00","","","","101,26","","","","","","ND"
"2008-10-27 13:00","2008","10","27","13:00"," ","14,70","","10,20","","74,00","","27,00","","4,00","","","","101,22","","","","","","ND"
"2008-10-27 14:00","2008","10","27","14:00"," ","16,40","","9,70","","65,00","","29,00","","6,00","","","","101,20","","","","","","ND"
"2008-10-27 15:00","2008","10","27","15:00"," ","16,00","","10,00","","68,00","","32,00","","6,00","","","","101,19","","","","","","ND"
"2008-10-27 16:00","2008","10","27","16:00"," ","16,80","","9,80","","63,00","","34,00","","2,00","","","","101,21","","","","","","ND"
"2008-10-27 17:00","2008","10","27","17:00"," ","13,90","","9,40","","74,00","","3,00","","6,00","","","","101,21","","","","","","ND"
"2008-10-27 18:00","2008","10","27","18:00"," ","10,80","","9,10","","89,00","","4,00","","7,00","","","","101,23","","","","","","ND"
"2008-10-27 19:00","2008","10","27","19:00"," ","10,30","","9,40","","94,00","","4,00","","9,00","","","","101,23","","","","","","ND"
"2008-10-27 20:00","2008","10","27","20:00"," ","10,80","","10,20","","96,00","","3,00","","9,00","","","","101,21","","","","","","ND"
"2008-10-27 21:00","2008","10","27","21:00"," ","11,10","","10,60","","97,00","","8,00","","9,00","","","","101,17","","","","","","ND"
"2008-10-27 22:00","2008","10","27","22:00"," ","11,40","","11,00","","97,00","","5,00","","9,00","","","","101,19","","","","","","ND"
"2008-10-27 23:00","2008","10","27","23:00"," ","11,70","","11,30","","97,00","","3,00","","11,00","","","","101,10","","","","","","ND"
"2008-10-28 00:00","2008","10","28","00:00"," ","11,60","","11,10","","97,00","","2,00","","11,00","","","","101,04","","","","","","ND"
"2008-10-28 01:00","2008","10","28","01:00"," ","10,60","","9,90","","95,00","","4,00","","11,00","","","","100,94","","","","","","ND"
"2008-10-28 02:00","2008","10","28","02:00"," ","11,00","","10,50","","97,00","","3,00","","6,00","","","","100,84","","","","","","ND"
"2008-10-28 03:00","2008","10","28","03:00"," ","11,30","","10,80","","97,00","","6,00","","19,00","","","","100,65","","","","","","ND"
"2008-10-28 04:00","2008","10","28","04:00"," ","11,40","","10,90","","97,00","","5,00","","20,00","","","","100,54","","","","","","ND"
"2008-10-28 05:00","2008","10","28","05:00"," ","11,70","","11,30","","97,00","","2,00","","11,00","","","","100,45","","","","","","ND"
"2008-10-28 06:00","2008","10","28","06:00"," ","14,10","","13,70","","97,00","","11,00","","17,00","","","","100,38","","","","","","ND"
"2008-10-28 07:00","2008","10","28","07:00"," ","13,70","","13,00","","96,00","","11,00","","15,00","","","","100,37","","","","","","ND"
"2008-10-28 08:00","2008","10","28","08:00"," ","13,60","","12,80","","95,00","","12,00","","19,00","","","","100,34","","","","","","ND"
"2008-10-28 09:00","2008","10","28","09:00"," ","","","","","","","","","","","","","","","","","","",""
"2008-10-28 10:00","2008","10","28","10:00"," ","","","","","","","","","","","","","","","","","","",""
"2008-10-28 11:00","2008","10","28","11:00"," ","13,20","","12,30","","94,00","","12,00","","22,00","","","","100,15","","","","","","ND"
"2008-10-28 12:00","2008","10","28","12:00"," ","12,80","","12,10","","96,00","","11,00","","19,00","","","","100,05","","","","","","ND"
"2008-10-28 13:00","2008","10","28","13:00"," ","12,40","","11,90","","97,00","","10,00","","24,00","","","","99,92","","","","","","ND"
"2008-10-28 14:00","2008","10","28","14:00"," ","12,80","","12,30","","97,00","","11,00","","22,00","","","","99,80","","","","","","ND"
"2008-10-28 15:00","2008","10","28","15:00"," ","13,30","","12,80","","97,00","","11,00","","20,00","","","","99,72","","","","","","ND"
"2008-10-28 16:00","2008","10","28","16:00"," ","14,10","","13,40","","96,00","","12,00","","22,00","","","","99,61","","","","","","ND"
"2008-10-28 17:00","2008","10","28","17:00"," ","13,50","","12,90","","96,00","","10,00","","24,00","","","","99,50","","","","","","ND"
"2008-10-28 18:00","2008","10","28","18:00"," ","13,50","","13,00","","97,00","","10,00","","22,00","","","","99,36","","","","","","ND"
"2008-10-28 19:00","2008","10","28","19:00"," ","14,10","","13,60","","97,00","","12,00","","24,00","","","","99,27","","","","","","ND"
"2008-10-28 20:00","2008","10","28","20:00"," ","15,10","","14,50","","96,00","","13,00","","19,00","","","","99,27","","","","","","ND"
"2008-10-28 21:00","2008","10","28","21:00"," ","15,40","","14,90","","97,00","","11,00","","17,00","","","","99,21","","","","","","ND"
"2008-10-28 22:00","2008","10","28","22:00"," ","14,00","","12,90","","93,00","","20,00","","19,00","","","","99,29","","","","","","ND"
"2008-10-28 23:00","2008","10","28","23:00"," ","12,70","","11,50","","92,00","","19,00","","22,00","","","","99,32","","","","","","ND"
"2008-10-29 00:00","2008","10","29","00:00"," ","12,10","","11,40","","95,00","","15,00","","9,00","","","","99,28","","","","","","ND"
"2008-10-29 01:00","2008","10","29","01:00"," ","12,10","","11,30","","95,00","","15,00","","9,00","","","","99,18","","","","","","ND"
"2008-10-29 02:00","2008","10","29","02:00"," ","12,10","","11,30","","95,00","","13,00","","19,00","","","","99,12","","","","","","ND"
"2008-10-29 03:00","2008","10","29","03:00"," ","11,90","","10,70","","92,00","","14,00","","17,00","","","","99,07","","","","","","ND"
"2008-10-29 04:00","2008","10","29","04:00"," ","11,10","","9,60","","90,00","","14,00","","20,00","","","","99,00","","","","","","ND"
"2008-10-29 05:00","2008","10","29","05:00"," ","10,40","","8,00","","85,00","","16,00","","20,00","","","","98,99","","","","","","ND"
"2008-10-29 06:00","2008","10","29","06:00"," ","10,00","","6,90","","81,00","","17,00","","22,00","","","","98,95","","","","","","ND"
"2008-10-29 07:00","2008","10","29","07:00"," ","9,80","","4,50","","70,00","","18,00","","32,00","","","","98,94","","","","","","ND"
"2008-10-29 08:00","2008","10","29","08:00"," ","9,10","","5,50","","78,00","","19,00","","33,00","","","","99,03","","","","","","ND"
"2008-10-29 09:00","2008","10","29","09:00"," ","9,00","","4,00","","71,00","","19,00","","32,00","","","","99,07","","","","","","ND"
"2008-10-29 10:00","2008","10","29","10:00"," ","8,50","","1,80","","63,00","","20,00","","37,00","","","","99,10","","","","","","ND"
"2008-10-29 11:00","2008","10","29","11:00"," ","8,50","","3,30","","70,00","","20,00","","37,00","","","","99,14","","","","","","ND"
"2008-10-29 12:00","2008","10","29","12:00"," ","9,10","","2,10","","62,00","","19,00","","32,00","","","","99,15","","","","","","ND"
"2008-10-29 13:00","2008","10","29","13:00"," ","8,10","","2,00","","65,00","","20,00","","28,00","","","","99,20","","","","","","ND"
"2008-10-29 14:00","2008","10","29","14:00"," ","7,70","","1,60","","65,00","","21,00","","37,00","","","","99,21","","","","","","ND"
"2008-10-29 15:00","2008","10","29","15:00"," ","7,20","","2,70","","73,00","","22,00","","26,00","","","","99,28","","","","","","ND"
"2008-10-29 16:00","2008","10","29","16:00"," ","5,90","","2,80","","80,00","","23,00","","28,00","","","","99,35","","","","","","ND"
"2008-10-29 17:00","2008","10","29","17:00"," ","6,10","","1,50","","72,00","","22,00","","19,00","","","","99,44","","","","","","ND"
"2008-10-29 18:00","2008","10","29","18:00"," ","5,80","","1,00","","71,00","","20,00","","15,00","","","","99,50","","","","","","ND"
"2008-10-29 19:00","2008","10","29","19:00"," ","5,40","","1,60","","76,00","","19,00","","7,00","","","","99,52","","","","","","ND"
"2008-10-29 20:00","2008","10","29","20:00"," ","5,50","","0,90","","72,00","","19,00","","11,00","","","","99,55","","","","","","ND"
"2008-10-29 21:00","2008","10","29","21:00"," ","5,20","","1,00","","74,00","","19,00","","15,00","","","","99,61","","","","","","ND"
"2008-10-29 22:00","2008","10","29","22:00"," ","4,90","","0,00","","71,00","","25,00","","15,00","","","","99,67","","","","","","ND"
"2008-10-29 23:00","2008","10","29","23:00"," ","3,80","","0,00","","76,00","","22,00","","17,00","","","","99,72","","","","","","ND"
"2008-10-30 00:00","2008","10","30","00:00"," ","3,60","","-1,30","","70,00","","22,00","","19,00","","","","99,79","","","","","","ND"
"2008-10-30 01:00","2008","10","30","01:00"," ","3,10","","-1,60","","71,00","","20,00","","19,00","","","","99,83","","","","","","ND"
"2008-10-30 02:00","2008","10","30","02:00"," ","2,50","","-3,10","","67,00","","21,00","","20,00","","","","99,91","","","","","","ND"
"2008-10-30 03:00","2008","10","30","03:00"," ","2,40","","-3,50","","65,00","","22,00","","28,00","","","","99,99","","","","","","ND"
"2008-10-30 04:00","2008","10","30","04:00"," ","1,60","","-3,00","","71,00","","22,00","","20,00","","","","100,08","","","","","","ND"
"2008-10-30 05:00","2008","10","30","05:00"," ","1,00","","-3,00","","75,00","","21,00","","22,00","","","","100,20","","","","","","ND"
"2008-10-30 06:00","2008","10","30","06:00"," ","0,90","","-2,50","","78,00","","21,00","","22,00","","","","100,35","","","","","","ND"
"2008-10-30 07:00","2008","10","30","07:00"," ","1,80","","-2,10","","75,00","","22,00","","28,00","","","","100,50","","","","","","ND"
"2008-10-30 08:00","2008","10","30","08:00"," ","2,30","","-1,70","","75,00","","23,00","","24,00","","","","100,67","","","","","","ND"
"2008-10-30 09:00","2008","10","30","09:00"," ","3,00","","-1,60","","72,00","","23,00","","24,00","","","","100,81","","","","","","ND"
"2008-10-30 10:00","2008","10","30","10:00"," ","4,10","","-1,10","","69,00","","24,00","","19,00","","","","100,91","","","","","","ND"
"2008-10-30 11:00","2008","10","30","11:00"," ","5,10","","-1,60","","62,00","","26,00","","19,00","","","","100,98","","","","","","ND"
"2008-10-30 12:00","2008","10","30","12:00"," ","6,10","","-2,80","","53,00","","26,00","","20,00","","","","101,10","","","","","","ND"
"2008-10-30 13:00","2008","10","30","13:00"," ","6,40","","-2,30","","54,00","","26,00","","15,00","","","","101,20","","","","","","ND"
"2008-10-30 14:00","2008","10","30","14:00"," ","5,70","","-2,10","","57,00","","29,00","","19,00","","","","101,32","","","","","","ND"
"2008-10-30 15:00","2008","10","30","15:00"," ","5,60","","-2,60","","56,00","","27,00","","15,00","","","","101,43","","","","","","ND"
"2008-10-30 16:00","2008","10","30","16:00"," ","5,20","","-1,40","","62,00","","25,00","","11,00","","","","101,50","","","","","","ND"
"2008-10-30 17:00","2008","10","30","17:00"," ","5,10","","-1,90","","61,00","","27,00","","11,00","","","","101,61","","","","","","ND"
"2008-10-30 18:00","2008","10","30","18:00"," ","4,70","","-1,50","","64,00","","28,00","","7,00","","","","101,76","","","","","","ND"
"2008-10-30 19:00","2008","10","30","19:00"," ","4,30","","-0,90","","69,00","","30,00","","7,00","","","","101,85","","","","","","ND"
"2008-10-30 20:00","2008","10","30","20:00"," ","4,00","","-1,10","","69,00","","31,00","","7,00","","","","101,90","","","","","","ND"
"2008-10-30 21:00","2008","10","30","21:00"," ","3,40","","-1,60","","70,00","","30,00","","7,00","","","","101,96","","","","","","ND"
"2008-10-30 22:00","2008","10","30","22:00"," ","2,60","","-1,10","","77,00","","30,00","","9,00","","","","101,97","","","","","","ND"
"2008-10-30 23:00","2008","10","30","23:00"," ","1,60","","-1,50","","80,00","","29,00","","6,00","","","","102,05","","","","","","ND"
"2008-10-31 00:00","2008","10","31","00:00"," ","0,80","","-1,60","","84,00","","29,00","","7,00","","","","102,02","","","","","","ND"
"2008-10-31 01:00","2008","10","31","01:00"," ","-0,70","","-1,80","","92,00","","27,00","","6,00","","","","102,04","","","","-3,00","","ND"
"2008-10-31 02:00","2008","10","31","02:00"," ","-1,30","","-2,10","","94,00","","26,00","","6,00","","","","102,11","","","","-4,00","","ND"
"2008-10-31 03:00","2008","10","31","03:00"," ","-0,10","","-1,80","","88,00","","26,00","","6,00","","","","102,07","","","","-2,00","","ND"
"2008-10-31 04:00","2008","10","31","04:00"," ","0,00","","-2,30","","84,00","","27,00","","7,00","","","","102,06","","","","-2,00","","ND"
"2008-10-31 05:00","2008","10","31","05:00"," ","0,10","","-2,50","","83,00","","26,00","","7,00","","","","102,08","","","","","","ND"
"2008-10-31 06:00","2008","10","31","06:00"," ","-0,10","","-2,80","","82,00","","28,00","","9,00","","","","102,09","","","","-3,00","","ND"
"2008-10-31 07:00","2008","10","31","07:00"," ","-0,30","","-3,00","","82,00","","28,00","","9,00","","","","102,07","","","","-3,00","","ND"
"2008-10-31 08:00","2008","10","31","08:00"," ","","","","","","","","","","","","","","","","","","",""
"2008-10-31 09:00","2008","10","31","09:00"," ","","","","","","","","","","","","","","","","","","",""
"2008-10-31 10:00","2008","10","31","10:00"," ","","","","","","","","","","","","","","","","","","",""
"2008-10-31 11:00","2008","10","31","11:00"," ","","","","","","","","","","","","","","","","","","",""
"2008-10-31 12:00","2008","10","31","12:00"," ","4,90","","-2,60","","58,00","","23,00","","9,00","","","","101,49","","","","","","ND"
"2008-10-31 13:00","2008","10","31","13:00"," ","6,40","","-2,80","","52,00","","23,00","","15,00","","","","101,34","","","","","","ND"
"2008-10-31 14:00","2008","10","31","14:00"," ","7,30","","-3,10","","48,00","","22,00","","17,00","","","","101,20","","","","","","ND"
"2008-10-31 15:00","2008","10","31","15:00"," ","8,20","","-2,20","","48,00","","21,00","","17,00","","","","101,07","","","","","","ND"
"2008-10-31 16:00","2008","10","31","16:00"," ","8,30","","-1,90","","49,00","","21,00","","13,00","","","","100,96","","","","","","ND"
"2008-10-31 17:00","2008","10","31","17:00"," ","6,30","","-1,10","","59,00","","20,00","","11,00","","","","100,87","","","","","","ND"
"2008-10-31 18:00","2008","10","31","18:00"," ","6,50","","-1,30","","57,00","","24,00","","11,00","","","","100,89","","","","","","ND"
"2008-10-31 19:00","2008","10","31","19:00"," ","5,60","","-1,10","","62,00","","24,00","","11,00","","","","100,87","","","","","","ND"
"2008-10-31 20:00","2008","10","31","20:00"," ","4,80","","-1,00","","66,00","","25,00","","11,00","","","","100,87","","","","","","ND"
"2008-10-31 21:00","2008","10","31","21:00"," ","4,70","","-0,80","","67,00","","24,00","","15,00","","","","100,82","","","","","","ND"
"2008-10-31 22:00","2008","10","31","22:00"," ","4,20","","-0,50","","71,00","","24,00","","9,00","","","","100,80","","","","","","ND"
"2008-10-31 23:00","2008","10","31","23:00"," ","4,80","","0,50","","74,00","","25,00","","9,00","","","","100,78","","","","","","ND"
